0 0.099975 -0.025
0.001 0.099925 -0.0499918
0.002 0.09985 -0.074969
0.003 0.0997501 -0.0999255
0.004 0.0996253 -0.124855
0.005 0.0994755 -0.149751
0.006 0.0993009 -0.174608
0.007 0.0991015 -0.19942
0.008 0.0988773 -0.224179
0.009 0.0986284 -0.24888
0.01 0.0983549 -0.273518
0.011 0.0980568 -0.298084
0.012 0.0977342 -0.322575
0.013 0.0973873 -0.346982
0.014 0.097016 -0.371302
0.015 0.0966204 -0.395526
0.016 0.0962008 -0.419649
0.017 0.0957571 -0.443666
0.018 0.0952895 -0.46757
0.019 0.0947982 -0.491355
0.02 0.0942832 -0.515015
0.021 0.0937446 -0.538545
0.022 0.0931827 -0.561938
0.023 0.0925975 -0.585188
0.024 0.0919892 -0.608291
0.025 0.091358 -0.63124
0.026 0.0907039 -0.654029
0.027 0.0900273 -0.676652
0.028 0.0893282 -0.699105
0.029 0.0886068 -0.721381
0.03 0.0878633 -0.743475
0.031 0.087098 -0.765381
0.032 0.0863109 -0.787095
0.033 0.0855023 -0.808609
0.034 0.0846723 -0.82992
0.035 0.0838213 -0.851022
0.036 0.0829494 -0.871909
0.037 0.0820568 -0.892577
0.038 0.0811438 -0.91302
0.039 0.0802106 -0.933232
0.04 0.0792574 -0.95321
0.041 0.0782844 -0.972949
0.042 0.077292 -0.992442
0.043 0.0762803 -1.01169
0.044 0.0752496 -1.03067
0.045 0.0742002 -1.0494
0.046 0.0731323 -1.06787
0.047 0.0720463 -1.08607
0.048 0.0709423 -1.10399
0.049 0.0698206 -1.12164
0.05 0.0686816 -1.13901
0.051 0.0675255 -1.15608
0.052 0.0663527 -1.17287
0.053 0.0651633 -1.18937
0.054 0.0639577 -1.20556
0.055 0.0627363 -1.22146
0.056 0.0614992 -1.23704
0.057 0.0602469 -1.25232
0.058 0.0589796 -1.26728
0.059 0.0576977 -1.28192
0.06 0.0564015 -1.29625
0.061 0.0550912 -1.31024
0.062 0.0537673 -1.32391
0.063 0.0524301 -1.33725
0.064 0.0510798 -1.35025
0.065 0.0497169 -1.36291
0.066 0.0483417 -1.37523
0.067 0.0469545 -1.3872
0.068 0.0455556 -1.39883
0.069 0.0441455 -1.41011
0.07 0.0427245 -1.42103
0.071 0.0412929 -1.4316
0.072 0.0398511 -1.44181
0.073 0.0383994 -1.45166
0.074 0.0369383 -1.46114
0.075 0.035468 -1.47026
0.076 0.033989 -1.47901
0.077 0.0325016 -1.48739
0.078 0.0310063 -1.49539
0.079 0.0295032 -1.50302
0.08 0.027993 -1.51028
0.081 0.0264758 -1.51716
0.082 0.0249521 -1.52366
0.083 0.0234224 -1.52977
0.084 0.0218869 -1.5355
0.085 0.020346 -1.54085
0.086 0.0188002 -1.54582
0.087 0.0172498 -1.55039
0.088 0.0156952 -1.55458
0.089 0.0141368 -1.55838
0.09 0.012575 -1.56179
0.091 0.0110102 -1.56481
0.092 0.0094428 -1.56744
0.093 0.00787313 -1.56967
0.094 0.00630162 -1.57151
0.095 0.00472865 -1.57296
0.096 0.00315463 -1.57402
0.097 0.00157995 -1.57468
0.098 4.9969e-06 -1.57495
0.099 -0.00156983 -1.57483
0.1 -0.00314414 -1.57431
0.101 -0.00471754 -1.5734
0.102 -0.00628963 -1.57209
0.103 -0.00786002 -1.57039
0.104 -0.00942833 -1.5683
0.105 -0.0109941 -1.56582
0.106 -0.0125571 -1.56295
0.107 -0.0141168 -1.55968
0.108 -0.0156728 -1.55603
0.109 -0.0172248 -1.55199
0.11 -0.0187723 -1.54756
0.111 -0.0203151 -1.54274
0.112 -0.0218526 -1.53754
0.113 -0.0233846 -1.53195
0.114 -0.0249106 -1.52598
0.115 -0.0264302 -1.51963
0.116 -0.0279431 -1.5129
0.117 -0.0294489 -1.5058
0.118 -0.0309472 -1.49831
0.119 -0.0324376 -1.49046
0.12 -0.0339199 -1.48223
0.121 -0.0353935 -1.47363
0.122 -0.0368582 -1.46466
0.123 -0.0383135 -1.45533
0.124 -0.0397591 -1.44564
0.125 -0.0411947 -1.43558
0.126 -0.0426199 -1.42517
0.127 -0.0440343 -1.4144
0.128 -0.0454376 -1.40328
0.129 -0.0468294 -1.39181
0.13 -0.0482094 -1.37999
0.131 -0.0495772 -1.36782
0.132 -0.0509325 -1.35532
0.133 -0.052275 -1.34248
0.134 -0.0536043 -1.3293
0.135 -0.0549201 -1.31579
0.136 -0.056222 -1.30196
0.137 -0.0575098 -1.2878
0.138 -0.0587832 -1.27332
0.139 -0.0600417 -1.25852
0.14 -0.0612851 -1.24341
0.141 -0.0625131 -1.22799
0.142 -0.0637253 -1.21226
0.143 -0.0649216 -1.19624
0.144 -0.0661015 -1.17991
0.145 -0.0672648 -1.16329
0.146 -0.0684111 -1.14638
0.147 -0.0695403 -1.12919
0.148 -0.070652 -1.11171
0.149 -0.071746 -1.09396
0.15 -0.0728219 -1.07593
0.151 -0.0738796 -1.05764
0.152 -0.0749187 -1.03909
0.153 -0.0759389 -1.02028
0.154 -0.0769402 -1.00121
0.155 -0.077922 -0.981894
0.156 -0.0788844 -0.962335
0.157 -0.0798269 -0.942537
0.158 -0.0807494 -0.922504
0.159 -0.0816517 -0.902243
0.16 -0.0825334 -0.881758
0.161 -0.0833945 -0.861054
0.162 -0.0842346 -0.840137
0.163 -0.0850536 -0.819011
0.164 -0.0858513 -0.797682
0.165 -0.0866275 -0.776155
0.166 -0.0873819 -0.754436
0.167 -0.0881144 -0.732531
0.168 -0.0888249 -0.710443
0.169 -0.0895131 -0.68818
0.17 -0.0901788 -0.665747
0.171 -0.0908219 -0.643149
0.172 -0.0914423 -0.620392
0.173 -0.0920398 -0.597482
0.174 -0.0926142 -0.574424
0.175 -0.0931655 -0.551225
0.176 -0.0936934 -0.527889
0.177 -0.0941978 -0.504424
0.178 -0.0946786 -0.480834
0.179 -0.0951357 -0.457126
0.18 -0.0955691 -0.433305
0.181 -0.0959784 -0.409378
0.182 -0.0963638 -0.385351
0.183 -0.096725 -0.361229
0.184 -0.097062 -0.337019
0.185 -0.0973748 -0.312727
0.186 -0.0976631 -0.288358
0.187 -0.097927 -0.263919
0.188 -0.0981664 -0.239416
0.189 -0.0983813 -0.214855
0.19 -0.0985715 -0.190243
0.191 -0.0987371 -0.165585
0.192 -0.098878 -0.140887
0.193 -0.0989942 -0.116156
0.194 -0.0990856 -0.0913986
0.195 -0.0991522 -0.0666199
0.196 -0.099194 -0.0418265
0.197 -0.099211 -0.0170246
0.198 -0.0992033 0.0077795
0.199 -0.0991707 0.0325797
0.2 -0.0991133 0.0573698
0.201 -0.0990312 0.0821435
0.202 -0.0989243 0.106895
0.203 -0.0987927 0.131617
0.204 -0.0986364 0.156305
0.205 -0.0984554 0.180951
0.206 -0.0982499 0.205551
0.207 -0.0980198 0.230097
0.208 -0.0977652 0.254583
0.209 -0.0974862 0.279004
0.21 -0.0971828 0.303354
0.211 -0.0968552 0.327625
0.212 -0.0965034 0.351813
0.213 -0.0961275 0.37591
0.214 -0.0957276 0.399912
0.215 -0.0953037 0.423812
0.216 -0.0948561 0.447604
0.217 -0.0943849 0.471282
0.218 -0.09389 0.494841
0.219 -0.0933717 0.518274
0.22 -0.0928302 0.541575
0.221 -0.0922654 0.564739
0.222 -0.0916777 0.58776
0.223 -0.091067 0.610633
0.224 -0.0904337 0.633351
0.225 -0.0897778 0.655909
0.226 -0.0890995 0.678301
0.227 -0.088399 0.700521
0.228 -0.0876764 0.722565
0.229 -0.086932 0.744426
0.23 -0.0861659 0.7661
0.231 -0.0853783 0.78758
0.232 -0.0845694 0.808861
0.233 -0.0837395 0.829939
0.234 -0.0828887 0.850807
0.235 -0.0820172 0.871462
0.236 -0.0811253 0.891896
0.237 -0.0802132 0.912106
0.238 -0.0792811 0.932086
0.239 -0.0783293 0.951832
0.24 -0.077358 0.971338
0.241 -0.0763674 0.9906
0.242 -0.0753577 1.00961
0.243 -0.0743294 1.02837
0.244 -0.0732825 1.04687
0.245 -0.0722174 1.06511
0.246 -0.0711343 1.08308
0.247 -0.0700335 1.10077
0.248 -0.0689153 1.11819
0.249 -0.06778 1.13533
0.25 -0.0666278 1.15219
0.251 -0.0654591 1.16875
0.252 -0.064274 1.18502
0.253 -0.063073 1.201
0.254 -0.0618564 1.21667
0.255 -0.0606243 1.23204
0.256 -0.0593772 1.24709
0.257 -0.0581154 1.26184
0.258 -0.0568391 1.27627
0.259 -0.0555488 1.29037
0.26 -0.0542446 1.30416
0.261 -0.052927 1.31762
0.262 -0.0515962 1.33074
0.263 -0.0502527 1.34353
0.264 -0.0488967 1.35599
0.265 -0.0475286 1.36811
0.266 -0.0461487 1.37988
0.267 -0.0447574 1.39131
0.268 -0.0433551 1.40238
0.269 -0.0419419 1.41311
0.27 -0.0405185 1.42348
0.271 -0.039085 1.4335
0.272 -0.0376418 1.44315
0.273 -0.0361894 1.45245
0.274 -0.034728 1.46138
0.275 -0.033258 1.46995
0.276 -0.0317799 1.47814
0.277 -0.0302939 1.48597
0.278 -0.0288005 1.49342
0.279 -0.0273 1.5005
0.28 -0.0257928 1.50721
0.281 -0.0242792 1.51354
0.282 -0.0227598 1.51949
0.283 -0.0212347 1.52505
0.284 -0.0197045 1.53024
0.285 -0.0181694 1.53504
0.286 -0.01663 1.53946
0.287 -0.0150865 1.5435
0.288 -0.0135393 1.54715
0.289 -0.0119889 1.55041
0.29 -0.0104356 1.55328
0.291 -0.00887985 1.55577
0.292 -0.00732199 1.55786
0.293 -0.00576242 1.55957
0.294 -0.00420154 1.56088
0.295 -0.00263973 1.56181
0.296 -0.00107739 1.56234
0.297 0.000485097 1.56249
0.298 0.00204734 1.56224
0.299 0.00360894 1.5616
0.3 0.00516952 1.56058
0.301 0.00672868 1.55916
0.302 0.00828603 1.55735
0.303 0.00984119 1.55516
0.304 0.0113938 1.55257
0.305 0.0129434 1.5496
0.306 0.0144896 1.54624
0.307 0.0160321 1.54249
0.308 0.0175705 1.53836
0.309 0.0191043 1.53385
0.31 0.0206333 1.52895
0.311 0.0221569 1.52367
0.312 0.0236749 1.51801
0.313 0.0251869 1.51197
0.314 0.0266924 1.50555
0.315 0.0281912 1.49875
0.316 0.0296828 1.49159
0.317 0.0311668 1.48405
0.318 0.032643 1.47614
0.319 0.0341108 1.46786
0.32 0.03557 1.45921
0.321 0.0370202 1.4502
0.322 0.0384611 1.44083
0.323 0.0398922 1.4311
0.324 0.0413132 1.42101
0.325 0.0427238 1.41057
0.326 0.0441235 1.39978
0.327 0.0455122 1.38864
0.328 0.0468893 1.37715
0.329 0.0482546 1.36531
0.33 0.0496078 1.35314
0.331 0.0509484 1.34063
0.332 0.0522762 1.32779
0.333 0.0535908 1.31461
0.334 0.0548919 1.30111
0.335 0.0561792 1.28728
0.336 0.0574523 1.27313
0.337 0.058711 1.25867
0.338 0.0599549 1.24389
0.339 0.0611837 1.2288
0.34 0.0623971 1.21341
0.341 0.0635948 1.19771
0.342 0.0647765 1.18172
0.343 0.065942 1.16543
0.344 0.0670908 1.14885
0.345 0.0682228 1.13198
0.346 0.0693376 1.11484
0.347 0.070435 1.09742
0.348 0.0715148 1.07972
0.349 0.0725765 1.06175
0.35 0.07362 1.04352
0.351 0.0746451 1.02504
0.352 0.0756514 1.00629
0.353 0.0766387 0.987299
0.354 0.0776067 0.968061
0.355 0.0785553 0.948582
0.356 0.0794842 0.928867
0.357 0.0803931 0.908921
0.358 0.0812819 0.88875
0.359 0.0821502 0.868359
0.36 0.082998 0.847752
0.361 0.0838249 0.826935
0.362 0.0846308 0.805912
0.363 0.0854155 0.78469
0.364 0.0861788 0.763273
0.365 0.0869204 0.741668
0.366 0.0876403 0.719878
0.367 0.0883382 0.69791
0.368 0.089014 0.67577
0.369 0.0896675 0.653463
0.37 0.0902985 0.630993
0.371 0.0909068 0.608368
0.372 0.0914924 0.585593
0.373 0.0920551 0.562673
0.374 0.0925947 0.539614
0.375 0.0931111 0.516422
0.376 0.0936042 0.493103
0.377 0.0940739 0.469663
0.378 0.09452 0.446107
0.379 0.0949424 0.422441
0.38 0.0953411 0.398672
0.381 0.0957159 0.374804
0.382 0.0960668 0.350845
0.383 0.0963936 0.326801
0.384 0.0966962 0.302676
0.385 0.0969747 0.278478
0.386 0.0972289 0.254212
0.387 0.0974588 0.229884
0.388 0.0976643 0.205501
0.389 0.0978454 0.181069
0.39 0.098002 0.156593
0.391 0.0981341 0.13208
0.392 0.0982416 0.107536
0.393 0.0983246 0.0829668
0.394 0.0983829 0.058379
0.395 0.0984167 0.0337786
0.396 0.0984259 0.00917176
0.397 0.0984105 -0.0154354
0.398 0.0983704 -0.0400368
0.399 0.0983058 -0.0646262
0.4 0.0982166 -0.0891975
0.401 0.0981028 -0.113745
0.402 0.0979646 -0.138261
0.403 0.0978018 -0.162741
0.404 0.0976147 -0.187179
0.405 0.0974031 -0.211567
0.406 0.0971672 -0.235901
0.407 0.096907 -0.260174
0.408 0.0966226 -0.28438
0.409 0.0963141 -0.308513
0.41 0.0959816 -0.332567
0.411 0.095625 -0.356536
0.412 0.0952446 -0.380413
0.413 0.0948404 -0.404194
0.414 0.0944126 -0.427872
0.415 0.0939611 -0.451441
0.416 0.0934862 -0.474895
0.417 0.092988 -0.498228
0.418 0.0924666 -0.521436
0.419 0.091922 -0.544511
0.42 0.0913546 -0.567447
0.421 0.0907644 -0.590241
0.422 0.0901515 -0.612885
0.423 0.0895161 -0.635373
0.424 0.0888584 -0.657702
0.425 0.0881785 -0.679864
0.426 0.0874767 -0.701854
0.427 0.086753 -0.723667
0.428 0.0860077 -0.745297
0.429 0.085241 -0.76674
0.43 0.084453 -0.787988
0.431 0.0836439 -0.809039
0.432 0.0828141 -0.829885
0.433 0.0819635 -0.850522
0.434 0.0810926 -0.870945
0.435 0.0802014 -0.891148
0.436 0.0792903 -0.911127
0.437 0.0783594 -0.930877
0.438 0.077409 -0.950392
0.439 0.0764394 -0.969669
0.44 0.0754507 -0.988701
0.441 0.0744432 -1.00748
0.442 0.0734172 -1.02601
0.443 0.0723729 -1.04429
0.444 0.0713106 -1.0623
0.445 0.0702306 -1.08004
0.446 0.069133 -1.09751
0.447 0.0680183 -1.11471
0.448 0.0668867 -1.13162
0.449 0.0657385 -1.14825
0.45 0.0645739 -1.1646
0.451 0.0633932 -1.18065
0.452 0.0621968 -1.1964
0.453 0.060985 -1.21185
0.454 0.059758 -1.227
0.455 0.0585161 -1.24184
0.456 0.0572598 -1.25637
0.457 0.0559892 -1.27059
0.458 0.0547047 -1.28448
0.459 0.0534066 -1.29806
0.46 0.0520953 -1.3113
0.461 0.0507711 -1.32422
0.462 0.0494343 -1.33681
0.463 0.0480852 -1.34906
0.464 0.0467242 -1.36098
0.465 0.0453517 -1.37255
0.466 0.0439679 -1.38378
0.467 0.0425733 -1.39466
0.468 0.0411681 -1.40519
0.469 0.0397527 -1.41537
0.47 0.0383275 -1.42519
0.471 0.0368929 -1.43466
0.472 0.0354491 -1.44377
0.473 0.0339966 -1.45252
0.474 0.0325357 -1.4609
0.475 0.0310668 -1.46892
0.476 0.0295902 -1.47657
0.477 0.0281063 -1.48384
0.478 0.0266156 -1.49075
0.479 0.0251183 -1.49729
0.48 0.0236149 -1.50345
0.481 0.0221056 -1.50923
0.482 0.020591 -1.51464
0.483 0.0190713 -1.51966
0.484 0.017547 -1.52431
0.485 0.0160184 -1.52857
0.486 0.014486 -1.53246
0.487 0.01295 -1.53596
0.488 0.011411 -1.53907
0.489 0.00986916 -1.5418
0.49 0.00832502 -1.54414
0.491 0.00677892 -1.5461
0.492 0.00523125 -1.54767
0.493 0.00368239 -1.54886
0.494 0.00213274 -1.54965
0.495 0.000582675 -1.55006
0.496 -0.000967408 -1.55008
0.497 -0.00251713 -1.54972
0.498 -0.00406609 -1.54896
0.499 -0.00561391 -1.54782
0.5 -0.00716021 -1.5463
0.501 -0.00870459 -1.54438
0.502 -0.0102467 -1.54208
0.503 -0.0117861 -1.5394
0.504 -0.0133224 -1.53633
0.505 -0.0148553 -1.53288
0.506 -0.0163843 -1.52904
0.507 -0.0179091 -1.52482
0.508 -0.0194294 -1.52022
0.509 -0.0209446 -1.51524
0.51 -0.0224545 -1.50988
0.511 -0.0239586 -1.50415
0.512 -0.0254567 -1.49804
0.513 -0.0269482 -1.49156
0.514 -0.0284329 -1.4847
0.515 -0.0299104 -1.47747
0.516 -0.0313803 -1.46988
0.517 -0.0328422 -1.46191
0.518 -0.0342958 -1.45359
0.519 -0.0357407 -1.4449
0.52 -0.0371765 -1.43585
0.521 -0.038603 -1.42644
0.522 -0.0400196 -1.41667
0.523 -0.0414262 -1.40655
0.524 -0.0428223 -1.39608
0.525 -0.0442075 -1.38527
0.526 -0.0455816 -1.3741
0.527 -0.0469442 -1.3626
0.528 -0.048295 -1.35075
0.529 -0.0496336 -1.33857
0.53 -0.0509596 -1.32606
0.531 -0.0522728 -1.31321
0.532 -0.0535729 -1.30004
0.533 -0.0548594 -1.28654
0.534 -0.0561321 -1.27272
0.535 -0.0573907 -1.25859
0.536 -0.0586349 -1.24414
0.537 -0.0598643 -1.22938
0.538 -0.0610786 -1.21432
0.539 -0.0622775 -1.19895
0.54 -0.0634608 -1.18328
0.541 -0.0646281 -1.16733
0.542 -0.0657792 -1.15107
0.543 -0.0669137 -1.13454
0.544 -0.0680315 -1.11772
0.545 -0.0691321 -1.10062
0.546 -0.0702153 -1.08325
0.547 -0.0712809 -1.06561
0.548 -0.0723286 -1.0477
0.549 -0.0733582 -1.02954
0.55 -0.0743693 -1.01112
0.551 -0.0753617 -0.992443
0.552 -0.0763353 -0.973523
0.553 -0.0772896 -0.954362
0.554 -0.0782246 -0.934963
0.555 -0.0791399 -0.915332
0.556 -0.0800354 -0.895474
0.557 -0.0809108 -0.875393
0.558 -0.0817659 -0.855095
0.559 -0.0826005 -0.834586
0.56 -0.0834143 -0.813869
0.561 -0.0842073 -0.79295
0.562 -0.0849791 -0.771835
0.563 -0.0857297 -0.750528
0.564 -0.0864587 -0.729036
0.565 -0.0871661 -0.707363
0.566 -0.0878516 -0.685515
0.567 -0.0885151 -0.663497
0.568 -0.0891564 -0.641315
0.569 -0.0897754 -0.618975
0.57 -0.0903718 -0.596481
0.571 -0.0909457 -0.573841
0.572 -0.0914967 -0.551058
0.573 -0.0920249 -0.52814
0.574 -0.09253 -0.505092
0.575 -0.0930119 -0.481919
0.576 -0.0934705 -0.458627
0.577 -0.0939057 -0.435223
0.578 -0.0943174 -0.411712
0.579 -0.0947055 -0.388099
0.58 -0.0950699 -0.364392
0.581 -0.0954105 -0.340595
0.582 -0.0957272 -0.316715
0.583 -0.09602 -0.292758
0.584 -0.0962887 -0.26873
0.585 -0.0965334 -0.244636
0.586 -0.0967539 -0.220483
0.587 -0.0969501 -0.196277
0.588 -0.0971222 -0.172024
0.589 -0.0972699 -0.14773
0.59 -0.0973933 -0.1234
0.591 -0.0974923 -0.099042
0.592 -0.097567 -0.074661
0.593 -0.0976173 -0.0502633
0.594 -0.0976431 -0.025855
0.595 -0.0976445 -0.00144213
0.596 -0.0976216 0.0229691
0.597 -0.0975742 0.0473727
0.598 -0.0975024 0.0717624
0.599 -0.0974063 0.0961323
0.6 -0.0972858 0.120476
0.601 -0.097141 0.144788
0.602 -0.096972 0.169062
0.603 -0.0967787 0.193291
0.604 -0.0965612 0.21747
0.605 -0.0963196 0.241593
0.606 -0.096054 0.265654
0.607 -0.0957643 0.289646
0.608 -0.0954508 0.313564
0.609 -0.0951134 0.337402
0.61 -0.0947522 0.361153
0.611 -0.0943674 0.384812
0.612 -0.093959 0.408373
0.613 -0.0935272 0.43183
0.614 -0.093072 0.455178
0.615 -0.0925936 0.478409
0.616 -0.0920921 0.501519
0.617 -0.0915676 0.524502
0.618 -0.0910202 0.547352
0.619 -0.0904502 0.570063
0.62 -0.0898575 0.59263
0.621 -0.0892425 0.615047
0.622 -0.0886052 0.637309
0.623 -0.0879458 0.659409
0.624 -0.0872644 0.681343
0.625 -0.0865613 0.703104
0.626 -0.0858366 0.724688
0.627 -0.0850906 0.74609
0.628 -0.0843232 0.767303
0.629 -0.0835349 0.788322
0.63 -0.0827258 0.809143
0.631 -0.081896 0.829759
0.632 -0.0810459 0.850167
0.633 -0.0801755 0.87036
0.634 -0.0792852 0.890335
0.635 -0.0783751 0.910085
0.636 -0.0774455 0.929606
0.637 -0.0764966 0.948893
0.638 -0.0755286 0.967941
0.639 -0.0745419 0.986746
0.64 -0.0735366 1.0053
0.641 -0.072513 1.02361
0.642 -0.0714713 1.04165
0.643 -0.0704119 1.05944
0.644 -0.0693349 1.07695
0.645 -0.0682407 1.0942
0.646 -0.0671296 1.11118
0.647 -0.0660017 1.12787
0.648 -0.0648574 1.14428
0.649 -0.063697 1.1604
0.65 -0.0625208 1.17623
0.651 -0.061329 1.19177
0.652 -0.060122 1.20701
0.653 -0.0589001 1.22194
0.654 -0.0576635 1.23657
0.655 -0.0564126 1.25088
0.656 -0.0551477 1.26489
0.657 -0.0538692 1.27857
0.658 -0.0525772 1.29194
0.659 -0.0512722 1.30498
0.66 -0.0499545 1.31769
0.661 -0.0486245 1.33008
0.662 -0.0472823 1.34213
0.663 -0.0459285 1.35384
0.664 -0.0445633 1.36521
0.665 -0.043187 1.37624
0.666 -0.0418001 1.38693
0.667 -0.0404028 1.39727
0.668 -0.0389956 1.40726
0.669 -0.0375787 1.4169
0.67 -0.0361525 1.42618
0.671 -0.0347174 1.4351
0.672 -0.0332737 1.44367
0.673 -0.0318219 1.45187
0.674 -0.0303622 1.45971
0.675 -0.028895 1.46718
0.676 -0.0274207 1.47429
0.677 -0.0259397 1.48102
0.678 -0.0244523 1.48739
0.679 -0.0229589 1.49339
0.68 -0.0214599 1.49901
0.681 -0.0199556 1.50425
0.682 -0.0184465 1.50912
0.683 -0.0169329 1.51361
0.684 -0.0154152 1.51772
0.685 -0.0138937 1.52145
0.686 -0.0123689 1.52481
0.687 -0.0108412 1.52778
0.688 -0.00931079 1.53036
0.689 -0.00777822 1.53257
0.69 -0.00624383 1.53439
0.691 -0.004708 1.53583
0.692 -0.00317112 1.53688
0.693 -0.00163356 1.53755
0.694 -9.57235e-05 1.53784
0.695 0.00144202 1.53774
0.696 0.00297927 1.53726
0.697 0.00451566 1.53639
0.698 0.0060508 1.53514
0.699 0.0075843 1.5335
0.7 0.00911578 1.53148
0.701 0.0106449 1.52908
0.702 0.0121712 1.5263
0.703 0.0136943 1.52313
0.704 0.0152139 1.51959
0.705 0.0167295 1.51566
0.706 0.0182409 1.51136
0.707 0.0197476 1.50668
0.708 0.0212492 1.50162
0.709 0.0227454 1.49619
0.71 0.0242358 1.49038
0.711 0.02572 1.4842
0.712 0.0271976 1.47765
0.713 0.0286684 1.47074
0.714 0.0301318 1.46345
0.715 0.0315876 1.4558
0.716 0.0330354 1.44779
0.717 0.0344748 1.43941
0.718 0.0359055 1.43068
0.719 0.0373271 1.42159
0.72 0.0387392 1.41214
0.721 0.0401416 1.40235
0.722 0.0415338 1.3922
0.723 0.0429155 1.3817
0.724 0.0442864 1.37086
0.725 0.045646 1.35968
0.726 0.0469942 1.34816
0.727 0.0483305 1.33631
0.728 0.0496546 1.32412
0.729 0.0509662 1.3116
0.73 0.052265 1.29875
0.731 0.0535506 1.28558
0.732 0.0548226 1.27209
0.733 0.0560809 1.25828
0.734 0.0573251 1.24416
0.735 0.0585548 1.22973
0.736 0.0597698 1.21499
0.737 0.0609698 1.19995
0.738 0.0621544 1.18462
0.739 0.0633234 1.16898
0.74 0.0644764 1.15306
0.741 0.0656133 1.13685
0.742 0.0667336 1.12035
0.743 0.0678372 1.10358
0.744 0.0689237 1.08653
0.745 0.069993 1.06921
0.746 0.0710446 1.05163
0.747 0.0720784 1.03379
0.748 0.0730941 1.01568
0.749 0.0740914 0.997328
0.75 0.0750701 0.978726
0.751 0.07603 0.95988
0.752 0.0769708 0.940796
0.753 0.0778923 0.921478
0.754 0.0787942 0.901931
0.755 0.0796764 0.88216
0.756 0.0805385 0.86217
0.757 0.0813805 0.841967
0.758 0.082202 0.821554
0.759 0.083003 0.800938
0.76 0.0837831 0.780123
0.761 0.0845422 0.759115
0.762 0.0852801 0.737919
0.763 0.0859967 0.71654
0.764 0.0866917 0.694983
0.765 0.0873649 0.673255
0.766 0.0880163 0.65136
0.767 0.0886456 0.629303
0.768 0.0892527 0.607092
0.769 0.0898374 0.58473
0.77 0.0903996 0.562224
0.771 0.0909392 0.539579
0.772 0.091456 0.516801
0.773 0.0919499 0.493896
0.774 0.0924208 0.470869
0.775 0.0928685 0.447726
0.776 0.093293 0.424473
0.777 0.0936941 0.401116
0.778 0.0940717 0.37766
0.779 0.0944259 0.354112
0.78 0.0947563 0.330477
0.781 0.0950631 0.306762
0.782 0.0953461 0.282971
0.783 0.0956052 0.259112
0.784 0.0958404 0.23519
0.785 0.0960516 0.211211
0.786 0.0962388 0.187181
0.787 0.0964019 0.163107
0.788 0.0965409 0.138993
0.789 0.0966557 0.114847
0.79 0.0967464 0.0906738
0.791 0.0968129 0.0664799
0.792 0.0968551 0.0422714
0.793 0.0968732 0.0180542
0.794 0.096867 -0.00616554
0.795 0.0968366 -0.0303818
0.796 0.0967821 -0.0545885
0.797 0.0967033 -0.0787797
0.798 0.0966003 -0.102949
0.799 0.0964732 -0.127091
0.8 0.096322 -0.151199
0.801 0.0961468 -0.175268
0.802 0.0959475 -0.19929
0.803 0.0957242 -0.223261
0.804 0.095477 -0.247174
0.805 0.095206 -0.271024
0.806 0.0949112 -0.294804
0.807 0.0945927 -0.318508
0.808 0.0942506 -0.342131
0.809 0.0938849 -0.365666
0.81 0.0934958 -0.389108
0.811 0.0930834 -0.412451
0.812 0.0926477 -0.435689
0.813 0.0921888 -0.458816
0.814 0.091707 -0.481826
0.815 0.0912023 -0.504714
0.816 0.0906748 -0.527475
0.817 0.0901247 -0.550101
0.818 0.0895521 -0.572588
0.819 0.0889572 -0.59493
0.82 0.0883401 -0.617122
0.821 0.0877009 -0.639158
0.822 0.0870399 -0.661032
0.823 0.0863572 -0.682739
0.824 0.0856529 -0.704274
0.825 0.0849273 -0.725631
0.826 0.0841805 -0.746804
0.827 0.0834127 -0.76779
0.828 0.0826241 -0.788581
0.829 0.0818149 -0.809174
0.83 0.0809853 -0.829563
0.831 0.0801356 -0.849743
0.832 0.0792659 -0.869709
0.833 0.0783764 -0.889456
0.834 0.0774675 -0.908979
0.835 0.0765392 -0.928273
0.836 0.0755919 -0.947334
0.837 0.0746257 -0.966156
0.838 0.073641 -0.984735
0.839 0.0726379 -1.00307
0.84 0.0716167 -1.02115
0.841 0.0705778 -1.03897
0.842 0.0695213 -1.05653
0.843 0.0684474 -1.07383
0.844 0.0673566 -1.09085
0.845 0.066249 -1.1076
0.846 0.0651249 -1.12408
0.847 0.0639846 -1.14027
0.848 0.0628285 -1.15617
0.849 0.0616567 -1.17179
0.85 0.0604696 -1.18711
0.851 0.0592674 -1.20213
0.852 0.0580506 -1.21685
0.853 0.0568193 -1.23127
0.854 0.0555739 -1.24537
0.855 0.0543148 -1.25917
0.856 0.0530421 -1.27264
0.857 0.0517563 -1.2858
0.858 0.0504577 -1.29864
0.859 0.0491465 -1.31115
0.86 0.0478232 -1.32333
0.861 0.046488 -1.33518
0.862 0.0451413 -1.3467
0.863 0.0437834 -1.35787
0.864 0.0424147 -1.36871
0.865 0.0410355 -1.37921
0.866 0.0396462 -1.38935
0.867 0.038247 -1.39915
0.868 0.0368384 -1.4086
0.869 0.0354207 -1.4177
0.87 0.0339943 -1.42644
0.871 0.0325594 -1.43483
0.872 0.0311166 -1.44285
0.873 0.0296661 -1.45052
0.874 0.0282083 -1.45782
0.875 0.0267435 -1.46475
0.876 0.0252722 -1.47132
0.877 0.0237947 -1.47752
0.878 0.0223113 -1.48335
0.879 0.0208225 -1.48881
0.88 0.0193286 -1.4939
0.881 0.01783 -1.49861
0.882 0.016327 -1.50295
0.883 0.0148201 -1.50691
0.884 0.0133096 -1.51049
0.885 0.0117959 -1.5137
0.886 0.0102794 -1.51653
0.887 0.00876043 -1.51898
0.888 0.00723938 -1.52105
0.889 0.00571665 -1.52273
0.89 0.00419261 -1.52404
0.891 0.00266764 -1.52497
0.892 0.00114213 -1.52551
0.893 -0.000383546 -1.52568
0.894 -0.001909 -1.52546
0.895 -0.00343386 -1.52486
0.896 -0.00495774 -1.52388
0.897 -0.00648026 -1.52252
0.898 -0.00800103 -1.52077
0.899 -0.00951968 -1.51865
0.9 -0.0110358 -1.51615
0.901 -0.0125491 -1.51327
0.902 -0.0140591 -1.51001
0.903 -0.0155655 -1.50638
0.904 -0.0170679 -1.50237
0.905 -0.0185658 -1.49798
0.906 -0.0200591 -1.49322
0.907 -0.0215471 -1.48808
0.908 -0.0230297 -1.48258
0.909 -0.0245064 -1.4767
0.91 -0.0259769 -1.47046
0.911 -0.0274407 -1.46384
0.912 -0.0288976 -1.45687
0.913 -0.0303471 -1.44953
0.914 -0.0317889 -1.44182
0.915 -0.0332227 -1.43376
0.916 -0.034648 -1.42534
0.917 -0.0360646 -1.41656
0.918 -0.037472 -1.40743
0.919 -0.03887 -1.39795
0.92 -0.0402581 -1.38812
0.921 -0.0416361 -1.37795
0.922 -0.0430035 -1.36743
0.923 -0.0443601 -1.35657
0.924 -0.0457054 -1.34537
0.925 -0.0470393 -1.33384
0.926 -0.0483612 -1.32197
0.927 -0.049671 -1.30977
0.928 -0.0509683 -1.29725
0.929 -0.0522527 -1.28441
0.93 -0.0535239 -1.27124
0.931 -0.0547817 -1.25776
0.932 -0.0560256 -1.24396
0.933 -0.0572555 -1.22986
0.934 -0.0584709 -1.21544
0.935 -0.0596717 -1.20073
0.936 -0.0608574 -1.18571
0.937 -0.0620278 -1.17041
0.938 -0.0631826 -1.1548
0.939 -0.0643215 -1.13892
0.94 -0.0654443 -1.12275
0.941 -0.0665505 -1.10629
0.942 -0.0676401 -1.08957
0.943 -0.0687127 -1.07257
0.944 -0.069768 -1.05531
0.945 -0.0708058 -1.03778
0.946 -0.0718258 -1.02
0.947 -0.0728277 -1.00196
0.948 -0.0738114 -0.983671
0.949 -0.0747765 -0.965139
0.95 -0.0757229 -0.946368
0.951 -0.0766503 -0.927362
0.952 -0.0775584 -0.908125
0.953 -0.0784471 -0.888663
0.954 -0.079316 -0.86898
0.955 -0.0801651 -0.849081
0.956 -0.0809941 -0.828972
0.957 -0.0818027 -0.808657
0.958 -0.0825909 -0.788142
0.959 -0.0833583 -0.767431
0.96 -0.0841048 -0.74653
0.961 -0.0848303 -0.725444
0.962 -0.0855345 -0.704179
0.963 -0.0862172 -0.682739
0.964 -0.0868783 -0.66113
0.965 -0.0875177 -0.639357
0.966 -0.0881351 -0.617427
0.967 -0.0887305 -0.595344
0.968 -0.0893036 -0.573113
0.969 -0.0898543 -0.550742
0.97 -0.0903826 -0.528234
0.971 -0.0908882 -0.505596
0.972 -0.091371 -0.482833
0.973 -0.0918309 -0.459952
0.974 -0.0922679 -0.436958
0.975 -0.0926818 -0.413856
0.976 -0.0930724 -0.390652
0.977 -0.0934398 -0.367353
0.978 -0.0937837 -0.343963
0.979 -0.0941042 -0.32049
0.98 -0.0944011 -0.296938
0.981 -0.0946745 -0.273314
0.982 -0.0949241 -0.249624
0.983 -0.09515 -0.225873
0.984 -0.095352 -0.202067
0.985 -0.0955302 -0.178213
0.986 -0.0956846 -0.154316
0.987 -0.0958149 -0.130383
0.988 -0.0959214 -0.106419
0.989 -0.0960038 -0.0824297
0.99 -0.0960622 -0.0584222
0.991 -0.0960966 -0.034402
0.992 -0.096107 -0.0103751
0.993 -0.0960933 0.0136525
0.994 -0.0960557 0.0376748
0.995 -0.095994 0.0616857
0.996 -0.0959083 0.0856792
0.997 -0.0957986 0.109649
0.998 -0.0956651 0.13359
0.999 -0.0955076 0.157496
1 -0.0953262 0.18136
1.001 -0.095121 0.205177
1.002 -0.0948921 0.228941
1.003 -0.0946394 0.252646
1.004 -0.0943631 0.276285
1.005 -0.0940633 0.299854
1.006 -0.0937399 0.323346
1.007 -0.0933932 0.346755
1.008 -0.0930231 0.370076
1.009 -0.0926298 0.393302
1.01 -0.0922134 0.416428
1.011 -0.0917739 0.439448
1.012 -0.0913116 0.462356
1.013 -0.0908264 0.485147
1.014 -0.0903186 0.507815
1.015 -0.0897883 0.530354
1.016 -0.0892355 0.552759
1.017 -0.0886605 0.575023
1.018 -0.0880633 0.597142
1.019 -0.0874442 0.61911
1.02 -0.0868033 0.640922
1.021 -0.0861407 0.662571
1.022 -0.0854567 0.684054
1.023 -0.0847513 0.705363
1.024 -0.0840248 0.726494
1.025 -0.0832774 0.747443
1.026 -0.0825092 0.768202
1.027 -0.0817204 0.788768
1.028 -0.0809113 0.809135
1.029 -0.080082 0.829298
1.03 -0.0792327 0.849252
1.031 -0.0783637 0.868992
1.032 -0.0774752 0.888514
1.033 -0.0765674 0.907812
1.034 -0.0756405 0.926881
1.035 -0.0746948 0.945717
1.036 -0.0737305 0.964315
1.037 -0.0727478 0.98267
1.038 -0.0717471 1.00078
1.039 -0.0707284 1.01864
1.04 -0.0696922 1.03624
1.041 -0.0686386 1.05358
1.042 -0.067568 1.07065
1.043 -0.0664805 1.08746
1.044 -0.0653765 1.10399
1.045 -0.0642563 1.12025
1.046 -0.06312 1.13622
1.047 -0.0619681 1.15191
1.048 -0.0608008 1.16731
1.049 -0.0596184 1.18242
1.05 -0.0584212 1.19723
1.051 -0.0572094 1.21174
1.052 -0.0559835 1.22594
1.053 -0.0547437 1.23984
1.054 -0.0534902 1.25343
1.055 -0.0522235 1.2667
1.056 -0.0509439 1.27965
1.057 -0.0496516 1.29229
1.058 -0.048347 1.3046
1.059 -0.0470304 1.31658
1.06 -0.0457022 1.32823
1.061 -0.0443626 1.33955
1.062 -0.0430121 1.35053
1.063 -0.0416509 1.36118
1.064 -0.0402794 1.37148
1.065 -0.038898 1.38144
1.066 -0.0375069 1.39106
1.067 -0.0361066 1.40032
1.068 -0.0346974 1.40924
1.069 -0.0332796 1.4178
1.07 -0.0318536 1.426
1.071 -0.0304197 1.43385
1.072 -0.0289784 1.44134
1.073 -0.0275299 1.44847
1.074 -0.0260747 1.45524
1.075 -0.024613 1.46164
1.076 -0.0231453 1.46768
1.077 -0.021672 1.47335
1.078 -0.0201933 1.47865
1.079 -0.0187098 1.48358
1.08 -0.0172216 1.48814
1.081 -0.0157293 1.49232
1.082 -0.0142332 1.49614
1.083 -0.0127336 1.49957
1.084 -0.011231 1.50264
1.085 -0.00972563 1.50533
1.086 -0.008218 1.50764
1.087 -0.00670842 1.50957
1.088 -0.0051973 1.51113
1.089 -0.00368499 1.51231
1.09 -0.00217189 1.51311
1.091 -0.000658359 1.51353
1.092 0.000855212 1.51357
1.093 0.00236845 1.51324
1.094 0.00388097 1.51252
1.095 0.0053924 1.51143
1.096 0.00690236 1.50996
1.097 0.00841048 1.50812
1.098 0.00991637 1.50589
1.099 0.0114197 1.50329
1.1 0.01292 1.50032
1.101 0.014417 1.49697
1.102 0.0159102 1.49324
1.103 0.0173993 1.48915
1.104 0.018884 1.48468
1.105 0.0203639 1.47984
1.106 0.0218385 1.47463
1.107 0.0233075 1.46905
1.108 0.0247706 1.46311
1.109 0.0262274 1.4568
1.11 0.0276776 1.45012
1.111 0.0291207 1.44309
1.112 0.0305564 1.43569
1.113 0.0319843 1.42794
1.114 0.0334041 1.41983
1.115 0.0348155 1.41136
1.116 0.036218 1.40255
1.117 0.0376114 1.39338
1.118 0.0389953 1.38387
1.119 0.0403693 1.37401
1.12 0.0417331 1.3638
1.121 0.0430864 1.35326
1.122 0.0444287 1.34238
1.123 0.0457599 1.33117
1.124 0.0470795 1.31962
1.125 0.0483873 1.30775
1.126 0.0496828 1.29554
1.127 0.0509658 1.28302
1.128 0.052236 1.27018
1.129 0.053493 1.25702
1.13 0.0547366 1.24354
1.131 0.0559663 1.22976
1.132 0.057182 1.21567
1.133 0.0583833 1.20128
1.134 0.0595699 1.18658
1.135 0.0607414 1.1716
1.136 0.0618978 1.15632
1.137 0.0630385 1.14075
1.138 0.0641634 1.1249
1.139 0.0652722 1.10877
1.14 0.0663645 1.09236
1.141 0.0674402 1.07568
1.142 0.068499 1.05874
1.143 0.0695405 1.04153
1.144 0.0705645 1.02406
1.145 0.0715709 1.00634
1.146 0.0725592 0.988363
1.147 0.0735294 0.970144
1.148 0.0744811 0.951684
1.149 0.0754141 0.932987
1.15 0.0763281 0.914059
1.151 0.077223 0.894904
1.152 0.0780985 0.875527
1.153 0.0789545 0.855932
1.154 0.0797906 0.836125
1.155 0.0806067 0.81611
1.156 0.0814026 0.795893
1.157 0.0821781 0.775479
1.158 0.082933 0.754872
1.159 0.083667 0.734079
1.16 0.0843801 0.713103
1.161 0.0850721 0.691951
1.162 0.0857427 0.670628
1.163 0.0863919 0.649139
1.164 0.0870194 0.627489
1.165 0.087625 0.605684
1.166 0.0882088 0.583729
1.167 0.0887704 0.56163
1.168 0.0893098 0.539392
1.169 0.0898268 0.517022
1.17 0.0903213 0.494524
1.171 0.0907932 0.471904
1.172 0.0912424 0.449168
1.173 0.0916687 0.426321
1.174 0.0920721 0.40337
1.175 0.0924524 0.38032
1.176 0.0928096 0.357176
1.177 0.0931435 0.333945
1.178 0.0934542 0.310633
1.179 0.0937414 0.287244
1.18 0.0940052 0.263786
1.181 0.0942455 0.240264
1.182 0.0944621 0.216683
1.183 0.0946552 0.19305
1.184 0.0948246 0.169371
1.185 0.0949702 0.145651
1.186 0.0950921 0.121897
1.187 0.0951902 0.0981141
1.188 0.0952645 0.0743087
1.189 0.095315 0.0504867
1.19 0.0953417 0.0266539
1.191 0.0953445 0.00281631
1.192 0.0953235 -0.02102
1.193 0.0952786 -0.0448492
1.194 0.09521 -0.0686653
1.195 0.0951175 -0.0924623
1.196 0.0950013 -0.116234
1.197 0.0948613 -0.139975
1.198 0.0946976 -0.163679
1.199 0.0945103 -0.187341
1.2 0.0942993 -0.210953
1.201 0.0940648 -0.234511
1.202 0.0938068 -0.258009
1.203 0.0935254 -0.28144
1.204 0.0932206 -0.304799
1.205 0.0928925 -0.328079
1.206 0.0925412 -0.351276
1.207 0.0921668 -0.374383
1.208 0.0917694 -0.397395
1.209 0.0913491 -0.420306
1.21 0.090906 -0.443109
1.211 0.0904402 -0.4658
1.212 0.0899518 -0.488373
1.213 0.089441 -0.510822
1.214 0.0889079 -0.533141
1.215 0.0883525 -0.555326
1.216 0.0877752 -0.57737
1.217 0.0871759 -0.599267
1.218 0.0865549 -0.621013
1.219 0.0859123 -0.642602
1.22 0.0852483 -0.664029
1.221 0.084563 -0.685288
1.222 0.0838566 -0.706374
1.223 0.0831293 -0.727281
1.224 0.0823813 -0.748006
1.225 0.0816128 -0.768541
1.226 0.0808239 -0.788883
1.227 0.0800149 -0.809026
1.228 0.0791859 -0.828965
1.229 0.0783372 -0.848695
1.23 0.077469 -0.868211
1.231 0.0765815 -0.887509
1.232 0.0756749 -0.906583
1.233 0.0747495 -0.925429
1.234 0.0738054 -0.944043
1.235 0.072843 -0.962419
1.236 0.0718625 -0.980552
1.237 0.070864 -0.99844
1.238 0.0698479 -1.01608
1.239 0.0688145 -1.03346
1.24 0.0677639 -1.05058
1.241 0.0666965 -1.06743
1.242 0.0656125 -1.08402
1.243 0.0645121 -1.10034
1.244 0.0633957 -1.11638
1.245 0.0622636 -1.13214
1.246 0.061116 -1.14761
1.247 0.0599532 -1.1628
1.248 0.0587755 -1.1777
1.249 0.0575832 -1.1923
1.25 0.0563766 -1.2066
1.251 0.055156 -1.22059
1.252 0.0539217 -1.23429
1.253 0.052674 -1.24767
1.254 0.0514133 -1.26074
1.255 0.0501398 -1.27349
1.256 0.0488539 -1.28592
1.257 0.0475559 -1.29803
1.258 0.046246 -1.30982
1.259 0.0449248 -1.32127
1.26 0.0435924 -1.3324
1.261 0.0422492 -1.34319
1.262 0.0408955 -1.35365
1.263 0.0395318 -1.36376
1.264 0.0381582 -1.37354
1.265 0.0367753 -1.38297
1.266 0.0353832 -1.39205
1.267 0.0339824 -1.40078
1.268 0.0325733 -1.40917
1.269 0.0311561 -1.4172
1.27 0.0297312 -1.42487
1.271 0.028299 -1.43219
1.272 0.0268599 -1.43915
1.273 0.0254141 -1.44575
1.274 0.0239621 -1.45199
1.275 0.0225043 -1.45786
1.276 0.0210409 -1.46337
1.277 0.0195724 -1.46852
1.278 0.0180991 -1.47329
1.279 0.0166214 -1.4777
1.28 0.0151396 -1.48174
1.281 0.0136542 -1.4854
1.282 0.0121655 -1.4887
1.283 0.0106739 -1.49162
1.284 0.00917975 -1.49417
1.285 0.00768341 -1.49634
1.286 0.00618527 -1.49814
1.287 0.00468569 -1.49957
1.288 0.00318507 -1.50062
1.289 0.00168377 -1.5013
1.29 0.000182172 -1.5016
1.291 -0.00131935 -1.50153
1.292 -0.00282043 -1.50108
1.293 -0.00432068 -1.50025
1.294 -0.00581973 -1.49905
1.295 -0.0073172 -1.49748
1.296 -0.00881273 -1.49553
1.297 -0.0103059 -1.4932
1.298 -0.0117964 -1.49051
1.299 -0.0132839 -1.48744
1.3 -0.0147679 -1.484
1.301 -0.0162481 -1.48019
1.302 -0.0177241 -1.47601
1.303 -0.0191955 -1.47146
1.304 -0.0206621 -1.46654
1.305 -0.0221233 -1.46126
1.306 -0.0235789 -1.45561
1.307 -0.0250285 -1.4496
1.308 -0.0264718 -1.44323
1.309 -0.0279083 -1.43649
1.31 -0.0293377 -1.4294
1.311 -0.0307596 -1.42195
1.312 -0.0321738 -1.41415
1.313 -0.0335798 -1.40599
1.314 -0.0349773 -1.39749
1.315 -0.0363659 -1.38863
1.316 -0.0377453 -1.37943
1.317 -0.0391152 -1.36988
1.318 -0.0404752 -1.35999
1.319 -0.0418249 -1.34976
1.32 -0.0431641 -1.3392
1.321 -0.0444924 -1.3283
1.322 -0.0458095 -1.31707
1.323 -0.047115 -1.30551
1.324 -0.0484087 -1.29363
1.325 -0.0496901 -1.28143
1.326 -0.050959 -1.2689
1.327 -0.052215 -1.25606
1.328 -0.053458 -1.24291
1.329 -0.0546874 -1.22944
1.33 -0.0559031 -1.21567
1.331 -0.0571047 -1.2016
1.332 -0.0582919 -1.18723
1.333 -0.0594644 -1.17256
1.334 -0.060622 -1.1576
1.335 -0.0617644 -1.14235
1.336 -0.0628912 -1.12682
1.337 -0.0640022 -1.111
1.338 -0.0650971 -1.09491
1.339 -0.0661757 -1.07855
1.34 -0.0672376 -1.06192
1.341 -0.0682826 -1.04503
1.342 -0.0693105 -1.02787
1.343 -0.070321 -1.01046
1.344 -0.0713138 -0.992803
1.345 -0.0722887 -0.974895
1.346 -0.0732454 -0.956745
1.347 -0.0741838 -0.938357
1.348 -0.0751035 -0.919736
1.349 -0.0760044 -0.900887
1.35 -0.0768862 -0.881814
1.351 -0.0777487 -0.862522
1.352 -0.0785917 -0.843015
1.353 -0.079415 -0.8233
1.354 -0.0802184 -0.80338
1.355 -0.0810017 -0.783262
1.356 -0.0817646 -0.762948
1.357 -0.0825071 -0.742446
1.358 -0.0832288 -0.72176
1.359 -0.0839297 -0.700895
1.36 -0.0846096 -0.679857
1.361 -0.0852682 -0.65865
1.362 -0.0859055 -0.63728
1.363 -0.0865213 -0.615753
1.364 -0.0871154 -0.594073
1.365 -0.0876876 -0.572247
1.366 -0.0882379 -0.550279
1.367 -0.0887661 -0.528176
1.368 -0.089272 -0.505942
1.369 -0.0897556 -0.483583
1.37 -0.0902167 -0.461106
1.371 -0.0906552 -0.438515
1.372 -0.091071 -0.415816
1.373 -0.091464 -0.393015
1.374 -0.0918341 -0.370117
1.375 -0.0921813 -0.347129
1.376 -0.0925053 -0.324056
1.377 -0.0928062 -0.300904
1.378 -0.0930839 -0.277678
1.379 -0.0933383 -0.254385
1.38 -0.0935693 -0.23103
1.381 -0.093777 -0.207619
1.382 -0.0939611 -0.184158
1.383 -0.0941218 -0.160653
1.384 -0.0942589 -0.13711
1.385 -0.0943724 -0.113534
1.386 -0.0944623 -0.0899323
1.387 -0.0945287 -0.0663095
1.388 -0.0945713 -0.0426721
1.389 -0.0945903 -0.0190258
1.39 -0.0945857 0.0046233
1.391 -0.0945575 0.0282694
1.392 -0.0945055 0.0519065
1.393 -0.09443 0.0755287
1.394 -0.0943309 0.0991302
1.395 -0.0942082 0.122705
1.396 -0.0940619 0.146247
1.397 -0.0938922 0.169751
1.398 -0.093699 0.19321
1.399 -0.0934824 0.21662
1.4 -0.0932424 0.239973
1.401 -0.0929791 0.263264
1.402 -0.0926926 0.286488
1.403 -0.092383 0.309638
1.404 -0.0920503 0.332709
1.405 -0.0916946 0.355695
1.406 -0.091316 0.37859
1.407 -0.0909146 0.401389
1.408 -0.0904905 0.424086
1.409 -0.0900438 0.446674
1.41 -0.0895747 0.46915
1.411 -0.0890832 0.491506
1.412 -0.0885695 0.513737
1.413 -0.0880336 0.535839
1.414 -0.0874758 0.557804
1.415 -0.0868962 0.579628
1.416 -0.0862949 0.601306
1.417 -0.085672 0.622832
1.418 -0.0850278 0.6442
1.419 -0.0843624 0.665405
1.42 -0.083676 0.686443
1.421 -0.0829687 0.707307
1.422 -0.0822407 0.727992
1.423 -0.0814922 0.748494
1.424 -0.0807234 0.768807
1.425 -0.0799345 0.788927
1.426 -0.0791256 0.808847
1.427 -0.0782971 0.828564
1.428 -0.077449 0.848072
1.429 -0.0765816 0.867366
1.43 -0.0756952 0.886442
1.431 -0.0747899 0.905295
1.432 -0.073866 0.92392
1.433 -0.0729237 0.942313
1.434 -0.0719632 0.960468
1.435 -0.0709848 0.978382
1.436 -0.0699887 0.99605
1.437 -0.0689753 1.01347
1.438 -0.0679447 1.03063
1.439 -0.0668971 1.04753
1.44 -0.0658329 1.06417
1.441 -0.0647524 1.08055
1.442 -0.0636557 1.09665
1.443 -0.0625433 1.11248
1.444 -0.0614152 1.12802
1.445 -0.060272 1.14329
1.446 -0.0591137 1.15826
1.447 -0.0579407 1.17295
1.448 -0.0567534 1.18734
1.449 -0.055552 1.20143
1.45 -0.0543368 1.21522
1.451 -0.053108 1.22871
1.452 -0.0518661 1.24189
1.453 -0.0506114 1.25476
1.454 -0.0493441 1.26731
1.455 -0.0480645 1.27954
1.456 -0.0467731 1.29146
1.457 -0.04547 1.30305
1.458 -0.0441557 1.31431
1.459 -0.0428305 1.32525
1.46 -0.0414946 1.33585
1.461 -0.0401485 1.34611
1.462 -0.0387925 1.35604
1.463 -0.0374268 1.36563
1.464 -0.036052 1.37488
1.465 -0.0346682 1.38378
1.466 -0.0332758 1.39234
1.467 -0.0318753 1.40055
1.468 -0.0304669 1.4084
1.469 -0.029051 1.41591
1.47 -0.0276279 1.42306
1.471 -0.0261981 1.42985
1.472 -0.0247618 1.43629
1.473 -0.0233194 1.44236
1.474 -0.0218713 1.44808
1.475 -0.0204179 1.45343
1.476 -0.0189595 1.45842
1.477 -0.0174965 1.46304
1.478 -0.0160292 1.4673
1.479 -0.014558 1.47119
1.48 -0.0130833 1.47471
1.481 -0.0116054 1.47786
1.482 -0.0101248 1.48064
1.483 -0.0086417 1.48306
1.484 -0.0071566 1.4851
1.485 -0.00566983 1.48677
1.486 -0.00418176 1.48807
1.487 -0.00269277 1.48899
1.488 -0.00120322 1.48955
1.489 0.00028651 1.48973
1.49 0.00177605 1.48954
1.491 0.00326502 1.48898
1.492 0.00475306 1.48804
1.493 0.0062398 1.48673
1.494 0.00772485 1.48505
1.495 0.00920786 1.483
1.496 0.0106884 1.48058
1.497 0.0121662 1.47779
1.498 0.0136409 1.47463
1.499 0.015112 1.47111
1.5 0.0165792 1.46721
1.501 0.0180421 1.46295
1.502 0.0195004 1.45832
1.503 0.0209538 1.45333
1.504 0.0224017 1.44797
1.505 0.023844 1.44226
1.506 0.0252802 1.43618
1.507 0.0267099 1.42975
1.508 0.0281329 1.42295
1.509 0.0295487 1.41581
1.51 0.030957 1.40831
1.511 0.0323575 1.40045
1.512 0.0337497 1.39225
1.513 0.0351334 1.3837
1.514 0.0365082 1.37481
1.515 0.0378738 1.36557
1.516 0.0392298 1.356
1.517 0.0405759 1.34608
1.518 0.0419117 1.33583
1.519 0.0432369 1.32524
1.52 0.0445513 1.31433
1.521 0.0458543 1.30308
1.522 0.0471459 1.29152
1.523 0.0484255 1.27963
1.524 0.0496929 1.26742
1.525 0.0509478 1.25489
1.526 0.0521899 1.24206
1.527 0.0534188 1.22891
1.528 0.0546342 1.21546
1.529 0.0558359 1.2017
1.53 0.0570236 1.18765
1.531 0.0581969 1.17329
1.532 0.0593555 1.15865
1.533 0.0604992 1.14372
1.534 0.0616277 1.1285
1.535 0.0627407 1.11301
1.536 0.063838 1.09723
1.537 0.0649192 1.08119
1.538 0.065984 1.06487
1.539 0.0670323 1.04829
1.54 0.0680638 1.03145
1.541 0.0690781 1.01435
1.542 0.0700751 0.996996
1.543 0.0710545 0.979398
1.544 0.0720161 0.961556
1.545 0.0729595 0.943475
1.546 0.0738847 0.92516
1.547 0.0747913 0.906614
1.548 0.0756792 0.887844
1.549 0.076548 0.868853
1.55 0.0773977 0.849647
1.551 0.0782279 0.830229
1.552 0.0790385 0.810606
1.553 0.0798293 0.790782
1.554 0.0806 0.770761
1.555 0.0813506 0.750549
1.556 0.0820807 0.730152
1.557 0.0827903 0.709573
1.558 0.0834791 0.688819
1.559 0.084147 0.667894
1.56 0.0847938 0.646804
1.561 0.0854194 0.625553
1.562 0.0860235 0.604148
1.563 0.0866061 0.582594
1.564 0.087167 0.560896
1.565 0.0877061 0.539059
1.566 0.0882232 0.51709
1.567 0.0887182 0.494993
1.568 0.0891909 0.472774
1.569 0.0896414 0.450438
1.57 0.0900694 0.427992
1.571 0.0904748 0.40544
1.572 0.0908576 0.382789
1.573 0.0912176 0.360044
1.574 0.0915548 0.337211
1.575 0.0918691 0.314295
1.576 0.0921604 0.291303
1.577 0.0924287 0.268239
1.578 0.0926738 0.24511
1.579 0.0928957 0.221922
1.58 0.0930944 0.198681
1.581 0.0932698 0.175391
1.582 0.0934218 0.15206
1.583 0.0935505 0.128692
1.584 0.0936558 0.105294
1.585 0.0937377 0.0818718
1.586 0.0937961 0.0584309
1.587 0.0938311 0.0349772
1.588 0.0938426 0.0115166
1.589 0.0938307 -0.011945
1.59 0.0937953 -0.0354017
1.591 0.0937364 -0.0588477
1.592 0.0936542 -0.0822771
1.593 0.0935485 -0.105684
1.594 0.0934194 -0.129063
1.595 0.093267 -0.152407
1.596 0.0930913 -0.175712
1.597 0.0928923 -0.198971
1.598 0.0926701 -0.222178
1.599 0.0924248 -0.245328
1.6 0.0921564 -0.268414
1.601 0.091865 -0.291432
1.602 0.0915506 -0.314375
1.603 0.0912134 -0.337237
1.604 0.0908533 -0.360014
1.605 0.0904706 -0.382698
1.606 0.0900654 -0.405285
1.607 0.0896376 -0.427769
1.608 0.0891875 -0.450144
1.609 0.088715 -0.472405
1.61 0.0882205 -0.494546
1.611 0.0877039 -0.516562
1.612 0.0871655 -0.538446
1.613 0.0866053 -0.560195
1.614 0.0860235 -0.581801
1.615 0.0854202 -0.60326
1.616 0.0847957 -0.624567
1.617 0.08415 -0.645716
1.618 0.0834833 -0.666702
1.619 0.0827957 -0.687519
1.62 0.0820876 -0.708163
1.621 0.0813589 -0.728629
1.622 0.08061 -0.74891
1.623 0.079841 -0.769003
1.624 0.0790521 -0.788901
1.625 0.0782435 -0.808601
1.626 0.0774154 -0.828097
1.627 0.076568 -0.847385
1.628 0.0757016 -0.866459
1.629 0.0748163 -0.885315
1.63 0.0739123 -0.903949
1.631 0.07299 -0.922354
1.632 0.0720494 -0.940528
1.633 0.071091 -0.958465
1.634 0.0701148 -0.976161
1.635 0.0691212 -0.993612
1.636 0.0681104 -1.01081
1.637 0.0670826 -1.02776
1.638 0.0660382 -1.04445
1.639 0.0649773 -1.06087
1.64 0.0639003 -1.07703
1.641 0.0628073 -1.09292
1.642 0.0616988 -1.10854
1.643 0.0605749 -1.12387
1.644 0.059436 -1.13893
1.645 0.0582823 -1.15369
1.646 0.0571141 -1.16817
1.647 0.0559318 -1.18236
1.648 0.0547355 -1.19625
1.649 0.0535257 -1.20983
1.65 0.0523026 -1.22312
1.651 0.0510665 -1.2361
1.652 0.0498177 -1.24876
1.653 0.0485566 -1.26112
1.654 0.0472835 -1.27316
1.655 0.0459986 -1.28488
1.656 0.0447023 -1.29627
1.657 0.043395 -1.30734
1.658 0.0420769 -1.31809
1.659 0.0407484 -1.3285
1.66 0.0394098 -1.33858
1.661 0.0380615 -1.34833
1.662 0.0367037 -1.35774
1.663 0.0353369 -1.3668
1.664 0.0339614 -1.37553
1.665 0.0325775 -1.38391
1.666 0.0311855 -1.39194
1.667 0.0297859 -1.39963
1.668 0.0283789 -1.40696
1.669 0.026965 -1.41394
1.67 0.0255444 -1.42057
1.671 0.0241176 -1.42685
1.672 0.0226848 -1.43276
1.673 0.0212465 -1.43832
1.674 0.019803 -1.44351
1.675 0.0183546 -1.44835
1.676 0.0169018 -1.45282
1.677 0.0154449 -1.45693
1.678 0.0139842 -1.46068
1.679 0.0125202 -1.46405
1.68 0.0110531 -1.46707
1.681 0.00958338 -1.46971
1.682 0.00811139 -1.47199
1.683 0.00663748 -1.4739
1.684 0.00516204 -1.47544
1.685 0.00368542 -1.47662
1.686 0.00220801 -1.47742
1.687 0.000730153 -1.47785
1.688 -0.000747764 -1.47792
1.689 -0.00222538 -1.47761
1.69 -0.00370231 -1.47694
1.691 -0.00517821 -1.47589
1.692 -0.00665269 -1.47448
1.693 -0.00812539 -1.4727
1.694 -0.00959594 -1.47055
1.695 -0.011064 -1.46803
1.696 -0.0125291 -1.46515
1.697 -0.013991 -1.4619
1.698 -0.0154493 -1.45829
1.699 -0.0169036 -1.45431
1.7 -0.0183536 -1.44997
1.701 -0.0197988 -1.44526
1.702 -0.021239 -1.4402
1.703 -0.0226738 -1.43477
1.704 -0.0241028 -1.42899
1.705 -0.0255256 -1.42285
1.706 -0.026942 -1.41635
1.707 -0.0283515 -1.4095
1.708 -0.0297538 -1.4023
1.709 -0.0311486 -1.39475
1.71 -0.0325354 -1.38685
1.711 -0.033914 -1.37861
1.712 -0.035284 -1.37002
1.713 -0.0366451 -1.36109
1.714 -0.0379969 -1.35182
1.715 -0.0393392 -1.34221
1.716 -0.0406714 -1.33227
1.717 -0.0419934 -1.32199
1.718 -0.0433048 -1.31139
1.719 -0.0446053 -1.30046
1.72 -0.0458945 -1.2892
1.721 -0.0471721 -1.27763
1.722 -0.0484378 -1.26573
1.723 -0.0496914 -1.25352
1.724 -0.0509324 -1.241
1.725 -0.0521605 -1.22817
1.726 -0.0533755 -1.21503
1.727 -0.0545771 -1.20159
1.728 -0.055765 -1.18785
1.729 -0.0569388 -1.17381
1.73 -0.0580983 -1.15948
1.731 -0.0592431 -1.14486
1.732 -0.0603731 -1.12996
1.733 -0.0614879 -1.11478
1.734 -0.0625872 -1.09932
1.735 -0.0636708 -1.08358
1.736 -0.0647383 -1.06758
1.737 -0.0657897 -1.05131
1.738 -0.0668244 -1.03478
1.739 -0.0678424 -1.01799
1.74 -0.0688434 -1.00095
1.741 -0.069827 -0.983654
1.742 -0.0707931 -0.966119
1.743 -0.0717415 -0.948343
1.744 -0.0726718 -0.930332
1.745 -0.0735839 -0.91209
1.746 -0.0744775 -0.893621
1.747 -0.0753525 -0.87493
1.748 -0.0762085 -0.856022
1.749 -0.0770454 -0.836901
1.75 -0.0778629 -0.817573
1.751 -0.078661 -0.798042
1.752 -0.0794393 -0.778313
1.753 -0.0801977 -0.75839
1.754 -0.080936 -0.73828
1.755 -0.081654 -0.717987
1.756 -0.0823515 -0.697516
1.757 -0.0830284 -0.676873
1.758 -0.0836844 -0.656061
1.759 -0.0843195 -0.635088
1.76 -0.0849335 -0.613957
1.761 -0.0855261 -0.592675
1.762 -0.0860974 -0.571246
1.763 -0.0866471 -0.549676
1.764 -0.087175 -0.52797
1.765 -0.0876812 -0.506134
1.766 -0.0881653 -0.484173
1.767 -0.0886274 -0.462093
1.768 -0.0890673 -0.439899
1.769 -0.0894849 -0.417597
1.77 -0.0898801 -0.395193
1.771 -0.0902528 -0.372691
1.772 -0.0906029 -0.350098
1.773 -0.0909303 -0.327419
1.774 -0.091235 -0.304661
1.775 -0.0915168 -0.281827
1.776 -0.0917757 -0.258926
1.777 -0.0920117 -0.235961
1.778 -0.0922246 -0.212939
1.779 -0.0924145 -0.189866
1.78 -0.0925812 -0.166747
1.781 -0.0927248 -0.143589
1.782 -0.0928452 -0.120396
1.783 -0.0929424 -0.0971749
1.784 -0.0930163 -0.0739315
1.785 -0.093067 -0.0506715
1.786 -0.0930944 -0.0274007
1.787 -0.0930985 -0.00412494
1.788 -0.0930794 0.01915
1.789 -0.093037 0.0424183
1.79 -0.0929713 0.0656742
1.791 -0.0928824 0.0889118
1.792 -0.0927703 0.112125
1.793 -0.0926349 0.135309
1.794 -0.0924765 0.158457
1.795 -0.0922949 0.181563
1.796 -0.0920903 0.204622
1.797 -0.0918627 0.227629
1.798 -0.0916121 0.250576
1.799 -0.0913386 0.273459
1.8 -0.0910424 0.296272
1.801 -0.0907234 0.319009
1.802 -0.0903817 0.341664
1.803 -0.0900175 0.364232
1.804 -0.0896308 0.386707
1.805 -0.0892217 0.409084
1.806 -0.0887903 0.431357
1.807 -0.0883368 0.45352
1.808 -0.0878612 0.475568
1.809 -0.0873637 0.497495
1.81 -0.0868444 0.519296
1.811 -0.0863035 0.540966
1.812 -0.085741 0.562498
1.813 -0.0851571 0.583889
1.814 -0.084552 0.605131
1.815 -0.0839257 0.626221
1.816 -0.0832786 0.647152
1.817 -0.0826107 0.66792
1.818 -0.0819221 0.688519
1.819 -0.0812132 0.708945
1.82 -0.080484 0.729191
1.821 -0.0797348 0.749254
1.822 -0.0789656 0.769128
1.823 -0.0781768 0.788807
1.824 -0.0773685 0.808289
1.825 -0.076541 0.827566
1.826 -0.0756943 0.846635
1.827 -0.0748288 0.865491
1.828 -0.0739447 0.884129
1.829 -0.0730422 0.902544
1.83 -0.0721214 0.920733
1.831 -0.0711827 0.938689
1.832 -0.0702263 0.95641
1.833 -0.0692524 0.97389
1.834 -0.0682613 0.991125
1.835 -0.0672532 1.00811
1.836 -0.0662284 1.02484
1.837 -0.065187 1.04132
1.838 -0.0641295 1.05753
1.839 -0.063056 1.07348
1.84 -0.0619669 1.08916
1.841 -0.0608623 1.10456
1.842 -0.0597426 1.11969
1.843 -0.0586081 1.13454
1.844 -0.057459 1.1491
1.845 -0.0562956 1.16337
1.846 -0.0551183 1.17735
1.847 -0.0539272 1.19104
1.848 -0.0527228 1.20442
1.849 -0.0515053 1.21751
1.85 -0.050275 1.23029
1.851 -0.0490323 1.24276
1.852 -0.0477773 1.25492
1.853 -0.0465106 1.26676
1.854 -0.0452323 1.27829
1.855 -0.0439428 1.28949
1.856 -0.0426424 1.30037
1.857 -0.0413315 1.31093
1.858 -0.0400103 1.32116
1.859 -0.0386793 1.33106
1.86 -0.0373387 1.34062
1.861 -0.0359888 1.34985
1.862 -0.0346301 1.35874
1.863 -0.0332628 1.36728
1.864 -0.0318873 1.37549
1.865 -0.030504 1.38335
1.866 -0.0291131 1.39087
1.867 -0.0277151 1.39803
1.868 -0.0263102 1.40485
1.869 -0.0248989 1.41132
1.87 -0.0234815 1.41743
1.871 -0.0220583 1.42319
1.872 -0.0206297 1.42859
1.873 -0.0191961 1.43363
1.874 -0.0177577 1.43831
1.875 -0.0163151 1.44264
1.876 -0.0148685 1.4466
1.877 -0.0134183 1.4502
1.878 -0.0119649 1.45344
1.879 -0.0105085 1.45632
1.88 -0.00904971 1.45883
1.881 -0.00758874 1.46097
1.882 -0.00612599 1.46275
1.883 -0.00466182 1.46417
1.884 -0.00319661 1.46522
1.885 -0.00173071 1.4659
1.886 -0.000264495 1.46621
1.887 0.00120167 1.46616
1.888 0.00266741 1.46574
1.889 0.00413237 1.46496
1.89 0.00559618 1.46381
1.891 0.00705848 1.46229
1.892 0.00851889 1.46041
1.893 0.00997705 1.45817
1.894 0.0114326 1.45555
1.895 0.0128852 1.45258
1.896 0.0143344 1.44924
1.897 0.01578 1.44554
1.898 0.0172215 1.44148
1.899 0.0186585 1.43706
1.9 0.0200908 1.43228
1.901 0.0215179 1.42714
1.902 0.0229396 1.42165
1.903 0.0243554 1.4158
1.904 0.025765 1.4096
1.905 0.027168 1.40305
1.906 0.0285642 1.39614
1.907 0.0299531 1.38889
1.908 0.0313344 1.38129
1.909 0.0327077 1.37335
1.91 0.0340728 1.36506
1.911 0.0354292 1.35643
1.912 0.0367767 1.34747
1.913 0.0381148 1.33816
1.914 0.0394434 1.32853
1.915 0.0407619 1.31856
1.916 0.0420702 1.30827
1.917 0.0433678 1.29764
1.918 0.0446545 1.2867
1.919 0.04593 1.27543
1.92 0.0471938 1.26385
1.921 0.0484457 1.25195
1.922 0.0496855 1.23973
1.923 0.0509127 1.22721
1.924 0.0521271 1.21439
1.925 0.0533283 1.20126
1.926 0.0545162 1.18783
1.927 0.0556903 1.17411
1.928 0.0568504 1.16009
1.929 0.0579962 1.14578
1.93 0.0591274 1.13119
1.931 0.0602437 1.11632
1.932 0.0613448 1.10117
1.933 0.0624306 1.08575
1.934 0.0635006 1.07005
1.935 0.0645547 1.05409
1.936 0.0655926 1.03787
1.937 0.066614 1.02139
1.938 0.0676186 1.00465
1.939 0.0686063 0.987668
1.94 0.0695768 0.970437
1.941 0.0705297 0.952965
1.942 0.071465 0.935256
1.943 0.0723823 0.917315
1.944 0.0732814 0.899146
1.945 0.0741622 0.880754
1.946 0.0750243 0.862143
1.947 0.0758676 0.843318
1.948 0.0766919 0.824284
1.949 0.077497 0.805045
1.95 0.0782826 0.785606
1.951 0.0790486 0.765973
1.952 0.0797947 0.746149
1.953 0.0805208 0.726141
1.954 0.0812268 0.705953
1.955 0.0819124 0.685589
1.956 0.0825774 0.665056
1.957 0.0832218 0.644359
1.958 0.0838453 0.623502
1.959 0.0844478 0.602491
1.96 0.0850291 0.581331
1.961 0.0855892 0.560027
1.962 0.0861277 0.538585
1.963 0.0866447 0.51701
1.964 0.0871401 0.495307
1.965 0.0876135 0.473482
1.966 0.0880651 0.451541
1.967 0.0884946 0.429489
1.968 0.0889019 0.407331
1.969 0.089287 0.385073
1.97 0.0896497 0.36272
1.971 0.08999 0.340279
1.972 0.0903077 0.317754
1.973 0.0906029 0.295152
1.974 0.0908754 0.272477
1.975 0.0911251 0.249737
1.976 0.091352 0.226935
1.977 0.0915561 0.204079
1.978 0.0917373 0.181174
1.979 0.0918955 0.158225
1.98 0.0920307 0.135239
1.981 0.092143 0.11222
1.982 0.0922321 0.0891754
1.983 0.0922982 0.0661102
1.984 0.0923413 0.0430304
1.985 0.0923612 0.0199416
1.986 0.0923581 -0.00315031
1.987 0.0923318 -0.0262396
1.988 0.0922825 -0.0493204
1.989 0.0922101 -0.0723871
1.99 0.0921147 -0.0954339
1.991 0.0919962 -0.118455
1.992 0.0918548 -0.141444
1.993 0.0916904 -0.164397
1.994 0.0915031 -0.187306
1.995 0.0912929 -0.210167
1.996 0.0910599 -0.232974
1.997 0.0908042 -0.25572
1.998 0.0905258 -0.2784
1.999 0.0902248 -0.30101
2 0.0899013 -0.323542
