0 0.0975 -0.25
0.01 0.0925645 -0.49355
0.02 0.0853188 -0.724566
0.03 0.075946 -0.937284
0.04 0.064682 -1.1264
0.05 0.05181 -1.2872
0.06 0.037653 -1.4157
0.07 0.022566 -1.5087
0.08 0.00692696 -1.56391
0.09 -0.00887277 -1.57997
0.1 -0.024438 -1.55653
0.11 -0.0393799 -1.49419
0.12 -0.0533253 -1.39454
0.13 -0.0659264 -1.26011
0.14 -0.0768693 -1.09429
0.15 -0.0858817 -0.901239
0.16 -0.0927398 -0.685814
0.17 -0.097274 -0.453416
0.18 -0.0993727 -0.209868
0.19 -0.0989854 0.0387315
0.2 -0.0961237 0.286164
0.21 -0.0908613 0.526244
0.22 -0.0833315 0.752977
0.23 -0.0737245 0.960703
0.24 -0.062282 1.14425
0.25 -0.0492917 1.29904
0.26 -0.0350794 1.42123
0.27 -0.0200016 1.50779
0.28 -0.00443571 1.55658
0.29 0.0112286 1.56643
0.3 0.0265996 1.5371
0.31 0.0412934 1.46938
0.32 0.054943 1.36497
0.33 0.0672082 1.22652
0.34 0.0777833 1.05752
0.35 0.0864055 0.862211
0.36 0.0928605 0.645507
0.37 0.0969889 0.41284
0.38 0.0986893 0.170037
0.39 0.0979211 -0.0768222
0.4 0.0947054 -0.321563
0.41 0.0891247 -0.55807
0.42 0.0813204 -0.780435
0.43 0.0714893 -0.983112
0.44 0.0598788 -1.16105
0.45 0.0467806 -1.30982
0.46 0.0325234 -1.42572
0.47 0.0174645 -1.50589
0.48 0.00198108 -1.54834
0.49 -0.0135395 -1.55206
0.5 -0.0287092 -1.51697
0.51 -0.043149 -1.44398
0.52 -0.0564986 -1.33495
0.53 -0.068425 -1.19264
0.54 -0.0786312 -1.02062
0.55 -0.0868635 -0.823229
0.56 -0.0929176 -0.605412
0.57 -0.0966439 -0.372633
0.58 -0.0979512 -0.130725
0.59 -0.0968086 0.114257
0.6 -0.0932467 0.356187
0.61 -0.0873565 0.589019
0.62 -0.0792872 0.806939
0.63 -0.069242 1.00451
0.64 -0.0574739 1.17681
0.65 -0.0442783 1.31956
0.66 -0.0299864 1.4292
0.67 -0.0149562 1.50302
0.68 0.000435887 1.53921
0.69 0.0158047 1.53689
0.7 0.0307662 1.49614
0.71 0.0449465 1.41803
0.72 0.0579918 1.30453
0.73 0.0695769 1.15851
0.74 0.0794133 0.983639
0.75 0.0872565 0.784319
0.76 0.092912 0.56555
0.77 0.0962402 0.332818
0.78 0.0971597 0.0919512
0.79 0.0956495 -0.151022
0.8 0.0917492 -0.390024
0.81 0.0855584 -0.619086
0.82 0.0772335 -0.832486
0.83 0.0669845 -1.0249
0.84 0.055069 -1.19155
0.85 0.0417864 -1.32826
0.86 0.0274697 -1.43167
0.87 0.0124777 -1.4992
0.88 -0.00281419 -1.52919
0.89 -0.0180235 -1.52093
0.9 -0.0327701 -1.47466
0.91 -0.0466856 -1.39155
0.92 -0.0594229 -1.27373
0.93 -0.0706644 -1.12415
0.94 -0.0801303 -0.946589
0.95 -0.0875853 -0.745506
0.96 -0.0928448 -0.525946
0.97 -0.0957789 -0.293414
0.98 -0.0963162 -0.0537316
0.99 -0.0944452 0.187102
1 -0.0902146 0.423065
1.01 -0.0837319 0.648263
1.02 -0.0751612 0.857074
1.03 -0.0647183 1.04429
1.04 -0.0526657 1.20525
1.05 -0.0393062 1.33595
1.06 -0.0249747 1.43315
1.07 -0.0100303 1.49444
1.08 0.00515286 1.51832
1.09 0.0201951 1.50422
1.1 0.0347204 1.45253
1.11 0.0483661 1.36457
1.12 0.0607917 1.24256
1.13 0.0716876 1.08959
1.14 0.0807826 0.909498
1.15 0.0878507 0.706814
1.16 0.0927169 0.486622
1.17 0.0952613 0.25444
1.18 0.0954221 0.0160831
1.19 0.0931973 -0.222485
1.2 0.0886443 -0.4553
1.21 0.0818788 -0.676547
1.22 0.0730718 -0.880703
1.23 0.062445 -1.06268
1.24 0.0502656 -1.21794
1.25 0.0368393 -1.34263
1.26 0.0225028 -1.43365
1.27 0.00761515 -1.48876
1.28 -0.00745096 -1.50661
1.29 -0.0223187 -1.48678
1.3 -0.0366167 -1.42979
1.31 -0.0499877 -1.33711
1.32 -0.0620984 -1.21107
1.33 -0.0726469 -1.05485
1.34 -0.0813708 -0.872391
1.35 -0.0880535 -0.668266
1.36 -0.0925295 -0.447598
1.37 -0.0946886 -0.215916
1.38 -0.0944789 0.0209782
1.39 -0.0919073 0.257159
1.4 -0.0870401 0.486721
1.41 -0.0800007 0.703932
1.42 -0.070967 0.903371
1.43 -0.0601664 1.08007
1.44 -0.0478702 1.22962
1.45 -0.0343871 1.34831
1.46 -0.0200551 1.4332
1.47 -0.00523324 1.48219
1.48 0.00970763 1.49409
1.49 0.0243939 1.46862
1.5 0.0384585 1.40646
1.51 0.0515504 1.30919
1.52 0.0633431 1.17927
1.53 0.0735428 1.01997
1.54 0.0818957 0.835294
1.55 0.0881946 0.629887
1.56 0.0922835 0.408897
1.57 0.0940621 0.177861
1.58 0.0934878 -0.057437
1.59 0.0905767 -0.291111
1.6 0.0854035 -0.517319
1.61 0.0780993 -0.730414
1.62 0.0688486 -0.925078
1.63 0.057884 -1.09646
1.64 0.045481 -1.24029
1.65 0.031951 -1.353
1.66 0.017633 -1.4318
1.67 0.00288569 -1.47473
1.68 -0.011922 -1.48077
1.69 -0.0264198 -1.44978
1.7 -0.0402455 -1.38257
1.71 -0.053054 -1.28085
1.72 -0.0645259 -1.14719
1.73 -0.0743755 -0.984958
1.74 -0.0823578 -0.798231
1.75 -0.0882748 -0.591698
1.76 -0.0919802 -0.370538
1.77 -0.0933831 -0.140291
1.78 -0.0924503 0.0932788
1.79 -0.089207 0.32433
1.8 -0.0837361 0.547088
1.81 -0.0761762 0.755991
1.82 -0.066718 0.945826
1.83 -0.0555993 1.11186
1.84 -0.0430996 1.24997
1.85 -0.0295323 1.35672
1.86 -0.0152377 1.42947
1.87 -0.000573486 1.46642
1.88 0.0140933 1.46668
1.89 0.028396 1.43027
1.9 0.0419774 1.35814
1.91 0.0544985 1.25211
1.92 0.0656471 1.11486
1.93 0.0751456 0.949851
1.94 0.0827579 0.761227
1.95 0.0882951 0.553723
1.96 0.0916205 0.332542
1.97 0.0926528 0.103225
1.98 0.0913679 -0.128489
1.99 0.0877998 -0.356806
