0 0.1 0
0.01 0.09875 -0.248438
0.02 0.0950312 -0.490664
0.03 0.0889367 -0.720624
0.04 0.0806188 -0.932568
0.05 0.0702854 -1.1212
0.06 0.0581948 -1.2818
0.07 0.0446494 -1.41035
0.08 0.0299877 -1.50365
0.09 0.0145764 -1.55936
0.1 -0.00119939 -1.57608
0.11 -0.0169452 -1.5534
0.12 -0.0322673 -1.49188
0.13 -0.0467828 -1.39307
0.14 -0.0601287 -1.25943
0.15 -0.0719713 -1.0943
0.16 -0.0820147 -0.901821
0.17 -0.0900078 -0.686793
0.18 -0.0957506 -0.454595
0.19 -0.0990997 -0.211032
0.2 -0.0999712 0.0378066
0.21 -0.0983435 0.2857
0.22 -0.0942572 0.526451
0.23 -0.0878145 0.754041
0.24 -0.0791764 0.962779
0.25 -0.0685589 1.14745
0.26 -0.0562274 1.30343
0.27 -0.0424903 1.42683
0.28 -0.0276909 1.51456
0.29 -0.0121992 1.56442
0.3 0.00359748 1.57517
0.31 0.0193042 1.54654
0.32 0.0345283 1.47925
0.33 0.0488892 1.37498
0.34 0.0620279 1.23633
0.35 0.0736159 1.06678
0.36 0.0833635 0.870554
0.37 0.091027 0.652566
0.38 0.0964148 0.418264
0.39 0.0993923 0.173505
0.4 0.0998849 -0.0755914
0.41 0.0978805 -0.322798
0.42 0.093429 -0.561935
0.43 0.0866418 -0.787023
0.44 0.0776885 -0.992436
0.45 0.066793 -1.17304
0.46 0.0542277 -1.32431
0.47 0.0403068 -1.44248
0.48 0.0253781 -1.52459
0.49 0.00981499 -1.56858
0.5 -0.00599349 -1.57336
0.51 -0.0216521 -1.5388
0.52 -0.0367695 -1.46577
0.53 -0.0509676 -1.3561
0.54 -0.0638915 -1.21253
0.55 -0.0752181 -1.03864
0.56 -0.0846643 -0.838787
0.57 -0.0919939 -0.617964
0.58 -0.0970236 -0.381693
0.59 -0.0996277 -0.135878
0.6 -0.0997412 0.113333
0.61 -0.0973611 0.35971
0.62 -0.092547 0.597096
0.63 -0.0854192 0.819553
0.64 -0.0761559 1.02152
0.65 -0.0649887 1.19795
0.66 -0.0521968 1.34443
0.67 -0.0381 1.45731
0.68 -0.0230507 1.53374
0.69 -0.00742514 1.57184
0.7 0.00838606 1.57064
0.71 0.0239876 1.53017
0.72 0.0389895 1.45145
0.73 0.0530166 1.33644
0.74 0.0657183 1.18802
0.75 0.0767771 1.0099
0.76 0.0859164 0.806537
0.77 0.0929078 0.583007
0.78 0.0975765 0.344901
0.79 0.0998058 0.0981735
0.8 0.09954 -0.151009
0.81 0.0967857 -0.396416
0.82 0.0916117 -0.631913
0.83 0.0841474 -0.851611
0.84 0.0745795 -1.05002
0.85 0.063147 -1.22218
0.86 0.0501359 -1.36378
0.87 0.0358714 -1.47129
0.88 0.0207101 -1.54202
0.89 0.00503103 -1.57419
0.9 -0.0107738 -1.56702
0.91 -0.0263093 -1.52066
0.92 -0.041187 -1.43629
0.93 -0.0550351 -1.31601
0.94 -0.0675073 -1.16284
0.95 -0.0782918 -0.980587
0.96 -0.087119 -0.773823
0.97 -0.0937683 -0.547714
0.98 -0.0980733 -0.307912
0.99 -0.0999265 -0.0604121
1 -0.0992816 0.188598
1.01 -0.0961546 0.432893
1.02 -0.0906237 0.666366
1.03 -0.0828272 0.88318
1.04 -0.0729601 1.07791
1.05 -0.061269 1.2457
1.06 -0.0480461 1.38234
1.07 -0.0336221 1.48443
1.08 -0.0183575 1.5494
1.09 -0.00263401 1.57564
1.1 0.0131553 1.56249
1.11 0.0286158 1.51028
1.12 0.0433609 1.42031
1.13 0.057022 1.29483
1.14 0.0692575 1.13698
1.15 0.0797615 0.950705
1.16 0.0882716 0.740664
1.17 0.0945748 0.512106
1.18 0.0985137 0.270745
1.19 0.0999897 0.0226159
1.2 0.098966 -0.226079
1.21 0.0954681 -0.469121
1.22 0.0895836 -0.700436
1.23 0.0814594 -0.91424
1.24 0.0712988 -1.10519
1.25 0.0593557 -1.26851
1.26 0.0459287 -1.40011
1.27 0.0313534 -1.49671
1.28 0.0159944 -1.5559
1.29 0.000235481 -1.57619
1.3 -0.0155293 -1.55707
1.31 -0.0309059 -1.49902
1.32 -0.0455098 -1.4035
1.33 -0.058976 -1.2729
1.34 -0.0709678 -1.11047
1.35 -0.0811853 -0.920276
1.36 -0.0893733 -0.707078
1.37 -0.0953269 -0.476203
1.38 -0.0988973 -0.233423
1.39 -0.0999954 0.0151932
1.4 -0.0985935 0.263429
1.41 -0.0947268 0.50508
1.42 -0.0884919 0.734103
1.43 -0.0800447 0.944774
1.44 -0.0695964 1.13183
1.45 -0.0574082 1.29058
1.46 -0.0437848 1.41707
1.47 -0.0290668 1.50814
1.48 -0.0136221 1.5615
1.49 0.00216318 1.57582
1.5 0.0178944 1.55075
1.51 0.0331782 1.48691
1.52 0.0476325 1.3859
1.53 0.0608961 1.25023
1.54 0.0726372 1.08332
1.55 0.0825624 0.889318
1.56 0.0904236 0.673086
1.57 0.0960241 0.440026
1.58 0.0992241 0.195966
1.59 0.0999435 -0.0529937
1.6 0.0981642 -0.300628
1.61 0.0939309 -0.540747
1.62 0.0873493 -0.767347
1.63 0.0785839 -0.974764
1.64 0.067854 -1.15781
1.65 0.0554277 -1.31191
1.66 0.0416157 -1.43322
1.67 0.0267634 -1.51869
1.68 0.0112419 -1.5662
1.69 -0.00456061 -1.57455
1.7 -0.0202491 -1.54354
1.71 -0.0354314 -1.47394
1.72 -0.0497278 -1.36749
1.73 -0.0627811 -1.22685
1.74 -0.0742649 -1.05554
1.75 -0.083892 -0.857848
1.76 -0.0914219 -0.638706
1.77 -0.0966661 -0.403596
1.78 -0.0994938 -0.158396
1.79 -0.0998341 0.0907636
1.8 -0.0976785 0.337654
1.81 -0.093081 0.576104
1.82 -0.0861564 0.80015
1.83 -0.077078 1.00419
1.84 -0.0660726 1.18313
1.85 -0.0534153 1.33249
1.86 -0.0394227 1.44854
1.87 -0.0244446 1.52837
1.88 -0.00885527 1.57
1.89 0.0069554 1.57237
1.9 0.0225922 1.53544
1.91 0.0376642 1.46012
1.92 0.0517945 1.34829
1.93 0.0646301 1.20276
1.94 0.0758498 1.02716
1.95 0.0851733 0.825885
1.96 0.0923675 0.603959
1.97 0.0972525 0.366934
1.98 0.0997062 0.120735
1.99 0.0996672 -0.128481
