0 0.1 0
0.001 0.0999875 -0.024998
0.002 0.09995 -0.0499877
0.003 0.0998875 -0.0749629
0.004 0.0998001 -0.0999174
0.005 0.0996877 -0.124845
0.006 0.0995504 -0.149739
0.007 0.0993882 -0.174594
0.008 0.0992012 -0.199403
0.009 0.0989894 -0.224161
0.01 0.0987529 -0.24886
0.011 0.0984918 -0.273495
0.012 0.098206 -0.29806
0.013 0.0978957 -0.322549
0.014 0.0975609 -0.346954
0.015 0.0972018 -0.371271
0.016 0.0968184 -0.395494
0.017 0.0964108 -0.419615
0.018 0.0959792 -0.44363
0.019 0.0955236 -0.467532
0.02 0.0950442 -0.491315
0.021 0.094541 -0.514973
0.022 0.0940143 -0.538501
0.023 0.0934641 -0.561892
0.024 0.0928905 -0.585141
0.025 0.0922938 -0.608242
0.026 0.0916741 -0.631189
0.027 0.0910315 -0.653976
0.028 0.0903662 -0.676598
0.029 0.0896784 -0.699049
0.03 0.0889682 -0.721324
0.031 0.0882358 -0.743416
0.032 0.0874814 -0.765321
0.033 0.0867052 -0.787033
0.034 0.0859074 -0.808546
0.035 0.0850882 -0.829855
0.036 0.0842477 -0.850955
0.037 0.0833863 -0.871841
0.038 0.0825041 -0.892507
0.039 0.0816014 -0.912949
0.04 0.0806783 -0.93316
0.041 0.0797351 -0.953137
0.042 0.0787721 -0.972874
0.043 0.0777895 -0.992366
0.044 0.0767875 -1.01161
0.045 0.0757664 -1.0306
0.046 0.0747264 -1.04932
0.047 0.0736678 -1.06779
0.048 0.0725909 -1.08599
0.049 0.0714959 -1.10391
0.05 0.0703832 -1.12156
0.051 0.0692529 -1.13892
0.052 0.0681054 -1.156
0.053 0.066941 -1.17279
0.054 0.0657599 -1.18928
0.055 0.0645625 -1.20548
0.056 0.0633491 -1.22137
0.057 0.0621199 -1.23695
0.058 0.0608753 -1.25223
0.059 0.0596155 -1.26719
0.06 0.058341 -1.28183
0.061 0.057052 -1.29615
0.062 0.0557488 -1.31015
0.063 0.0544318 -1.32382
0.064 0.0531013 -1.33715
0.065 0.0517576 -1.35015
0.066 0.0504011 -1.36281
0.067 0.0490321 -1.37513
0.068 0.0476509 -1.38711
0.069 0.046258 -1.39874
0.07 0.0448536 -1.41001
0.071 0.0434381 -1.42094
0.072 0.0420118 -1.4315
0.073 0.0405752 -1.44171
0.074 0.0391285 -1.45156
0.075 0.0376722 -1.46104
0.076 0.0362066 -1.47016
0.077 0.034732 -1.47891
0.078 0.0332489 -1.48729
0.079 0.0317575 -1.4953
0.08 0.0302584 -1.50293
0.081 0.0287518 -1.51019
0.082 0.0272381 -1.51706
0.083 0.0257178 -1.52356
0.084 0.0241912 -1.52968
0.085 0.0226586 -1.53541
0.086 0.0211205 -1.54076
0.087 0.0195772 -1.54572
0.088 0.0180291 -1.5503
0.089 0.0164767 -1.55449
0.09 0.0149203 -1.55829
0.091 0.0133603 -1.5617
0.092 0.011797 -1.56472
0.093 0.0102309 -1.56735
0.094 0.00866244 -1.56959
0.095 0.0070919 -1.57143
0.096 0.00551972 -1.57288
0.097 0.00394627 -1.57394
0.098 0.00237197 -1.5746
0.099 0.000797203 -1.57487
0.1 -0.00077764 -1.57475
0.101 -0.00235216 -1.57423
0.102 -0.00392597 -1.57332
0.103 -0.00549867 -1.57202
0.104 -0.00706987 -1.57032
0.105 -0.00863918 -1.56823
0.106 -0.0102062 -1.56575
0.107 -0.0117705 -1.56288
0.108 -0.0133318 -1.55961
0.109 -0.0148896 -1.55596
0.11 -0.0164436 -1.55192
0.111 -0.0179934 -1.54749
0.112 -0.0195385 -1.54268
0.113 -0.0210786 -1.53748
0.114 -0.0226133 -1.53189
0.115 -0.0241422 -1.52592
0.116 -0.025665 -1.51958
0.117 -0.0271813 -1.51285
0.118 -0.0286906 -1.50574
0.119 -0.0301926 -1.49826
0.12 -0.031687 -1.49041
0.121 -0.0331733 -1.48218
0.122 -0.0346512 -1.47359
0.123 -0.0361204 -1.46462
0.124 -0.0375804 -1.45529
0.125 -0.0390308 -1.4456
0.126 -0.0404714 -1.43555
0.127 -0.0419018 -1.42514
0.128 -0.0433216 -1.41437
0.129 -0.0447304 -1.40325
0.13 -0.046128 -1.39178
0.131 -0.0475139 -1.37996
0.132 -0.0488878 -1.3678
0.133 -0.0502494 -1.3553
0.134 -0.0515983 -1.34246
0.135 -0.0529342 -1.32929
0.136 -0.0542567 -1.31578
0.137 -0.0555656 -1.30195
0.138 -0.0568605 -1.28779
0.139 -0.0581411 -1.27332
0.14 -0.0594071 -1.25852
0.141 -0.0606581 -1.24341
0.142 -0.0618938 -1.22799
0.143 -0.0631139 -1.21227
0.144 -0.0643182 -1.19624
0.145 -0.0655063 -1.17992
0.146 -0.066678 -1.1633
0.147 -0.0678328 -1.1464
0.148 -0.0689707 -1.12921
0.149 -0.0700912 -1.11173
0.15 -0.071194 -1.09398
0.151 -0.072279 -1.07596
0.152 -0.0733459 -1.05767
0.153 -0.0743943 -1.03912
0.154 -0.075424 -1.02031
0.155 -0.0764348 -1.00125
0.156 -0.0774265 -0.981936
0.157 -0.0783986 -0.962379
0.158 -0.0793511 -0.942584
0.159 -0.0802837 -0.922555
0.16 -0.0811962 -0.902296
0.161 -0.0820882 -0.881814
0.162 -0.0829597 -0.861113
0.163 -0.0838104 -0.840198
0.164 -0.08464 -0.819075
0.165 -0.0854485 -0.797749
0.166 -0.0862355 -0.776225
0.167 -0.0870009 -0.754509
0.168 -0.0877444 -0.732606
0.169 -0.088466 -0.710521
0.17 -0.0891654 -0.688261
0.171 -0.0898425 -0.66583
0.172 -0.090497 -0.643235
0.173 -0.0911289 -0.620481
0.174 -0.0917379 -0.597573
0.175 -0.092324 -0.574518
0.176 -0.0928869 -0.551321
0.177 -0.0934266 -0.527988
0.178 -0.0939429 -0.504525
0.179 -0.0944356 -0.480938
0.18 -0.0949047 -0.457232
0.181 -0.09535 -0.433414
0.182 -0.0957715 -0.40949
0.183 -0.096169 -0.385465
0.184 -0.0965424 -0.361346
0.185 -0.0968916 -0.337138
0.186 -0.0972166 -0.312848
0.187 -0.0975173 -0.288482
0.188 -0.0977936 -0.264045
0.189 -0.0980454 -0.239545
0.19 -0.0982726 -0.214986
0.191 -0.0984753 -0.190376
0.192 -0.0986534 -0.16572
0.193 -0.0988068 -0.141025
0.194 -0.0989354 -0.116296
0.195 -0.0990393 -0.0915408
0.196 -0.0991185 -0.0667642
0.197 -0.0991729 -0.0419729
0.198 -0.0992024 -0.0171731
0.199 -0.0992072 0.00762897
0.2 -0.0991872 0.0324272
0.201 -0.0991424 0.0572153
0.202 -0.0990728 0.0819871
0.203 -0.0989784 0.106737
0.204 -0.0988593 0.131457
0.205 -0.0987155 0.156143
0.206 -0.098547 0.180788
0.207 -0.0983539 0.205386
0.208 -0.0981363 0.22993
0.209 -0.0978941 0.254415
0.21 -0.0976275 0.278834
0.211 -0.0973364 0.303182
0.212 -0.0970211 0.327452
0.213 -0.0966816 0.351638
0.214 -0.0963179 0.375734
0.215 -0.0959301 0.399735
0.216 -0.0955184 0.423634
0.217 -0.0950829 0.447424
0.218 -0.0946236 0.471101
0.219 -0.0941407 0.494659
0.22 -0.0936343 0.518091
0.221 -0.0931046 0.541391
0.222 -0.0925516 0.564554
0.223 -0.0919755 0.587575
0.224 -0.0913765 0.610446
0.225 -0.0907547 0.633163
0.226 -0.0901102 0.65572
0.227 -0.0894433 0.678112
0.228 -0.0887541 0.700332
0.229 -0.0880427 0.722375
0.23 -0.0873094 0.744236
0.231 -0.0865543 0.765909
0.232 -0.0857776 0.787389
0.233 -0.0849796 0.80867
0.234 -0.0841604 0.829747
0.235 -0.0833202 0.850615
0.236 -0.0824592 0.871269
0.237 -0.0815777 0.891704
0.238 -0.0806759 0.911914
0.239 -0.0797539 0.931894
0.24 -0.0788122 0.95164
0.241 -0.0778507 0.971146
0.242 -0.0768699 0.990409
0.243 -0.07587 1.00942
0.244 -0.0748512 1.02818
0.245 -0.0738137 1.04668
0.246 -0.0727579 1.06492
0.247 -0.071684 1.08289
0.248 -0.0705922 1.10059
0.249 -0.0694829 1.11801
0.25 -0.0683563 1.13515
0.251 -0.0672127 1.152
0.252 -0.0660524 1.16857
0.253 -0.0648757 1.18484
0.254 -0.0636828 1.20081
0.255 -0.0624741 1.21649
0.256 -0.0612499 1.23186
0.257 -0.0600105 1.24691
0.258 -0.0587562 1.26166
0.259 -0.0574873 1.27609
0.26 -0.0562042 1.2902
0.261 -0.054907 1.30398
0.262 -0.0535963 1.31744
0.263 -0.0522723 1.33057
0.264 -0.0509353 1.34336
0.265 -0.0495856 1.35582
0.266 -0.0482237 1.36794
0.267 -0.0468499 1.37971
0.268 -0.0454644 1.39114
0.269 -0.0440677 1.40222
0.27 -0.0426601 1.41295
0.271 -0.0412419 1.42333
0.272 -0.0398136 1.43334
0.273 -0.0383754 1.443
0.274 -0.0369277 1.4523
0.275 -0.0354709 1.46123
0.276 -0.0340053 1.4698
0.277 -0.0325314 1.478
0.278 -0.0310495 1.48583
0.279 -0.0295599 1.49329
0.28 -0.028063 1.50037
0.281 -0.0265593 1.50708
0.282 -0.025049 1.51341
0.283 -0.0235326 1.51936
0.284 -0.0220104 1.52493
0.285 -0.0204828 1.53012
0.286 -0.0189503 1.53493
0.287 -0.0174131 1.53935
0.288 -0.0158717 1.54339
0.289 -0.0143265 1.54704
0.29 -0.0127778 1.5503
0.291 -0.011226 1.55318
0.292 -0.00967154 1.55567
0.293 -0.00811479 1.55776
0.294 -0.00655614 1.55947
0.295 -0.00499598 1.56079
0.296 -0.00343469 1.56172
0.297 -0.00187266 1.56226
0.298 -0.000310297 1.56241
0.299 0.00125202 1.56217
0.3 0.0028139 1.56153
0.301 0.00437496 1.56051
0.302 0.00593479 1.5591
0.303 0.00749302 1.55729
0.304 0.00904925 1.5551
0.305 0.0106031 1.55252
0.306 0.0121542 1.54955
0.307 0.0137021 1.54619
0.308 0.0152464 1.54245
0.309 0.0167868 1.53832
0.31 0.0183229 1.53381
0.311 0.0198543 1.52892
0.312 0.0213806 1.52364
0.313 0.0229015 1.51798
0.314 0.0244165 1.51195
0.315 0.0259253 1.50553
0.316 0.0274274 1.49875
0.317 0.0289226 1.49158
0.318 0.0304105 1.48405
0.319 0.0318906 1.47614
0.32 0.0333626 1.46787
0.321 0.0348262 1.45922
0.322 0.036281 1.45022
0.323 0.0377265 1.44085
0.324 0.0391625 1.43113
0.325 0.0405887 1.42104
0.326 0.0420045 1.41061
0.327 0.0434097 1.39982
0.328 0.044804 1.38868
0.329 0.046187 1.37719
0.33 0.0475583 1.36536
0.331 0.0489176 1.3532
0.332 0.0502646 1.34069
0.333 0.0515989 1.32785
0.334 0.0529202 1.31468
0.335 0.0542281 1.30118
0.336 0.0555224 1.28736
0.337 0.0568027 1.27322
0.338 0.0580687 1.25875
0.339 0.0593201 1.24398
0.34 0.0605566 1.2289
0.341 0.0617778 1.21351
0.342 0.0629835 1.19782
0.343 0.0641734 1.18182
0.344 0.0653471 1.16554
0.345 0.0665043 1.14897
0.346 0.0676449 1.13211
0.347 0.0687685 1.11496
0.348 0.0698747 1.09754
0.349 0.0709635 1.07985
0.35 0.0720344 1.06189
0.351 0.0730872 1.04367
0.352 0.0741216 1.02518
0.353 0.0751374 1.00644
0.354 0.0761344 0.987455
0.355 0.0771123 0.96822
0.356 0.0780708 0.948745
0.357 0.0790097 0.929035
0.358 0.0799288 0.909093
0.359 0.0808278 0.888926
0.36 0.0817065 0.868539
0.361 0.0825648 0.847936
0.362 0.0834023 0.827123
0.363 0.084219 0.806104
0.364 0.0850145 0.784886
0.365 0.0857887 0.763473
0.366 0.0865414 0.741871
0.367 0.0872724 0.720086
0.368 0.0879815 0.698122
0.369 0.0886685 0.675985
0.37 0.0893334 0.653681
0.371 0.0899759 0.631216
0.372 0.0905958 0.608594
0.373 0.091193 0.585822
0.374 0.0917674 0.562906
0.375 0.0923188 0.53985
0.376 0.092847 0.516662
0.377 0.093352 0.493346
0.378 0.0938337 0.469909
0.379 0.0942918 0.446356
0.38 0.0947264 0.422694
0.381 0.0951372 0.398927
0.382 0.0955242 0.375063
0.383 0.0958873 0.351107
0.384 0.0962264 0.327065
0.385 0.0965414 0.302944
0.386 0.0968322 0.278748
0.387 0.0970988 0.254485
0.388 0.0973412 0.23016
0.389 0.0975591 0.20578
0.39 0.0977527 0.18135
0.391 0.0979218 0.156876
0.392 0.0980665 0.132366
0.393 0.0981866 0.107824
0.394 0.0982821 0.0832571
0.395 0.0983531 0.0586716
0.396 0.0983994 0.0340733
0.397 0.0984212 0.00946844
0.398 0.0984184 -0.0151368
0.399 0.0983909 -0.0397363
0.4 0.0983389 -0.0643238
0.401 0.0982623 -0.0888934
0.402 0.0981611 -0.113439
0.403 0.0980354 -0.137954
0.404 0.0978852 -0.162432
0.405 0.0977106 -0.186868
0.406 0.0975115 -0.211256
0.407 0.0972881 -0.235588
0.408 0.0970404 -0.25986
0.409 0.0967684 -0.284065
0.41 0.0964722 -0.308197
0.411 0.096152 -0.33225
0.412 0.0958078 -0.356218
0.413 0.0954396 -0.380095
0.414 0.0950476 -0.403875
0.415 0.0946319 -0.427552
0.416 0.0941926 -0.45112
0.417 0.0937297 -0.474574
0.418 0.0932434 -0.497907
0.419 0.0927339 -0.521114
0.42 0.0922013 -0.544189
0.421 0.0916456 -0.567126
0.422 0.0910671 -0.589919
0.423 0.0904658 -0.612563
0.424 0.089842 -0.635052
0.425 0.0891958 -0.65738
0.426 0.0885273 -0.679543
0.427 0.0878367 -0.701534
0.428 0.0871243 -0.723347
0.429 0.0863901 -0.744978
0.43 0.0856344 -0.766421
0.431 0.0848573 -0.787671
0.432 0.0840591 -0.808722
0.433 0.0832399 -0.829569
0.434 0.0824 -0.850208
0.435 0.0815396 -0.870632
0.436 0.0806588 -0.890836
0.437 0.079758 -0.910817
0.438 0.0788373 -0.930568
0.439 0.0778969 -0.950085
0.44 0.0769372 -0.969363
0.441 0.0759583 -0.988397
0.442 0.0749605 -1.00718
0.443 0.073944 -1.02571
0.444 0.0729091 -1.04399
0.445 0.0718561 -1.062
0.446 0.0707852 -1.07975
0.447 0.0696967 -1.09722
0.448 0.0685909 -1.11442
0.449 0.067468 -1.13133
0.45 0.0663283 -1.14797
0.451 0.0651721 -1.16431
0.452 0.0639998 -1.18037
0.453 0.0628115 -1.19612
0.454 0.0616076 -1.21158
0.455 0.0603884 -1.22673
0.456 0.0591543 -1.24158
0.457 0.0579054 -1.25611
0.458 0.0566422 -1.27033
0.459 0.0553649 -1.28423
0.46 0.0540738 -1.2978
0.461 0.0527694 -1.31105
0.462 0.0514518 -1.32398
0.463 0.0501215 -1.33657
0.464 0.0487788 -1.34882
0.465 0.047424 -1.36074
0.466 0.0460574 -1.37232
0.467 0.0446795 -1.38355
0.468 0.0432904 -1.39443
0.469 0.0418907 -1.40497
0.47 0.0404806 -1.41515
0.471 0.0390605 -1.42498
0.472 0.0376308 -1.43445
0.473 0.0361917 -1.44357
0.474 0.0347438 -1.45232
0.475 0.0332872 -1.46071
0.476 0.0318225 -1.46873
0.477 0.0303499 -1.47638
0.478 0.0288698 -1.48367
0.479 0.0273827 -1.49058
0.48 0.0258888 -1.49712
0.481 0.0243886 -1.50328
0.482 0.0228824 -1.50907
0.483 0.0213706 -1.51448
0.484 0.0198535 -1.51951
0.485 0.0183317 -1.52417
0.486 0.0168053 -1.52844
0.487 0.0152749 -1.53232
0.488 0.0137408 -1.53583
0.489 0.0122034 -1.53895
0.49 0.010663 -1.54168
0.491 0.00912014 -1.54403
0.492 0.0075751 -1.546
0.493 0.00602828 -1.54757
0.494 0.00448008 -1.54876
0.495 0.00293088 -1.54956
0.496 0.00138108 -1.54998
0.497 -0.000168946 -1.55001
0.498 -0.00171881 -1.54965
0.499 -0.00326811 -1.5489
0.5 -0.00481648 -1.54777
0.501 -0.00636351 -1.54624
0.502 -0.00790884 -1.54434
0.503 -0.00945206 -1.54204
0.504 -0.0109928 -1.53936
0.505 -0.0125307 -1.5363
0.506 -0.0140653 -1.53285
0.507 -0.0155962 -1.52902
0.508 -0.0171232 -1.52481
0.509 -0.0186457 -1.52022
0.51 -0.0201635 -1.51524
0.511 -0.0216761 -1.50989
0.512 -0.0231832 -1.50417
0.513 -0.0246843 -1.49806
0.514 -0.0261792 -1.49158
0.515 -0.0276673 -1.48473
0.516 -0.0291485 -1.47751
0.517 -0.0306222 -1.46992
0.518 -0.0320882 -1.46197
0.519 -0.0335461 -1.45365
0.52 -0.0349954 -1.44496
0.521 -0.0364359 -1.43592
0.522 -0.0378671 -1.42652
0.523 -0.0392888 -1.41676
0.524 -0.0407005 -1.40665
0.525 -0.042102 -1.39618
0.526 -0.0434928 -1.38537
0.527 -0.0448726 -1.37422
0.528 -0.0462411 -1.36272
0.529 -0.0475979 -1.35088
0.53 -0.0489427 -1.3387
0.531 -0.0502752 -1.32619
0.532 -0.051595 -1.31335
0.533 -0.0529018 -1.30019
0.534 -0.0541953 -1.2867
0.535 -0.0554751 -1.27289
0.536 -0.0567409 -1.25876
0.537 -0.0579925 -1.24431
0.538 -0.0592295 -1.22956
0.539 -0.0604515 -1.2145
0.54 -0.0616584 -1.19914
0.541 -0.0628497 -1.18348
0.542 -0.0640252 -1.16753
0.543 -0.0651847 -1.15129
0.544 -0.0663277 -1.13476
0.545 -0.0674541 -1.11794
0.546 -0.0685635 -1.10085
0.547 -0.0696557 -1.08349
0.548 -0.0707304 -1.06585
0.549 -0.0717873 -1.04795
0.55 -0.0728262 -1.02979
0.551 -0.0738468 -1.01138
0.552 -0.0748489 -0.992708
0.553 -0.0758322 -0.973794
0.554 -0.0767964 -0.954638
0.555 -0.0777413 -0.935244
0.556 -0.0786668 -0.915619
0.557 -0.0795725 -0.895766
0.558 -0.0804583 -0.875691
0.559 -0.0813238 -0.855399
0.56 -0.082169 -0.834894
0.561 -0.0829935 -0.814182
0.562 -0.0837973 -0.793269
0.563 -0.08458 -0.772159
0.564 -0.0853415 -0.750857
0.565 -0.0860817 -0.729369
0.566 -0.0868002 -0.707701
0.567 -0.087497 -0.685858
0.568 -0.0881719 -0.663845
0.569 -0.0888246 -0.641668
0.57 -0.0894552 -0.619332
0.571 -0.0900633 -0.596843
0.572 -0.0906488 -0.574206
0.573 -0.0912116 -0.551428
0.574 -0.0917516 -0.528514
0.575 -0.0922686 -0.50547
0.576 -0.0927625 -0.482301
0.577 -0.0932332 -0.459013
0.578 -0.0936805 -0.435613
0.579 -0.0941044 -0.412106
0.58 -0.0945047 -0.388497
0.581 -0.0948813 -0.364793
0.582 -0.0952342 -0.341
0.583 -0.0955633 -0.317123
0.584 -0.0958684 -0.293169
0.585 -0.0961496 -0.269144
0.586 -0.0964067 -0.245054
0.587 -0.0966397 -0.220904
0.588 -0.0968485 -0.1967
0.589 -0.0970331 -0.17245
0.59 -0.0971934 -0.148158
0.591 -0.0973294 -0.123832
0.592 -0.097441 -0.0994758
0.593 -0.0975283 -0.0750971
0.594 -0.0975912 -0.0507017
0.595 -0.0976297 -0.0262955
0.596 -0.0976438 -0.00188462
0.597 -0.0976335 0.0225247
0.598 -0.0975988 0.0469265
0.599 -0.0975396 0.0713146
0.6 -0.0974561 0.0956829
0.601 -0.0973483 0.120025
0.602 -0.0972161 0.144336
0.603 -0.0970596 0.168608
0.604 -0.0968789 0.192837
0.605 -0.096674 0.217015
0.606 -0.0964449 0.241137
0.607 -0.0961917 0.265197
0.608 -0.0959145 0.289188
0.609 -0.0956134 0.313106
0.61 -0.0952883 0.336943
0.611 -0.0949395 0.360694
0.612 -0.094567 0.384353
0.613 -0.0941708 0.407914
0.614 -0.0937512 0.431371
0.615 -0.0933081 0.454719
0.616 -0.0928418 0.477951
0.617 -0.0923523 0.501061
0.618 -0.0918397 0.524045
0.619 -0.0913042 0.546895
0.62 -0.090746 0.569607
0.621 -0.0901651 0.592175
0.622 -0.0895617 0.614593
0.623 -0.0889359 0.636856
0.624 -0.088288 0.658957
0.625 -0.0876181 0.680893
0.626 -0.0869263 0.702656
0.627 -0.0862128 0.724241
0.628 -0.0854779 0.745644
0.629 -0.0847216 0.766859
0.63 -0.0839442 0.787881
0.631 -0.0831459 0.808704
0.632 -0.0823269 0.829323
0.633 -0.0814873 0.849733
0.634 -0.0806275 0.869929
0.635 -0.0797475 0.889906
0.636 -0.0788477 0.909658
0.637 -0.0779283 0.929182
0.638 -0.0769894 0.948472
0.639 -0.0760314 0.967524
0.64 -0.0750545 0.986332
0.641 -0.0740589 1.00489
0.642 -0.0730448 1.0232
0.643 -0.0720125 1.04125
0.644 -0.0709624 1.05904
0.645 -0.0698946 1.07656
0.646 -0.0688093 1.09381
0.647 -0.067707 1.11079
0.648 -0.0665879 1.12748
0.649 -0.0654521 1.1439
0.65 -0.0643002 1.16003
0.651 -0.0631322 1.17586
0.652 -0.0619485 1.1914
0.653 -0.0607495 1.20664
0.654 -0.0595353 1.22158
0.655 -0.0583064 1.23622
0.656 -0.057063 1.25054
0.657 -0.0558054 1.26455
0.658 -0.054534 1.27824
0.659 -0.0532491 1.29161
0.66 -0.0519509 1.30465
0.661 -0.0506399 1.31737
0.662 -0.0493163 1.32976
0.663 -0.0479805 1.34182
0.664 -0.0466328 1.35354
0.665 -0.0452735 1.36492
0.666 -0.043903 1.37595
0.667 -0.0425217 1.38665
0.668 -0.0411299 1.39699
0.669 -0.0397278 1.40699
0.67 -0.038316 1.41663
0.671 -0.0368947 1.42592
0.672 -0.0354643 1.43485
0.673 -0.0340251 1.44342
0.674 -0.0325776 1.45163
0.675 -0.031122 1.45948
0.676 -0.0296587 1.46696
0.677 -0.0281882 1.47407
0.678 -0.0267107 1.48081
0.679 -0.0252267 1.48719
0.68 -0.0237365 1.49319
0.681 -0.0222404 1.49882
0.682 -0.020739 1.50407
0.683 -0.0192324 1.50894
0.684 -0.0177212 1.51344
0.685 -0.0162057 1.51756
0.686 -0.0146862 1.5213
0.687 -0.0131632 1.52466
0.688 -0.011637 1.52764
0.689 -0.010108 1.53024
0.69 -0.00857666 1.53245
0.691 -0.00704327 1.53428
0.692 -0.00550823 1.53573
0.693 -0.00397194 1.53679
0.694 -0.00243479 1.53747
0.695 -0.000897141 1.53776
0.696 0.000640605 1.53767
0.697 0.00217807 1.53719
0.698 0.00371486 1.53633
0.699 0.00525061 1.53509
0.7 0.00678491 1.53346
0.701 0.0083174 1.53145
0.702 0.00984769 1.52906
0.703 0.0113754 1.52628
0.704 0.0129001 1.52313
0.705 0.0144215 1.51959
0.706 0.0159392 1.51567
0.707 0.0174527 1.51138
0.708 0.0189618 1.50671
0.709 0.020466 1.50166
0.71 0.021965 1.49623
0.711 0.0234584 1.49044
0.712 0.0249457 1.48427
0.713 0.0264268 1.47773
0.714 0.0279011 1.47082
0.715 0.0293683 1.46354
0.716 0.030828 1.4559
0.717 0.03228 1.44789
0.718 0.0337237 1.43953
0.719 0.0351589 1.4308
0.72 0.0365852 1.42172
0.721 0.0380022 1.41228
0.722 0.0394096 1.40249
0.723 0.0408071 1.39235
0.724 0.0421942 1.38187
0.725 0.0435707 1.37104
0.726 0.0449362 1.35986
0.727 0.0462903 1.34835
0.728 0.0476328 1.3365
0.729 0.0489632 1.32432
0.73 0.0502813 1.31181
0.731 0.0515867 1.29897
0.732 0.0528792 1.28581
0.733 0.0541583 1.27233
0.734 0.0554237 1.25853
0.735 0.0566752 1.24442
0.736 0.0579125 1.23
0.737 0.0591351 1.21527
0.738 0.0603429 1.20023
0.739 0.0615355 1.1849
0.74 0.0627126 1.16928
0.741 0.0638739 1.15336
0.742 0.0650192 1.13716
0.743 0.0661482 1.12067
0.744 0.0672605 1.10391
0.745 0.0683559 1.08687
0.746 0.0694341 1.06956
0.747 0.0704949 1.05198
0.748 0.071538 1.03414
0.749 0.0725631 1.01605
0.75 0.07357 0.997699
0.751 0.0745584 0.979103
0.752 0.0755281 0.960265
0.753 0.0764789 0.941187
0.754 0.0774104 0.921876
0.755 0.0783225 0.902336
0.756 0.079215 0.882572
0.757 0.0800876 0.862589
0.758 0.0809401 0.842392
0.759 0.0817723 0.821986
0.76 0.082584 0.801376
0.761 0.083375 0.780568
0.762 0.0841451 0.759565
0.763 0.0848941 0.738375
0.764 0.0856218 0.717002
0.765 0.086328 0.695451
0.766 0.0870126 0.673729
0.767 0.0876754 0.651839
0.768 0.0883163 0.629788
0.769 0.088935 0.607582
0.77 0.0895314 0.585226
0.771 0.0901054 0.562725
0.772 0.0906568 0.540085
0.773 0.0911855 0.517312
0.774 0.0916914 0.494411
0.775 0.0921743 0.471389
0.776 0.0926341 0.448251
0.777 0.0930707 0.425002
0.778 0.0934841 0.401649
0.779 0.093874 0.378198
0.78 0.0942404 0.354654
0.781 0.0945833 0.331023
0.782 0.0949024 0.307311
0.783 0.0951979 0.283524
0.784 0.0954695 0.259669
0.785 0.0957172 0.23575
0.786 0.095941 0.211774
0.787 0.0961407 0.187748
0.788 0.0963164 0.163676
0.789 0.0964681 0.139565
0.79 0.0965956 0.115422
0.791 0.0966989 0.091251
0.792 0.096778 0.0670595
0.793 0.096833 0.0428533
0.794 0.0968638 0.0186382
0.795 0.0968703 -0.00557958
0.796 0.0968526 -0.029794
0.797 0.0968107 -0.0539991
0.798 0.0967446 -0.0781887
0.799 0.0966543 -0.102357
0.8 0.0965399 -0.126497
0.801 0.0964013 -0.150605
0.802 0.0962387 -0.174672
0.803 0.096052 -0.198694
0.804 0.0958413 -0.222664
0.805 0.0956067 -0.246577
0.806 0.0953482 -0.270426
0.807 0.0950659 -0.294206
0.808 0.0947598 -0.31791
0.809 0.0944301 -0.341533
0.81 0.0940768 -0.365069
0.811 0.0937 -0.388511
0.812 0.0932998 -0.411854
0.813 0.0928763 -0.435093
0.814 0.0924296 -0.458221
0.815 0.0919599 -0.481233
0.816 0.0914672 -0.504122
0.817 0.0909517 -0.526884
0.818 0.0904135 -0.549512
0.819 0.0898527 -0.572001
0.82 0.0892695 -0.594345
0.821 0.0886641 -0.616538
0.822 0.0880365 -0.638576
0.823 0.087387 -0.660453
0.824 0.0867157 -0.682162
0.825 0.0860227 -0.7037
0.826 0.0853083 -0.725059
0.827 0.0845727 -0.746236
0.828 0.0838159 -0.767224
0.829 0.0830383 -0.788019
0.83 0.0822399 -0.808616
0.831 0.0814211 -0.829008
0.832 0.080582 -0.849192
0.833 0.0797228 -0.869162
0.834 0.0788437 -0.888913
0.835 0.077945 -0.90844
0.836 0.0770269 -0.927738
0.837 0.0760896 -0.946803
0.838 0.0751334 -0.96563
0.839 0.0741585 -0.984214
0.84 0.0731651 -1.00255
0.841 0.0721535 -1.02063
0.842 0.0711239 -1.03846
0.843 0.0700766 -1.05603
0.844 0.0690119 -1.07333
0.845 0.06793 -1.09036
0.846 0.0668313 -1.10712
0.847 0.0657159 -1.1236
0.848 0.0645842 -1.1398
0.849 0.0634364 -1.15571
0.85 0.0622729 -1.17133
0.851 0.0610938 -1.18665
0.852 0.0598997 -1.20168
0.853 0.0586906 -1.21641
0.854 0.0574669 -1.23083
0.855 0.056229 -1.24495
0.856 0.0549771 -1.25875
0.857 0.0537116 -1.27223
0.858 0.0524328 -1.2854
0.859 0.0511409 -1.29824
0.86 0.0498364 -1.31076
0.861 0.0485195 -1.32295
0.862 0.0471906 -1.33481
0.863 0.04585 -1.34633
0.864 0.0444981 -1.35752
0.865 0.0431351 -1.36836
0.866 0.0417615 -1.37886
0.867 0.0403775 -1.38902
0.868 0.0389835 -1.39883
0.869 0.0375799 -1.40829
0.87 0.0361671 -1.41739
0.871 0.0347453 -1.42614
0.872 0.0333149 -1.43454
0.873 0.0318763 -1.44257
0.874 0.0304299 -1.45024
0.875 0.028976 -1.45755
0.876 0.0275149 -1.4645
0.877 0.0260471 -1.47108
0.878 0.0245729 -1.47729
0.879 0.0230926 -1.48313
0.88 0.0216067 -1.48859
0.881 0.0201156 -1.49369
0.882 0.0186195 -1.49841
0.883 0.0171189 -1.50276
0.884 0.0156141 -1.50673
0.885 0.0141055 -1.51033
0.886 0.0125936 -1.51354
0.887 0.0110786 -1.51638
0.888 0.00956094 -1.51884
0.889 0.00804103 -1.52092
0.89 0.00651923 -1.52262
0.891 0.00499592 -1.52393
0.892 0.00347149 -1.52487
0.893 0.00194631 -1.52542
0.894 0.000420768 -1.5256
0.895 -0.00110476 -1.52539
0.896 -0.00262989 -1.5248
0.897 -0.00415424 -1.52383
0.898 -0.00567743 -1.52248
0.899 -0.00719907 -1.52075
0.9 -0.0087188 -1.51864
0.901 -0.0102362 -1.51615
0.902 -0.011751 -1.51328
0.903 -0.0132627 -1.51003
0.904 -0.0147709 -1.50641
0.905 -0.0162753 -1.5024
0.906 -0.0177756 -1.49803
0.907 -0.0192713 -1.49328
0.908 -0.020762 -1.48815
0.909 -0.0222475 -1.48266
0.91 -0.0237272 -1.47679
0.911 -0.0252009 -1.47056
0.912 -0.0266682 -1.46396
0.913 -0.0281287 -1.45699
0.914 -0.0295821 -1.44966
0.915 -0.0310279 -1.44197
0.916 -0.0324659 -1.43392
0.917 -0.0338956 -1.42551
0.918 -0.0353168 -1.41674
0.919 -0.036729 -1.40762
0.92 -0.0381319 -1.39815
0.921 -0.0395252 -1.38833
0.922 -0.0409085 -1.37817
0.923 -0.0422814 -1.36766
0.924 -0.0436437 -1.35681
0.925 -0.0449949 -1.34562
0.926 -0.0463348 -1.3341
0.927 -0.047663 -1.32224
0.928 -0.0489792 -1.31006
0.929 -0.050283 -1.29754
0.93 -0.0515742 -1.28471
0.931 -0.0528523 -1.27155
0.932 -0.0541172 -1.25808
0.933 -0.0553684 -1.24429
0.934 -0.0566056 -1.2302
0.935 -0.0578287 -1.2158
0.936 -0.0590371 -1.20109
0.937 -0.0602308 -1.18609
0.938 -0.0614092 -1.17079
0.939 -0.0625722 -1.1552
0.94 -0.0637195 -1.13932
0.941 -0.0648508 -1.12315
0.942 -0.0659657 -1.10671
0.943 -0.0670641 -1.09
0.944 -0.0681456 -1.07301
0.945 -0.06921 -1.05575
0.946 -0.070257 -1.03824
0.947 -0.0712864 -1.02046
0.948 -0.0722979 -1.00243
0.949 -0.0732912 -0.984152
0.95 -0.0742661 -0.965629
0.951 -0.0752224 -0.946866
0.952 -0.0761598 -0.927868
0.953 -0.077078 -0.90864
0.954 -0.077977 -0.889185
0.955 -0.0788563 -0.86951
0.956 -0.0797159 -0.84962
0.957 -0.0805555 -0.829518
0.958 -0.0813749 -0.809211
0.959 -0.0821739 -0.788703
0.96 -0.0829522 -0.768
0.961 -0.0837098 -0.747106
0.962 -0.0844464 -0.726027
0.963 -0.0851618 -0.704768
0.964 -0.0858558 -0.683335
0.965 -0.0865284 -0.661733
0.966 -0.0871793 -0.639967
0.967 -0.0878083 -0.618043
0.968 -0.0884153 -0.595966
0.969 -0.0890002 -0.573741
0.97 -0.0895627 -0.551376
0.971 -0.0901029 -0.528874
0.972 -0.0906204 -0.506241
0.973 -0.0911153 -0.483484
0.974 -0.0915874 -0.460608
0.975 -0.0920365 -0.437619
0.976 -0.0924626 -0.414522
0.977 -0.0928655 -0.391323
0.978 -0.0932452 -0.368028
0.979 -0.0936015 -0.344644
0.98 -0.0939344 -0.321175
0.981 -0.0942438 -0.297627
0.982 -0.0945297 -0.274007
0.983 -0.0947918 -0.25032
0.984 -0.0950303 -0.226573
0.985 -0.095245 -0.202771
0.986 -0.0954358 -0.17892
0.987 -0.0956028 -0.155026
0.988 -0.0957459 -0.131096
0.989 -0.095865 -0.107134
0.99 -0.0959601 -0.0831482
0.991 -0.0960313 -0.0591431
0.992 -0.0960784 -0.0351251
0.993 -0.0961015 -0.0111003
0.994 -0.0961006 0.0129254
0.995 -0.0960757 0.036946
0.996 -0.0960267 0.0609553
0.997 -0.0959538 0.0849476
0.998 -0.0958568 0.108917
0.999 -0.0957359 0.132857
1 -0.0955911 0.156761
1.001 -0.0954224 0.180625
1.002 -0.0952299 0.204442
1.003 -0.0950136 0.228205
1.004 -0.0947735 0.25191
1.005 -0.0945098 0.27555
1.006 -0.0942224 0.299119
1.007 -0.0939115 0.322611
1.008 -0.0935772 0.346021
1.009 -0.0932195 0.369342
1.01 -0.0928386 0.39257
1.011 -0.0924344 0.415697
1.012 -0.0920072 0.438719
1.013 -0.091557 0.461628
1.014 -0.091084 0.484421
1.015 -0.0905882 0.507091
1.016 -0.0900699 0.529632
1.017 -0.089529 0.552039
1.018 -0.0889658 0.574307
1.019 -0.0883804 0.596429
1.02 -0.087773 0.6184
1.021 -0.0871437 0.640214
1.022 -0.0864926 0.661867
1.023 -0.08582 0.683353
1.024 -0.085126 0.704666
1.025 -0.0844107 0.725801
1.026 -0.0836745 0.746754
1.027 -0.0829173 0.767517
1.028 -0.0821395 0.788088
1.029 -0.0813412 0.808459
1.03 -0.0805226 0.828627
1.031 -0.079684 0.848586
1.032 -0.0788255 0.868332
1.033 -0.0779474 0.887859
1.034 -0.0770499 0.907162
1.035 -0.0761332 0.926237
1.036 -0.0751975 0.945079
1.037 -0.0742431 0.963683
1.038 -0.0732702 0.982045
1.039 -0.0722791 1.00016
1.04 -0.07127 1.01802
1.041 -0.0702431 1.03563
1.042 -0.0691988 1.05298
1.043 -0.0681373 1.07006
1.044 -0.0670588 1.08687
1.045 -0.0659636 1.10341
1.046 -0.064852 1.11968
1.047 -0.0637243 1.13566
1.048 -0.0625808 1.15136
1.049 -0.0614217 1.16676
1.05 -0.0602474 1.18188
1.051 -0.0590581 1.1967
1.052 -0.0578541 1.21122
1.053 -0.0566357 1.22543
1.054 -0.0554033 1.23934
1.055 -0.0541572 1.25293
1.056 -0.0528976 1.26621
1.057 -0.0516248 1.27918
1.058 -0.0503393 1.29182
1.059 -0.0490413 1.30414
1.06 -0.0477312 1.31613
1.061 -0.0464092 1.32779
1.062 -0.0450757 1.33912
1.063 -0.043731 1.35012
1.064 -0.0423756 1.36077
1.065 -0.0410096 1.37108
1.066 -0.0396335 1.38106
1.067 -0.0382476 1.39068
1.068 -0.0368523 1.39996
1.069 -0.0354478 1.40888
1.07 -0.0340346 1.41745
1.071 -0.032613 1.42567
1.072 -0.0311834 1.43353
1.073 -0.0297461 1.44103
1.074 -0.0283015 1.44817
1.075 -0.0268499 1.45495
1.076 -0.0253917 1.46136
1.077 -0.0239273 1.46741
1.078 -0.022457 1.47309
1.079 -0.0209812 1.4784
1.08 -0.0195003 1.48335
1.081 -0.0180146 1.48792
1.082 -0.0165246 1.49212
1.083 -0.0150305 1.49594
1.084 -0.0135328 1.49939
1.085 -0.0120319 1.50247
1.086 -0.010528 1.50517
1.087 -0.00902165 1.50749
1.088 -0.00751316 1.50944
1.089 -0.00600291 1.511
1.09 -0.00449127 1.5122
1.091 -0.00297864 1.51301
1.092 -0.00146538 1.51344
1.093 4.8118e-05 1.5135
1.094 0.00156149 1.51318
1.095 0.00307434 1.51248
1.096 0.00458631 1.5114
1.097 0.00609701 1.50994
1.098 0.00760607 1.50811
1.099 0.0091131 1.5059
1.1 0.0106177 1.50331
1.101 0.0121196 1.50035
1.102 0.0136183 1.49701
1.103 0.0151135 1.4933
1.104 0.0166048 1.48922
1.105 0.0180918 1.48476
1.106 0.0195742 1.47993
1.107 0.0210515 1.47474
1.108 0.0225235 1.46917
1.109 0.0239898 1.46324
1.11 0.0254499 1.45694
1.111 0.0269035 1.45028
1.112 0.0283503 1.44326
1.113 0.0297899 1.43588
1.114 0.031222 1.42814
1.115 0.0326461 1.42004
1.116 0.0340619 1.41159
1.117 0.0354691 1.40278
1.118 0.0368674 1.39363
1.119 0.0382563 1.38413
1.12 0.0396355 1.37428
1.121 0.0410047 1.36409
1.122 0.0423636 1.35356
1.123 0.0437117 1.34269
1.124 0.0450488 1.33149
1.125 0.0463746 1.31995
1.126 0.0476886 1.30809
1.127 0.0489907 1.2959
1.128 0.0502803 1.28339
1.129 0.0515573 1.27056
1.13 0.0528213 1.25741
1.131 0.054072 1.24395
1.132 0.0553091 1.23018
1.133 0.0565323 1.2161
1.134 0.0577412 1.20172
1.135 0.0589356 1.18704
1.136 0.0601152 1.17206
1.137 0.0612796 1.15679
1.138 0.0624287 1.14124
1.139 0.063562 1.1254
1.14 0.0646794 1.10928
1.141 0.0657805 1.09288
1.142 0.066865 1.07621
1.143 0.0679328 1.05928
1.144 0.0689835 1.04208
1.145 0.0700169 1.02462
1.146 0.0710327 1.00691
1.147 0.0720306 0.988944
1.148 0.0730105 0.970735
1.149 0.073972 0.952284
1.15 0.074915 0.933598
1.151 0.0758391 0.914679
1.152 0.0767442 0.895533
1.153 0.0776301 0.876165
1.154 0.0784965 0.85658
1.155 0.0793432 0.836782
1.156 0.08017 0.816776
1.157 0.0809767 0.796568
1.158 0.0817631 0.776162
1.159 0.0825289 0.755564
1.16 0.0832741 0.734778
1.161 0.0839984 0.713811
1.162 0.0847017 0.692667
1.163 0.0853837 0.671351
1.164 0.0860443 0.649869
1.165 0.0866834 0.628227
1.166 0.0873007 0.606429
1.167 0.0878962 0.584481
1.168 0.0884697 0.562389
1.169 0.0890209 0.540158
1.17 0.0895499 0.517794
1.171 0.0900565 0.495302
1.172 0.0905405 0.472688
1.173 0.0910018 0.449958
1.174 0.0914404 0.427117
1.175 0.091856 0.404172
1.176 0.0922487 0.381127
1.177 0.0926182 0.357988
1.178 0.0929646 0.334762
1.179 0.0932877 0.311454
1.18 0.0935875 0.28807
1.181 0.0938639 0.264616
1.182 0.0941167 0.241098
1.183 0.094346 0.217521
1.184 0.0945517 0.193892
1.185 0.0947338 0.170216
1.186 0.0948922 0.1465
1.187 0.0950268 0.122749
1.188 0.0951377 0.098969
1.189 0.0952247 0.0751662
1.19 0.095288 0.0513466
1.191 0.0953274 0.027516
1.192 0.095343 0.00368045
1.193 0.0953348 -0.0201541
1.194 0.0953027 -0.0439817
1.195 0.0952468 -0.0677964
1.196 0.0951671 -0.0915923
1.197 0.0950636 -0.115363
1.198 0.0949364 -0.139104
1.199 0.0947854 -0.162807
1.2 0.0946108 -0.186468
1.201 0.0944125 -0.210081
1.202 0.0941907 -0.233639
1.203 0.0939453 -0.257137
1.204 0.0936764 -0.280569
1.205 0.0933842 -0.303928
1.206 0.0930686 -0.32721
1.207 0.0927298 -0.350408
1.208 0.0923678 -0.373517
1.209 0.0919828 -0.39653
1.21 0.0915748 -0.419443
1.211 0.0911439 -0.442249
1.212 0.0906903 -0.464942
1.213 0.0902141 -0.487518
1.214 0.0897153 -0.509969
1.215 0.0891942 -0.532292
1.216 0.0886508 -0.55448
1.217 0.0880853 -0.576527
1.218 0.0874978 -0.598428
1.219 0.0868884 -0.620178
1.22 0.0862575 -0.641771
1.221 0.085605 -0.663202
1.222 0.0849311 -0.684466
1.223 0.0842361 -0.705557
1.224 0.0835201 -0.726469
1.225 0.0827832 -0.747199
1.226 0.0820257 -0.76774
1.227 0.0812478 -0.788087
1.228 0.0804496 -0.808236
1.229 0.0796314 -0.828181
1.23 0.0787933 -0.847917
1.231 0.0779356 -0.86744
1.232 0.0770585 -0.886745
1.233 0.0761622 -0.905826
1.234 0.0752469 -0.924679
1.235 0.0743129 -0.9433
1.236 0.0733604 -0.961683
1.237 0.0723896 -0.979825
1.238 0.0714008 -0.99772
1.239 0.0703943 -1.01536
1.24 0.0693702 -1.03275
1.241 0.0683289 -1.04988
1.242 0.0672705 -1.06675
1.243 0.0661955 -1.08335
1.244 0.0651039 -1.09967
1.245 0.0639962 -1.11572
1.246 0.0628726 -1.13149
1.247 0.0617333 -1.14697
1.248 0.0605787 -1.16217
1.249 0.0594091 -1.17708
1.25 0.0582247 -1.19169
1.251 0.0570258 -1.206
1.252 0.0558128 -1.22001
1.253 0.0545859 -1.23371
1.254 0.0533455 -1.2471
1.255 0.0520918 -1.26018
1.256 0.0508252 -1.27294
1.257 0.049546 -1.28539
1.258 0.0482546 -1.29751
1.259 0.0469511 -1.30931
1.26 0.045636 -1.32077
1.261 0.0443097 -1.33191
1.262 0.0429723 -1.34271
1.263 0.0416244 -1.35318
1.264 0.0402661 -1.36331
1.265 0.0388979 -1.3731
1.266 0.03752 -1.38254
1.267 0.0361329 -1.39163
1.268 0.0347369 -1.40038
1.269 0.0333322 -1.40878
1.27 0.0319194 -1.41682
1.271 0.0304987 -1.42451
1.272 0.0290705 -1.43184
1.273 0.0276352 -1.43882
1.274 0.026193 -1.44543
1.275 0.0247444 -1.45168
1.276 0.0232898 -1.45757
1.277 0.0218294 -1.46309
1.278 0.0203637 -1.46825
1.279 0.018893 -1.47304
1.28 0.0174178 -1.47746
1.281 0.0159382 -1.48151
1.282 0.0144549 -1.48519
1.283 0.012968 -1.4885
1.284 0.011478 -1.49144
1.285 0.00998523 -1.494
1.286 0.0084901 -1.49619
1.287 0.00699298 -1.49801
1.288 0.00549422 -1.49945
1.289 0.00399421 -1.50051
1.29 0.00249332 -1.5012
1.291 0.000991926 -1.50152
1.292 -0.000509594 -1.50146
1.293 -0.00201087 -1.50102
1.294 -0.00351152 -1.50021
1.295 -0.00501117 -1.49903
1.296 -0.00650945 -1.49747
1.297 -0.00800598 -1.49553
1.298 -0.00950039 -1.49323
1.299 -0.0109923 -1.49055
1.3 -0.0124814 -1.48749
1.301 -0.0139672 -1.48407
1.302 -0.0154494 -1.48027
1.303 -0.0169276 -1.47611
1.304 -0.0184015 -1.47157
1.305 -0.0198706 -1.46667
1.306 -0.0213347 -1.4614
1.307 -0.0227933 -1.45577
1.308 -0.0242461 -1.44977
1.309 -0.0256927 -1.44341
1.31 -0.0271328 -1.4367
1.311 -0.028566 -1.42962
1.312 -0.0299919 -1.42219
1.313 -0.0314102 -1.4144
1.314 -0.0328206 -1.40625
1.315 -0.0342226 -1.39776
1.316 -0.035616 -1.38892
1.317 -0.0370004 -1.37973
1.318 -0.0383754 -1.3702
1.319 -0.0397406 -1.36033
1.32 -0.0410959 -1.35011
1.321 -0.0424408 -1.33956
1.322 -0.0437749 -1.32868
1.323 -0.045098 -1.31746
1.324 -0.0464097 -1.30592
1.325 -0.0477097 -1.29405
1.326 -0.0489977 -1.28186
1.327 -0.0502733 -1.26935
1.328 -0.0515363 -1.25652
1.329 -0.0527863 -1.24338
1.33 -0.054023 -1.22993
1.331 -0.055246 -1.21617
1.332 -0.0564552 -1.20211
1.333 -0.0576502 -1.18775
1.334 -0.0588306 -1.1731
1.335 -0.0599963 -1.15815
1.336 -0.0611468 -1.14292
1.337 -0.062282 -1.1274
1.338 -0.0634015 -1.1116
1.339 -0.0645051 -1.09552
1.34 -0.0655925 -1.07917
1.341 -0.0666634 -1.06255
1.342 -0.0677175 -1.04567
1.343 -0.0687546 -1.02853
1.344 -0.0697745 -1.01113
1.345 -0.0707768 -0.99348
1.346 -0.0717613 -0.975584
1.347 -0.0727279 -0.957445
1.348 -0.0736762 -0.939068
1.349 -0.0746059 -0.920458
1.35 -0.075517 -0.90162
1.351 -0.0764091 -0.882557
1.352 -0.077282 -0.863275
1.353 -0.0781356 -0.84378
1.354 -0.0789695 -0.824074
1.355 -0.0797837 -0.804165
1.356 -0.0805778 -0.784055
1.357 -0.0813517 -0.763752
1.358 -0.0821052 -0.743259
1.359 -0.0828382 -0.722582
1.36 -0.0835503 -0.701726
1.361 -0.0842416 -0.680696
1.362 -0.0849117 -0.659498
1.363 -0.0855605 -0.638137
1.364 -0.0861879 -0.616618
1.365 -0.0867937 -0.594946
1.366 -0.0873777 -0.573127
1.367 -0.0879399 -0.551167
1.368 -0.08848 -0.529071
1.369 -0.088998 -0.506845
1.37 -0.0894937 -0.484493
1.371 -0.0899669 -0.462022
1.372 -0.0904177 -0.439437
1.373 -0.0908458 -0.416745
1.374 -0.0912511 -0.39395
1.375 -0.0916336 -0.371058
1.376 -0.0919932 -0.348075
1.377 -0.0923298 -0.325008
1.378 -0.0926432 -0.301861
1.379 -0.0929335 -0.27864
1.38 -0.0932005 -0.255351
1.381 -0.0934441 -0.232001
1.382 -0.0936644 -0.208594
1.383 -0.0938613 -0.185137
1.384 -0.0940347 -0.161636
1.385 -0.0941846 -0.138096
1.386 -0.0943109 -0.114523
1.387 -0.0944136 -0.0909239
1.388 -0.0944927 -0.0673038
1.389 -0.0945482 -0.0436688
1.39 -0.0945801 -0.0200247
1.391 -0.0945883 0.00362251
1.392 -0.0945728 0.0272669
1.393 -0.0945337 0.0509026
1.394 -0.094471 0.0745237
1.395 -0.0943847 0.0981242
1.396 -0.0942748 0.121698
1.397 -0.0941413 0.14524
1.398 -0.0939843 0.168744
1.399 -0.0938038 0.192203
1.4 -0.0935999 0.215613
1.401 -0.0933726 0.238967
1.402 -0.093122 0.262259
1.403 -0.0928481 0.285484
1.404 -0.0925511 0.308636
1.405 -0.0922309 0.331708
1.406 -0.0918877 0.354696
1.407 -0.0915215 0.377593
1.408 -0.0911325 0.400394
1.409 -0.0907208 0.423094
1.41 -0.0902864 0.445685
1.411 -0.0898294 0.468164
1.412 -0.0893501 0.490523
1.413 -0.0888484 0.512758
1.414 -0.0883246 0.534864
1.415 -0.0877787 0.556833
1.416 -0.087211 0.578662
1.417 -0.0866215 0.600344
1.418 -0.0860103 0.621875
1.419 -0.0853778 0.643248
1.42 -0.0847239 0.664459
1.421 -0.0840489 0.685502
1.422 -0.083353 0.706372
1.423 -0.0826362 0.727064
1.424 -0.0818989 0.747572
1.425 -0.0811411 0.767892
1.426 -0.0803632 0.788018
1.427 -0.0795652 0.807946
1.428 -0.0787473 0.82767
1.429 -0.0779099 0.847185
1.43 -0.077053 0.866488
1.431 -0.076177 0.885572
1.432 -0.075282 0.904433
1.433 -0.0743682 0.923066
1.434 -0.0734359 0.941468
1.435 -0.0724854 0.959632
1.436 -0.0715167 0.977555
1.437 -0.0705303 0.995233
1.438 -0.0695264 1.01266
1.439 -0.0685051 1.02983
1.44 -0.0674668 1.04675
1.441 -0.0664117 1.0634
1.442 -0.0653401 1.07978
1.443 -0.0642522 1.09589
1.444 -0.0631484 1.11173
1.445 -0.0620288 1.12729
1.446 -0.0608939 1.14256
1.447 -0.0597438 1.15755
1.448 -0.0585789 1.17225
1.449 -0.0573994 1.18665
1.45 -0.0562057 1.20076
1.451 -0.054998 1.21456
1.452 -0.0537767 1.22806
1.453 -0.052542 1.24125
1.454 -0.0512943 1.25413
1.455 -0.0500338 1.2667
1.456 -0.048761 1.27895
1.457 -0.047476 1.29087
1.458 -0.0461793 1.30248
1.459 -0.0448712 1.31375
1.46 -0.0435519 1.3247
1.461 -0.0422219 1.33532
1.462 -0.0408814 1.3456
1.463 -0.0395308 1.35554
1.464 -0.0381705 1.36514
1.465 -0.0368007 1.37441
1.466 -0.0354218 1.38332
1.467 -0.0340341 1.3919
1.468 -0.0326381 1.40012
1.469 -0.031234 1.40799
1.47 -0.0298222 1.41551
1.471 -0.0284031 1.42267
1.472 -0.026977 1.42948
1.473 -0.0255443 1.43593
1.474 -0.0241053 1.44202
1.475 -0.0226603 1.44775
1.476 -0.0212099 1.45312
1.477 -0.0197542 1.45813
1.478 -0.0182937 1.46277
1.479 -0.0168288 1.46704
1.48 -0.0153598 1.47094
1.481 -0.013887 1.47448
1.482 -0.0124109 1.47765
1.483 -0.0109319 1.48045
1.484 -0.00945016 1.48288
1.485 -0.00796622 1.48494
1.486 -0.00648041 1.48663
1.487 -0.00499309 1.48794
1.488 -0.00350465 1.48888
1.489 -0.00201545 1.48946
1.49 -0.000525861 1.48965
1.491 0.000963737 1.48948
1.492 0.00245298 1.48893
1.493 0.00394148 1.48802
1.494 0.00542888 1.48673
1.495 0.00691481 1.48506
1.496 0.00839889 1.48303
1.497 0.00988074 1.48063
1.498 0.01136 1.47785
1.499 0.0128363 1.47471
1.5 0.0143093 1.4712
1.501 0.0157786 1.46732
1.502 0.0172438 1.46308
1.503 0.0187046 1.45847
1.504 0.0201606 1.45349
1.505 0.0216115 1.44815
1.506 0.0230568 1.44245
1.507 0.0244963 1.43639
1.508 0.0259295 1.42998
1.509 0.0273561 1.4232
1.51 0.0287758 1.41607
1.511 0.0301881 1.40859
1.512 0.0315928 1.40075
1.513 0.0329895 1.39257
1.514 0.0343779 1.38404
1.515 0.0357575 1.37516
1.516 0.0371281 1.36594
1.517 0.0384892 1.35638
1.518 0.0398407 1.34648
1.519 0.0411821 1.33624
1.52 0.0425131 1.32567
1.521 0.0438333 1.31477
1.522 0.0451425 1.30355
1.523 0.0464403 1.29199
1.524 0.0477264 1.28012
1.525 0.0490004 1.26793
1.526 0.0502621 1.25542
1.527 0.0515112 1.2426
1.528 0.0527472 1.22947
1.529 0.05397 1.21603
1.53 0.0551792 1.20229
1.531 0.0563745 1.18825
1.532 0.0575556 1.17391
1.533 0.0587222 1.15928
1.534 0.059874 1.14437
1.535 0.0610108 1.12916
1.536 0.0621323 1.11368
1.537 0.0632381 1.09792
1.538 0.064328 1.08189
1.539 0.0654018 1.06558
1.54 0.0664591 1.04902
1.541 0.0674997 1.03219
1.542 0.0685234 1.0151
1.543 0.0695299 0.997766
1.544 0.0705188 0.98018
1.545 0.0714901 0.962351
1.546 0.0724435 0.944283
1.547 0.0733786 0.92598
1.548 0.0742954 0.907447
1.549 0.0751934 0.888688
1.55 0.0760727 0.869709
1.551 0.0769328 0.850515
1.552 0.0777736 0.831109
1.553 0.0785949 0.811496
1.554 0.0793965 0.791683
1.555 0.0801782 0.771673
1.556 0.0809398 0.751472
1.557 0.0816811 0.731085
1.558 0.0824019 0.710516
1.559 0.0831021 0.689772
1.56 0.0837814 0.668857
1.561 0.0844397 0.647776
1.562 0.0850769 0.626535
1.563 0.0856928 0.605139
1.564 0.0862871 0.583593
1.565 0.0868599 0.561904
1.566 0.0874109 0.540075
1.567 0.08794 0.518114
1.568 0.0884471 0.496024
1.569 0.088932 0.473813
1.57 0.0893947 0.451484
1.571 0.0898349 0.429045
1.572 0.0902527 0.4065
1.573 0.0906479 0.383855
1.574 0.0910204 0.361117
1.575 0.0913701 0.338289
1.576 0.091697 0.315379
1.577 0.0920009 0.292392
1.578 0.0922817 0.269334
1.579 0.0925395 0.24621
1.58 0.0927741 0.223027
1.581 0.0929855 0.199789
1.582 0.0931737 0.176504
1.583 0.0933385 0.153176
1.584 0.09348 0.129812
1.585 0.0935981 0.106418
1.586 0.0936929 0.0829981
1.587 0.0937641 0.0595598
1.588 0.093812 0.0361084
1.589 0.0938363 0.01265
1.59 0.0938373 -0.0108098
1.591 0.0938147 -0.034265
1.592 0.0937687 -0.0577097
1.593 0.0936993 -0.0811382
1.594 0.0936065 -0.104544
1.595 0.0934902 -0.127923
1.596 0.0933506 -0.151267
1.597 0.0931877 -0.174572
1.598 0.0930015 -0.197831
1.599 0.0927921 -0.221039
1.6 0.0925594 -0.24419
1.601 0.0923037 -0.267278
1.602 0.0920249 -0.290297
1.603 0.0917231 -0.313242
1.604 0.0913985 -0.336107
1.605 0.091051 -0.358885
1.606 0.0906807 -0.381573
1.607 0.0902878 -0.404163
1.608 0.0898724 -0.42665
1.609 0.0894346 -0.449029
1.61 0.0889744 -0.471294
1.611 0.088492 -0.493439
1.612 0.0879876 -0.515459
1.613 0.0874612 -0.537348
1.614 0.0869129 -0.559102
1.615 0.086343 -0.580714
1.616 0.0857515 -0.602179
1.617 0.0851387 -0.623491
1.618 0.0845046 -0.644646
1.619 0.0838495 -0.665639
1.62 0.0831734 -0.686463
1.621 0.0824766 -0.707114
1.622 0.0817592 -0.727586
1.623 0.0810215 -0.747875
1.624 0.0802635 -0.767976
1.625 0.0794856 -0.787883
1.626 0.0786878 -0.807591
1.627 0.0778705 -0.827096
1.628 0.0770337 -0.846392
1.629 0.0761778 -0.865475
1.63 0.0753028 -0.884341
1.631 0.0744092 -0.902984
1.632 0.0734969 -0.921399
1.633 0.0725664 -0.939583
1.634 0.0716179 -0.957531
1.635 0.0706515 -0.975238
1.636 0.0696675 -0.992699
1.637 0.0686661 -1.00991
1.638 0.0676477 -1.02687
1.639 0.0666125 -1.04357
1.64 0.0655607 -1.06001
1.641 0.0644926 -1.07618
1.642 0.0634084 -1.09208
1.643 0.0623085 -1.10771
1.644 0.0611931 -1.12306
1.645 0.0600625 -1.13812
1.646 0.0589169 -1.1529
1.647 0.0577568 -1.1674
1.648 0.0565822 -1.18159
1.649 0.0553937 -1.1955
1.65 0.0541914 -1.2091
1.651 0.0529756 -1.2224
1.652 0.0517467 -1.23539
1.653 0.0505049 -1.24807
1.654 0.0492506 -1.26044
1.655 0.0479841 -1.27249
1.656 0.0467057 -1.28423
1.657 0.0454158 -1.29564
1.658 0.0441146 -1.30673
1.659 0.0428024 -1.31749
1.66 0.0414797 -1.32792
1.661 0.0401467 -1.33801
1.662 0.0388038 -1.34778
1.663 0.0374513 -1.3572
1.664 0.0360895 -1.36628
1.665 0.0347188 -1.37503
1.666 0.0333396 -1.38342
1.667 0.0319521 -1.39147
1.668 0.0305567 -1.39918
1.669 0.0291538 -1.40653
1.67 0.0277438 -1.41353
1.671 0.0263269 -1.42017
1.672 0.0249036 -1.42646
1.673 0.0234741 -1.4324
1.674 0.0220389 -1.43797
1.675 0.0205983 -1.44318
1.676 0.0191526 -1.44804
1.677 0.0177023 -1.45253
1.678 0.0162477 -1.45666
1.679 0.0147891 -1.46042
1.68 0.013327 -1.46382
1.681 0.0118616 -1.46685
1.682 0.0103934 -1.46951
1.683 0.00892273 -1.47181
1.684 0.00744992 -1.47374
1.685 0.00597537 -1.4753
1.686 0.00449945 -1.47649
1.687 0.00302252 -1.47731
1.688 0.00154495 -1.47776
1.689 6.71107e-05 -1.47785
1.69 -0.00141062 -1.47756
1.691 -0.00288789 -1.47691
1.692 -0.00436431 -1.47588
1.693 -0.00583953 -1.47449
1.694 -0.00731317 -1.47273
1.695 -0.00878486 -1.4706
1.696 -0.0102542 -1.4681
1.697 -0.0117209 -1.46523
1.698 -0.0131846 -1.462
1.699 -0.0146448 -1.45841
1.7 -0.0161013 -1.45445
1.701 -0.0175536 -1.45013
1.702 -0.0190014 -1.44544
1.703 -0.0204444 -1.44039
1.704 -0.0218821 -1.43499
1.705 -0.0233142 -1.42922
1.706 -0.0247404 -1.4231
1.707 -0.0261603 -1.41663
1.708 -0.0275735 -1.4098
1.709 -0.0289798 -1.40261
1.71 -0.0303787 -1.39508
1.711 -0.0317698 -1.3872
1.712 -0.0331529 -1.37898
1.713 -0.0345277 -1.37041
1.714 -0.0358936 -1.36149
1.715 -0.0372505 -1.35224
1.716 -0.038598 -1.34265
1.717 -0.0399357 -1.33273
1.718 -0.0412634 -1.32247
1.719 -0.0425806 -1.31189
1.72 -0.043887 -1.30097
1.721 -0.0451824 -1.28974
1.722 -0.0464664 -1.27818
1.723 -0.0477387 -1.2663
1.724 -0.0489989 -1.25411
1.725 -0.0502468 -1.2416
1.726 -0.051482 -1.22879
1.727 -0.0527042 -1.21566
1.728 -0.0539132 -1.20224
1.729 -0.0551086 -1.18852
1.73 -0.0562901 -1.1745
1.731 -0.0574575 -1.16018
1.732 -0.0586104 -1.14558
1.733 -0.0597486 -1.1307
1.734 -0.0608717 -1.11553
1.735 -0.0619795 -1.10008
1.736 -0.0630718 -1.08436
1.737 -0.0641482 -1.06838
1.738 -0.0652085 -1.05212
1.739 -0.0662523 -1.0356
1.74 -0.0672796 -1.01883
1.741 -0.0682899 -1.0018
1.742 -0.0692831 -0.984527
1.743 -0.0702589 -0.967006
1.744 -0.071217 -0.949244
1.745 -0.0721573 -0.931247
1.746 -0.0730794 -0.913018
1.747 -0.0739833 -0.894563
1.748 -0.0748685 -0.875885
1.749 -0.075735 -0.85699
1.75 -0.0765824 -0.837882
1.751 -0.0774106 -0.818566
1.752 -0.0782195 -0.799047
1.753 -0.0790087 -0.77933
1.754 -0.0797781 -0.75942
1.755 -0.0805275 -0.739321
1.756 -0.0812566 -0.719039
1.757 -0.0819655 -0.69858
1.758 -0.0826538 -0.677947
1.759 -0.0833213 -0.657146
1.76 -0.083968 -0.636183
1.761 -0.0845936 -0.615062
1.762 -0.0851981 -0.593789
1.763 -0.0857812 -0.57237
1.764 -0.0863428 -0.550809
1.765 -0.0868827 -0.529112
1.766 -0.0874009 -0.507285
1.767 -0.0878973 -0.485332
1.768 -0.0883716 -0.46326
1.769 -0.0888237 -0.441074
1.77 -0.0892537 -0.41878
1.771 -0.0896613 -0.396382
1.772 -0.0900464 -0.373887
1.773 -0.090409 -0.351301
1.774 -0.090749 -0.328629
1.775 -0.0910662 -0.305876
1.776 -0.0913607 -0.283048
1.777 -0.0916323 -0.260152
1.778 -0.091881 -0.237193
1.779 -0.0921067 -0.214176
1.78 -0.0923093 -0.191107
1.781 -0.0924889 -0.167992
1.782 -0.0926453 -0.144837
1.783 -0.0927785 -0.121648
1.784 -0.0928886 -0.0984307
1.785 -0.0929754 -0.0751902
1.786 -0.093039 -0.0519329
1.787 -0.0930793 -0.0286644
1.788 -0.0930963 -0.00539061
1.789 -0.09309 0.0178827
1.79 -0.0930605 0.0411496
1.791 -0.0930077 0.0644044
1.792 -0.0929317 0.0876412
1.793 -0.0928325 0.110854
1.794 -0.09271 0.134038
1.795 -0.0925644 0.157186
1.796 -0.0923957 0.180293
1.797 -0.0922038 0.203353
1.798 -0.091989 0.22636
1.799 -0.0917511 0.249309
1.8 -0.0914904 0.272194
1.801 -0.0912068 0.295009
1.802 -0.0909004 0.317748
1.803 -0.0905713 0.340407
1.804 -0.0902196 0.362978
1.805 -0.0898454 0.385456
1.806 -0.0894487 0.407837
1.807 -0.0890297 0.430114
1.808 -0.0885885 0.452281
1.809 -0.0881252 0.474334
1.81 -0.0876399 0.496266
1.811 -0.0871327 0.518072
1.812 -0.0866038 0.539748
1.813 -0.0860533 0.561286
1.814 -0.0854813 0.582683
1.815 -0.0848879 0.603932
1.816 -0.0842735 0.625028
1.817 -0.0836379 0.645967
1.818 -0.0829816 0.666742
1.819 -0.0823045 0.687349
1.82 -0.0816069 0.707783
1.821 -0.080889 0.728038
1.822 -0.0801509 0.748109
1.823 -0.0793929 0.767992
1.824 -0.078615 0.787681
1.825 -0.0778176 0.807172
1.826 -0.0770007 0.826459
1.827 -0.0761647 0.845538
1.828 -0.0753097 0.864404
1.829 -0.074436 0.883053
1.83 -0.0735437 0.90148
1.831 -0.0726331 0.919679
1.832 -0.0717044 0.937648
1.833 -0.0707579 0.95538
1.834 -0.0697937 0.972872
1.835 -0.0688122 0.99012
1.836 -0.0678136 1.00712
1.837 -0.0667981 1.02386
1.838 -0.0657659 1.04035
1.839 -0.0647174 1.05658
1.84 -0.0636529 1.07254
1.841 -0.0625725 1.08823
1.842 -0.0614765 1.10365
1.843 -0.0603652 1.11879
1.844 -0.059239 1.13365
1.845 -0.058098 1.14823
1.846 -0.0569426 1.16252
1.847 -0.0557731 1.17651
1.848 -0.0545897 1.19022
1.849 -0.0533928 1.20362
1.85 -0.0521826 1.21672
1.851 -0.0509594 1.22951
1.852 -0.0497236 1.242
1.853 -0.0484755 1.25417
1.854 -0.0472154 1.26604
1.855 -0.0459436 1.27758
1.856 -0.0446603 1.2888
1.857 -0.0433661 1.2997
1.858 -0.0420611 1.31028
1.859 -0.0407456 1.32052
1.86 -0.0394201 1.33044
1.861 -0.0380849 1.34002
1.862 -0.0367402 1.34926
1.863 -0.0353864 1.35817
1.864 -0.034024 1.36674
1.865 -0.0326531 1.37496
1.866 -0.0312741 1.38285
1.867 -0.0298875 1.39038
1.868 -0.0284935 1.39757
1.869 -0.0270925 1.4044
1.87 -0.0256848 1.41089
1.871 -0.0242708 1.41702
1.872 -0.0228509 1.4228
1.873 -0.0214254 1.42822
1.874 -0.0199946 1.43328
1.875 -0.0185589 1.43798
1.876 -0.0171187 1.44233
1.877 -0.0156744 1.44631
1.878 -0.0142262 1.44993
1.879 -0.0127746 1.45319
1.88 -0.01132 1.45609
1.881 -0.00986259 1.45862
1.882 -0.00840285 1.46079
1.883 -0.00694114 1.46259
1.884 -0.0054778 1.46402
1.885 -0.00401321 1.46509
1.886 -0.00254774 1.46579
1.887 -0.00108175 1.46613
1.888 0.0003844 1.4661
1.889 0.00185033 1.4657
1.89 0.00331569 1.46494
1.891 0.00478009 1.46381
1.892 0.00624319 1.46232
1.893 0.0077046 1.46046
1.894 0.00916398 1.45823
1.895 0.0106209 1.45564
1.896 0.0120751 1.45269
1.897 0.0135262 1.44937
1.898 0.0149738 1.44569
1.899 0.0164175 1.44165
1.9 0.017857 1.43725
1.901 0.0192919 1.4325
1.902 0.0207218 1.42738
1.903 0.0221465 1.42191
1.904 0.0235655 1.41608
1.905 0.0249785 1.4099
1.906 0.0263852 1.40336
1.907 0.0277851 1.39648
1.908 0.029178 1.38925
1.909 0.0305635 1.38167
1.91 0.0319413 1.37375
1.911 0.0333109 1.36548
1.912 0.0346721 1.35687
1.913 0.0360245 1.34793
1.914 0.0373679 1.33865
1.915 0.0387017 1.32903
1.916 0.0400258 1.31908
1.917 0.0413398 1.30881
1.918 0.0426433 1.29821
1.919 0.0439361 1.28728
1.92 0.0452178 1.27603
1.921 0.0464881 1.26447
1.922 0.0477466 1.25259
1.923 0.0489931 1.24039
1.924 0.0502273 1.22789
1.925 0.0514488 1.21509
1.926 0.0526574 1.20198
1.927 0.0538527 1.18857
1.928 0.0550344 1.17486
1.929 0.0562023 1.16086
1.93 0.057356 1.14657
1.931 0.0584953 1.132
1.932 0.0596199 1.11715
1.933 0.0607295 1.10201
1.934 0.0618239 1.08661
1.935 0.0629027 1.07093
1.936 0.0639656 1.05499
1.937 0.0650125 1.03878
1.938 0.0660431 1.02231
1.939 0.0670571 1.0056
1.94 0.0680542 0.988627
1.941 0.0690343 0.971412
1.942 0.069997 0.953956
1.943 0.0709421 0.936262
1.944 0.0718694 0.918336
1.945 0.0727787 0.900182
1.946 0.0736697 0.881804
1.947 0.0745422 0.863208
1.948 0.0753961 0.844397
1.949 0.076231 0.825376
1.95 0.0770467 0.806151
1.951 0.0778432 0.786726
1.952 0.0786201 0.767105
1.953 0.0793773 0.747294
1.954 0.0801146 0.727298
1.955 0.0808319 0.707122
1.956 0.0815288 0.686771
1.957 0.0822054 0.66625
1.958 0.0828613 0.645564
1.959 0.0834964 0.624718
1.96 0.0841107 0.603717
1.961 0.0847038 0.582567
1.962 0.0852757 0.561274
1.963 0.0858263 0.539841
1.964 0.0863554 0.518276
1.965 0.0868628 0.496583
1.966 0.0873485 0.474767
1.967 0.0878123 0.452834
1.968 0.0882541 0.43079
1.969 0.0886739 0.40864
1.97 0.0890714 0.38639
1.971 0.0894466 0.364044
1.972 0.0897994 0.34161
1.973 0.0901298 0.319092
1.974 0.0904376 0.296496
1.975 0.0907228 0.273828
1.976 0.0909852 0.251093
1.977 0.0912249 0.228297
1.978 0.0914418 0.205446
1.979 0.0916358 0.182545
1.98 0.0918069 0.1596
1.981 0.091955 0.136618
1.982 0.0920801 0.113603
1.983 0.0921822 0.0905615
1.984 0.0922612 0.0674992
1.985 0.0923172 0.044422
1.986 0.0923501 0.0213355
1.987 0.0923599 -0.00175455
1.988 0.0923466 -0.0248423
1.989 0.0923102 -0.0479219
1.99 0.0922507 -0.0709878
1.991 0.0921682 -0.094034
1.992 0.0920627 -0.117055
1.993 0.0919341 -0.140045
1.994 0.0917826 -0.162998
1.995 0.0916081 -0.185908
1.996 0.0914108 -0.20877
1.997 0.0911906 -0.231578
1.998 0.0909477 -0.254326
1.999 0.090682 -0.277009
2 0.0903937 -0.299621
