0 0.1 0
0.01 0.0987529 -0.248859
0.02 0.0950442 -0.491313
0.03 0.0889682 -0.72132
0.04 0.0806785 -0.933156
0.05 0.0703834 -1.12155
0.06 0.0583414 -1.28183
0.07 0.0448541 -1.41001
0.08 0.030259 -1.50293
0.09 0.014921 -1.55829
0.1 -0.000776824 -1.57475
0.11 -0.0164427 -1.55192
0.12 -0.031686 -1.49041
0.13 -0.046127 -1.39179
0.14 -0.0594061 -1.25853
0.15 -0.0711931 -1.094
0.16 -0.0811953 -0.902312
0.17 -0.0891647 -0.688279
0.18 -0.0949041 -0.457254
0.19 -0.0982722 -0.21501
0.2 -0.099187 0.0324015
0.21 -0.0976276 0.278807
0.22 -0.0936347 0.518063
0.23 -0.0873101 0.744208
0.24 -0.0788131 0.951613
0.25 -0.0683576 1.13512
0.26 -0.0562057 1.29018
0.27 -0.042662 1.41293
0.28 -0.0280651 1.50036
0.29 -0.0127801 1.55029
0.3 0.00281147 1.56153
0.31 0.0183204 1.53382
0.32 0.0333601 1.46787
0.33 0.0475558 1.36538
0.34 0.0605542 1.22892
0.35 0.0720322 1.06192
0.36 0.0817046 0.868574
0.37 0.0893318 0.653722
0.38 0.0947252 0.422739
0.39 0.097752 0.181398
0.4 0.0983386 -0.0642727
0.41 0.0964725 -0.308144
0.42 0.0922021 -0.544137
0.43 0.0856357 -0.76637
0.44 0.0769391 -0.969315
0.45 0.0663307 -1.14792
0.46 0.0540767 -1.29776
0.47 0.0404839 -1.41512
0.48 0.0258924 -1.4971
0.49 0.0106669 -1.54167
0.5 -0.00481245 -1.54776
0.51 -0.0201594 -1.51525
0.52 -0.0349913 -1.44498
0.53 -0.0489388 -1.33873
0.54 -0.0616547 -1.19918
0.55 -0.0728229 -1.02984
0.56 -0.0821661 -0.834949
0.57 -0.0894528 -0.619394
0.58 -0.094503 -0.388566
0.59 -0.0971924 -0.148232
0.6 -0.0974559 0.0956067
0.61 -0.0952888 0.336866
0.62 -0.0907472 0.569531
0.63 -0.0839462 0.787808
0.64 -0.0750573 0.986263
0.65 -0.0643036 1.15997
0.66 -0.051955 1.3046
0.67 -0.0383207 1.41659
0.68 -0.0237416 1.49316
0.69 -0.00858207 1.53243
0.7 0.00677931 1.53346
0.71 0.0219594 1.49624
0.72 0.0365796 1.42174
0.73 0.050276 1.31185
0.74 0.0627077 1.16933
0.75 0.0735656 0.997763
0.76 0.0825803 0.801451
0.77 0.0895284 0.58531
0.78 0.0942383 0.354746
0.79 0.0965943 0.115519
0.8 0.0965396 -0.126397
0.81 0.0940775 -0.364967
0.82 0.0892713 -0.594245
0.83 0.0822427 -0.808521
0.84 0.0731688 -1.00246
0.85 0.0622775 -1.17125
0.86 0.0498418 -1.31069
0.87 0.0361731 -1.41734
0.88 0.0216133 -1.48856
0.89 0.00652618 -1.5226
0.9 -0.00871165 -1.51864
0.91 -0.02372 -1.47681
0.92 -0.0381249 -1.39819
0.93 -0.0515675 -1.28476
0.94 -0.0637134 -1.13938
0.95 -0.0742607 -0.965712
0.96 -0.0829476 -0.768095
0.97 -0.0895591 -0.551483
0.98 -0.0939319 -0.321291
0.99 -0.0959587 -0.0832702
1 -0.095591 0.156636
1.01 -0.0928397 0.392445
1.02 -0.0877754 0.618278
1.03 -0.0805262 0.828512
1.04 -0.0712747 1.01792
1.05 -0.0602532 1.18179
1.06 -0.0477379 1.31605
1.07 -0.0340421 1.41739
1.08 -0.0195084 1.4833
1.09 -0.00449975 1.51217
1.1 0.0106091 1.50331
1.11 0.0254412 1.45696
1.12 0.0396271 1.37432
1.13 0.0528134 1.25747
1.14 0.0646721 1.10936
1.15 0.0749085 0.933699
1.16 0.0832688 0.734895
1.17 0.0895457 0.517924
1.18 0.0935846 0.28821
1.19 0.0952865 0.0514926
1.2 0.0946108 -0.186319
1.21 0.0915763 -0.419295
1.22 0.0862605 -0.641628
1.23 0.0787977 -0.847782
1.24 0.069376 -1.03263
1.25 0.0582317 -1.19158
1.26 0.0456441 -1.32068
1.27 0.0319283 -1.41675
1.28 0.0174273 -1.47741
1.29 0.0025033 -1.50118
1.3 -0.0124712 -1.48749
1.31 -0.0271227 -1.43672
1.32 -0.0410861 -1.35017
1.33 -0.0540138 -1.23001
1.34 -0.0655841 -1.07927
1.35 -0.0755097 -0.90174
1.36 -0.0835443 -0.701864
1.37 -0.089489 -0.484645
1.38 -0.0931974 -0.255514
1.39 -0.0945786 -0.0201944
1.4 -0.0936002 0.215441
1.41 -0.0902883 0.445515
1.42 -0.0847276 0.664295
1.43 -0.0770584 0.866333
1.44 -0.0674736 1.04661
1.45 -0.0562139 1.20063
1.46 -0.0435613 1.3246
1.47 -0.0298326 1.41543
1.48 -0.0153708 1.47089
1.49 -0.000537331 1.48963
1.5 0.0142977 1.47121
1.51 0.0287643 1.41611
1.52 0.042502 1.32574
1.53 0.0551688 1.20238
1.54 0.0664497 1.04913
1.55 0.0760645 0.869849
1.56 0.0837747 0.669016
1.57 0.0893896 0.451659
1.58 0.0927708 0.223213
1.59 0.0938359 -0.0106168
1.6 0.09256 -0.243995
1.61 0.0889769 -0.471101
1.62 0.0831778 -0.686278
1.63 0.0753091 -0.884168
1.64 0.0655686 -1.05985
1.65 0.0542008 -1.20896
1.66 0.0414904 -1.32781
1.67 0.0277555 -1.41344
1.68 0.0133395 -1.46376
1.69 -0.00139769 -1.47754
1.7 -0.0160882 -1.45446
1.71 -0.0303658 -1.39513
1.72 -0.0438747 -1.30105
1.73 -0.0562787 -1.1746
1.74 -0.0672692 -1.01897
1.75 -0.0765735 -0.838041
1.76 -0.0839607 -0.636363
1.77 -0.0892483 -0.418977
1.78 -0.0923059 -0.191316
1.79 -0.0930592 0.0409335
1.8 -0.0914913 0.271977
1.81 -0.087643 0.496052
1.82 -0.0816121 0.707578
1.83 -0.0735509 0.90129
1.84 -0.0636619 1.07237
1.85 -0.0521932 1.21657
1.86 -0.0394322 1.33032
1.87 -0.025698 1.4108
1.88 -0.0113339 1.45603
1.89 0.00330131 1.46492
1.9 0.0178425 1.43727
1.91 0.0319271 1.3738
1.92 0.0452042 1.27612
1.93 0.0573435 1.1467
1.94 0.068043 0.988779
1.95 0.0770371 0.80633
1.96 0.0841029 0.603919
1.97 0.0890657 0.386609
1.98 0.0918034 0.159832
1.99 0.0922496 -0.0707491
