0 0.1 0
0.001 0.0999875 -0.024999
0.002 0.09995 -0.0499917
0.003 0.0998875 -0.0749719
0.004 0.0998001 -0.0999333
0.005 0.0996877 -0.12487
0.006 0.0995503 -0.149775
0.007 0.0993881 -0.174643
0.008 0.0992011 -0.199467
0.009 0.0989892 -0.224241
0.01 0.0987526 -0.24896
0.011 0.0984913 -0.273616
0.012 0.0982054 -0.298203
0.013 0.0978949 -0.322716
0.014 0.09756 -0.347149
0.015 0.0972007 -0.371494
0.016 0.096817 -0.395747
0.017 0.0964092 -0.419901
0.018 0.0959773 -0.44395
0.019 0.0955213 -0.467887
0.02 0.0950415 -0.491708
0.021 0.094538 -0.515406
0.022 0.0940108 -0.538975
0.023 0.0934601 -0.56241
0.024 0.092886 -0.585703
0.025 0.0922887 -0.608851
0.026 0.0916683 -0.631846
0.027 0.0910251 -0.654683
0.028 0.090359 -0.677356
0.029 0.0896704 -0.699861
0.03 0.0889594 -0.72219
0.031 0.0882261 -0.744338
0.032 0.0874707 -0.766301
0.033 0.0866935 -0.788072
0.034 0.0858947 -0.809646
0.035 0.0850743 -0.831017
0.036 0.0842327 -0.852181
0.037 0.08337 -0.873132
0.038 0.0824865 -0.893865
0.039 0.0815824 -0.914374
0.04 0.0806578 -0.934654
0.041 0.0797131 -0.954701
0.042 0.0787485 -0.974509
0.043 0.0777642 -0.994073
0.044 0.0767605 -1.01339
0.045 0.0757375 -1.03245
0.046 0.0746956 -1.05126
0.047 0.0736351 -1.0698
0.048 0.0725561 -1.08807
0.049 0.071459 -1.10607
0.05 0.0703441 -1.1238
0.051 0.0692115 -1.14125
0.052 0.0680617 -1.1584
0.053 0.0668948 -1.17527
0.054 0.0657112 -1.19185
0.055 0.0645112 -1.20813
0.056 0.0632951 -1.22411
0.057 0.0620631 -1.23978
0.058 0.0608156 -1.25514
0.059 0.0595529 -1.27018
0.06 0.0582754 -1.28491
0.061 0.0569832 -1.29932
0.062 0.0556768 -1.3134
0.063 0.0543565 -1.32716
0.064 0.0530226 -1.34058
0.065 0.0516755 -1.35367
0.066 0.0503154 -1.36641
0.067 0.0489428 -1.37882
0.068 0.0475579 -1.39089
0.069 0.0461611 -1.4026
0.07 0.0447528 -1.41396
0.071 0.0433333 -1.42498
0.072 0.041903 -1.43563
0.073 0.0404622 -1.44593
0.074 0.0390112 -1.45586
0.075 0.0375506 -1.46543
0.076 0.0360805 -1.47464
0.077 0.0346014 -1.48347
0.078 0.0331137 -1.49194
0.079 0.0316177 -1.50003
0.08 0.0301137 -1.50774
0.081 0.0286023 -1.51508
0.082 0.0270837 -1.52204
0.083 0.0255583 -1.52862
0.084 0.0240266 -1.53482
0.085 0.0224888 -1.54064
0.086 0.0209454 -1.54607
0.087 0.0193968 -1.55111
0.088 0.0178433 -1.55576
0.089 0.0162854 -1.56003
0.09 0.0147234 -1.56391
0.091 0.0131577 -1.56739
0.092 0.0115888 -1.57049
0.093 0.0100169 -1.57319
0.094 0.00844252 -1.57549
0.095 0.00686604 -1.57741
0.096 0.00528784 -1.57893
0.097 0.00370832 -1.58005
0.098 0.00212787 -1.58078
0.099 0.000546886 -1.58112
0.1 -0.00103423 -1.58105
0.101 -0.00261509 -1.5806
0.102 -0.0041953 -1.57975
0.103 -0.00577445 -1.5785
0.104 -0.00735217 -1.57686
0.105 -0.00892804 -1.57482
0.106 -0.0105017 -1.5724
0.107 -0.0120727 -1.56957
0.108 -0.0136407 -1.56636
0.109 -0.0152053 -1.56275
0.11 -0.0167661 -1.55876
0.111 -0.0183227 -1.55437
0.112 -0.0198747 -1.5496
0.113 -0.0214217 -1.54443
0.114 -0.0229634 -1.53889
0.115 -0.0244994 -1.53295
0.116 -0.0260292 -1.52664
0.117 -0.0275525 -1.51994
0.118 -0.029069 -1.51286
0.119 -0.0305781 -1.50541
0.12 -0.0320796 -1.49757
0.121 -0.0335731 -1.48937
0.122 -0.0350583 -1.48079
0.123 -0.0365346 -1.47184
0.124 -0.0380018 -1.46252
0.125 -0.0394595 -1.45284
0.126 -0.0409074 -1.44279
0.127 -0.042345 -1.43238
0.128 -0.043772 -1.42162
0.129 -0.0451881 -1.4105
0.13 -0.0465929 -1.39903
0.131 -0.047986 -1.3872
0.132 -0.0493672 -1.37503
0.133 -0.050736 -1.36252
0.134 -0.0520921 -1.34967
0.135 -0.0534352 -1.33648
0.136 -0.054765 -1.32295
0.137 -0.056081 -1.3091
0.138 -0.057383 -1.29491
0.139 -0.0586707 -1.2804
0.14 -0.0599437 -1.26558
0.141 -0.0612018 -1.25043
0.142 -0.0624445 -1.23498
0.143 -0.0636716 -1.21921
0.144 -0.0648828 -1.20314
0.145 -0.0660778 -1.18677
0.146 -0.0672563 -1.17011
0.147 -0.0684179 -1.15315
0.148 -0.0695625 -1.1359
0.149 -0.0706896 -1.11837
0.15 -0.0717991 -1.10056
0.151 -0.0728906 -1.08247
0.152 -0.073964 -1.06411
0.153 -0.0750188 -1.04549
0.154 -0.0760548 -1.0266
0.155 -0.0770719 -1.00746
0.156 -0.0780697 -0.988069
0.157 -0.079048 -0.968429
0.158 -0.0800065 -0.948547
0.159 -0.080945 -0.928428
0.16 -0.0818632 -0.908076
0.161 -0.0827611 -0.887498
0.162 -0.0836382 -0.866697
0.163 -0.0844944 -0.84568
0.164 -0.0853295 -0.824452
0.165 -0.0861432 -0.803017
0.166 -0.0869354 -0.781382
0.167 -0.0877059 -0.759551
0.168 -0.0884545 -0.737531
0.169 -0.0891809 -0.715326
0.17 -0.0898851 -0.692942
0.171 -0.0905667 -0.670385
0.172 -0.0912258 -0.647661
0.173 -0.091862 -0.624774
0.174 -0.0924753 -0.601732
0.175 -0.0930654 -0.578539
0.176 -0.0936323 -0.555201
0.177 -0.0941758 -0.531725
0.178 -0.0946957 -0.508115
0.179 -0.095192 -0.484379
0.18 -0.0956644 -0.460521
0.181 -0.096113 -0.436548
0.182 -0.0965375 -0.412467
0.183 -0.0969379 -0.388282
0.184 -0.097314 -0.364
0.185 -0.0976658 -0.339627
0.186 -0.0979932 -0.315169
0.187 -0.0982961 -0.290632
0.188 -0.0985745 -0.266023
0.189 -0.0988282 -0.241347
0.19 -0.0990572 -0.216611
0.191 -0.0992614 -0.19182
0.192 -0.0994408 -0.166982
0.193 -0.0995953 -0.142102
0.194 -0.099725 -0.117187
0.195 -0.0998297 -0.0922417
0.196 -0.0999094 -0.0672738
0.197 -0.0999642 -0.0422891
0.198 -0.099994 -0.0172938
0.199 -0.0999988 0.00770583
0.2 -0.0999786 0.0327035
0.201 -0.0999334 0.0576931
0.202 -0.0998632 0.0826682
0.203 -0.0997681 0.107623
0.204 -0.099648 0.13255
0.205 -0.099503 0.157445
0.206 -0.0993331 0.1823
0.207 -0.0991384 0.207109
0.208 -0.0989189 0.231867
0.209 -0.0986747 0.256566
0.21 -0.0984058 0.281202
0.211 -0.0981123 0.305767
0.212 -0.0977943 0.330256
0.213 -0.0974518 0.354662
0.214 -0.097085 0.37898
0.215 -0.0966939 0.403203
0.216 -0.0962786 0.427325
0.217 -0.0958393 0.45134
0.218 -0.095376 0.475243
0.219 -0.0948888 0.499026
0.22 -0.094378 0.522685
0.221 -0.0938435 0.546213
0.222 -0.0932856 0.569605
0.223 -0.0927043 0.592854
0.224 -0.0920999 0.615955
0.225 -0.0914725 0.638902
0.226 -0.0908222 0.661689
0.227 -0.0901492 0.684311
0.228 -0.0894536 0.706762
0.229 -0.0887357 0.729036
0.23 -0.0879956 0.751128
0.231 -0.0872335 0.773032
0.232 -0.0864496 0.794743
0.233 -0.0856441 0.816255
0.234 -0.0848172 0.837563
0.235 -0.083969 0.858662
0.236 -0.0830999 0.879546
0.237 -0.08221 0.90021
0.238 -0.0812996 0.920649
0.239 -0.0803688 0.940858
0.24 -0.0794179 0.960832
0.241 -0.0784472 0.980566
0.242 -0.0774569 1.00005
0.243 -0.0764472 1.01929
0.244 -0.0754184 1.03828
0.245 -0.0743707 1.057
0.246 -0.0733045 1.07546
0.247 -0.0722199 1.09365
0.248 -0.0711173 1.11157
0.249 -0.0699968 1.12921
0.25 -0.0688589 1.14657
0.251 -0.0677038 1.16364
0.252 -0.0665318 1.18042
0.253 -0.0653431 1.1969
0.254 -0.0641381 1.21309
0.255 -0.062917 1.22897
0.256 -0.0616802 1.24454
0.257 -0.060428 1.25981
0.258 -0.0591607 1.27476
0.259 -0.0578786 1.28939
0.26 -0.056582 1.30369
0.261 -0.0552713 1.31768
0.262 -0.0539468 1.33133
0.263 -0.0526088 1.34465
0.264 -0.0512576 1.35763
0.265 -0.0498936 1.37028
0.266 -0.0485172 1.38258
0.267 -0.0471286 1.39453
0.268 -0.0457282 1.40614
0.269 -0.0443164 1.4174
0.27 -0.0428936 1.4283
0.271 -0.04146 1.43884
0.272 -0.040016 1.44903
0.273 -0.038562 1.45885
0.274 -0.0370984 1.46831
0.275 -0.0356255 1.4774
0.276 -0.0341437 1.48612
0.277 -0.0326534 1.49447
0.278 -0.0311549 1.50245
0.279 -0.0296487 1.51005
0.28 -0.028135 1.51727
0.281 -0.0266142 1.52411
0.282 -0.0250869 1.53058
0.283 -0.0235532 1.53666
0.284 -0.0220137 1.54235
0.285 -0.0204686 1.54766
0.286 -0.0189185 1.55259
0.287 -0.0173636 1.55712
0.288 -0.0158044 1.56127
0.289 -0.0142412 1.56502
0.29 -0.0126745 1.56839
0.291 -0.0111045 1.57136
0.292 -0.00953187 1.57394
0.293 -0.0079568 1.57613
0.294 -0.00637975 1.57792
0.295 -0.0048011 1.57932
0.296 -0.00322125 1.58032
0.297 -0.00164059 1.58093
0.298 -5.95269e-05 1.58114
0.299 0.00152155 1.58096
0.3 0.00310225 1.58038
0.301 0.00468218 1.5794
0.302 0.00626093 1.57804
0.303 0.00783812 1.57627
0.304 0.00941335 1.57412
0.305 0.0109862 1.57157
0.306 0.0125564 1.56863
0.307 0.0141233 1.56529
0.308 0.0156868 1.56156
0.309 0.0172463 1.55745
0.31 0.0188016 1.55294
0.311 0.0203521 1.54805
0.312 0.0218975 1.54277
0.313 0.0234375 1.5371
0.314 0.0249716 1.53105
0.315 0.0264995 1.52461
0.316 0.0280207 1.5178
0.317 0.0295349 1.5106
0.318 0.0310418 1.50303
0.319 0.0325409 1.49508
0.32 0.0340318 1.48676
0.321 0.0355143 1.47807
0.322 0.0369878 1.469
0.323 0.0384522 1.45957
0.324 0.0399069 1.44978
0.325 0.0413516 1.43962
0.326 0.042786 1.4291
0.327 0.0442097 1.41823
0.328 0.0456223 1.407
0.329 0.0470236 1.39542
0.33 0.048413 1.38349
0.331 0.0497904 1.37121
0.332 0.0511554 1.3586
0.333 0.0525075 1.34564
0.334 0.0538465 1.33234
0.335 0.0551721 1.31872
0.336 0.0564838 1.30476
0.337 0.0577815 1.29047
0.338 0.0590647 1.27587
0.339 0.0603331 1.26094
0.34 0.0615865 1.2457
0.341 0.0628244 1.23015
0.342 0.0640467 1.21429
0.343 0.0652529 1.19813
0.344 0.0664428 1.18167
0.345 0.0676161 1.16491
0.346 0.0687726 1.14786
0.347 0.0699118 1.13052
0.348 0.0710335 1.11291
0.349 0.0721375 1.09501
0.35 0.0732234 1.07684
0.351 0.0742911 1.0584
0.352 0.0753401 1.03969
0.353 0.0763704 1.02073
0.354 0.0773815 1.00151
0.355 0.0783733 0.982042
0.356 0.0793455 0.962326
0.357 0.0802979 0.94237
0.358 0.0812302 0.922179
0.359 0.0821422 0.901757
0.36 0.0830336 0.88111
0.361 0.0839043 0.860242
0.362 0.084754 0.839159
0.363 0.0855826 0.817867
0.364 0.0863897 0.79637
0.365 0.0871752 0.774674
0.366 0.087939 0.752784
0.367 0.0886807 0.730706
0.368 0.0894003 0.708445
0.369 0.0900976 0.686008
0.37 0.0907723 0.663399
0.371 0.0914243 0.640623
0.372 0.0920535 0.617688
0.373 0.0926596 0.594599
0.374 0.0932426 0.57136
0.375 0.0938023 0.547979
0.376 0.0943385 0.524461
0.377 0.0948512 0.500812
0.378 0.0953401 0.477038
0.379 0.0958052 0.453144
0.38 0.0962464 0.429137
0.381 0.0966635 0.405023
0.382 0.0970564 0.380807
0.383 0.0974251 0.356497
0.384 0.0977694 0.332097
0.385 0.0980892 0.307614
0.386 0.0983846 0.283054
0.387 0.0986553 0.258424
0.388 0.0989014 0.233729
0.389 0.0991227 0.208975
0.39 0.0993193 0.184169
0.391 0.0994911 0.159317
0.392 0.0996379 0.134426
0.393 0.0997599 0.109501
0.394 0.0998569 0.0845479
0.395 0.099929 0.0595742
0.396 0.0999761 0.0345855
0.397 0.0999982 0.00958821
0.398 0.0999952 -0.0154115
0.399 0.0999673 -0.0404073
0.4 0.0999144 -0.0653931
0.401 0.0998366 -0.0903625
0.402 0.0997337 -0.115309
0.403 0.0996059 -0.140227
0.404 0.0994533 -0.16511
0.405 0.0992757 -0.189952
0.406 0.0990734 -0.214746
0.407 0.0988463 -0.239486
0.408 0.0985944 -0.264167
0.409 0.098318 -0.288782
0.41 0.0980169 -0.313324
0.411 0.0976913 -0.337788
0.412 0.0973414 -0.362168
0.413 0.096967 -0.386457
0.414 0.0965685 -0.410649
0.415 0.0961458 -0.434739
0.416 0.095699 -0.45872
0.417 0.0952284 -0.482586
0.418 0.0947339 -0.506332
0.419 0.0942157 -0.529951
0.42 0.093674 -0.553438
0.421 0.0931089 -0.576786
0.422 0.0925205 -0.599991
0.423 0.091909 -0.623045
0.424 0.0912745 -0.645943
0.425 0.0906171 -0.66868
0.426 0.0899372 -0.69125
0.427 0.0892347 -0.713647
0.428 0.0885099 -0.735865
0.429 0.087763 -0.7579
0.43 0.0869942 -0.779745
0.431 0.0862036 -0.801395
0.432 0.0853915 -0.822845
0.433 0.084558 -0.844089
0.434 0.0837034 -0.865122
0.435 0.0828278 -0.885939
0.436 0.0819316 -0.906534
0.437 0.0810148 -0.926903
0.438 0.0800778 -0.94704
0.439 0.0791208 -0.96694
0.44 0.078144 -0.986599
0.441 0.0771477 -1.00601
0.442 0.0761321 -1.02517
0.443 0.0750975 -1.04408
0.444 0.074044 -1.06272
0.445 0.0729721 -1.0811
0.446 0.0718819 -1.0992
0.447 0.0707738 -1.11704
0.448 0.069648 -1.13459
0.449 0.0685047 -1.15186
0.45 0.0673443 -1.16884
0.451 0.0661671 -1.18553
0.452 0.0649734 -1.20192
0.453 0.0637634 -1.21801
0.454 0.0625374 -1.2338
0.455 0.0612959 -1.24928
0.456 0.060039 -1.26445
0.457 0.0587671 -1.2793
0.458 0.0574805 -1.29383
0.459 0.0561795 -1.30804
0.46 0.0548645 -1.32192
0.461 0.0535358 -1.33547
0.462 0.0521937 -1.34869
0.463 0.0508385 -1.36157
0.464 0.0494707 -1.3741
0.465 0.0480905 -1.3863
0.466 0.0466982 -1.39815
0.467 0.0452943 -1.40965
0.468 0.043879 -1.42079
0.469 0.0424528 -1.43159
0.47 0.041016 -1.44202
0.471 0.0395689 -1.45209
0.472 0.0381119 -1.4618
0.473 0.0366454 -1.47115
0.474 0.0351697 -1.48013
0.475 0.0336853 -1.48873
0.476 0.0321924 -1.49697
0.477 0.0306915 -1.50483
0.478 0.0291829 -1.51231
0.479 0.027667 -1.51942
0.48 0.0261441 -1.52615
0.481 0.0246148 -1.53249
0.482 0.0230793 -1.53845
0.483 0.021538 -1.54403
0.484 0.0199914 -1.54922
0.485 0.0184397 -1.55403
0.486 0.0168834 -1.55844
0.487 0.0153229 -1.56247
0.488 0.0137586 -1.5661
0.489 0.0121909 -1.56935
0.49 0.0106201 -1.5722
0.491 0.00904661 -1.57466
0.492 0.00747089 -1.57672
0.493 0.0058933 -1.57839
0.494 0.00431424 -1.57967
0.495 0.0027341 -1.58055
0.496 0.00115328 -1.58103
0.497 -0.000427833 -1.58112
0.498 -0.00200884 -1.58082
0.499 -0.00358934 -1.58012
0.5 -0.00516895 -1.57903
0.501 -0.00674726 -1.57754
0.502 -0.00832389 -1.57565
0.503 -0.00989843 -1.57337
0.504 -0.0114705 -1.5707
0.505 -0.0130397 -1.56764
0.506 -0.0146057 -1.56418
0.507 -0.0161679 -1.56034
0.508 -0.0177262 -1.5561
0.509 -0.01928 -1.55147
0.51 -0.020829 -1.54646
0.511 -0.0223728 -1.54106
0.512 -0.023911 -1.53527
0.513 -0.0254432 -1.5291
0.514 -0.0269691 -1.52255
0.515 -0.0284882 -1.51562
0.516 -0.0300002 -1.50831
0.517 -0.0315047 -1.50062
0.518 -0.0330013 -1.49256
0.519 -0.0344897 -1.48412
0.52 -0.0359694 -1.47531
0.521 -0.0374402 -1.46614
0.522 -0.0389016 -1.45659
0.523 -0.0403533 -1.44669
0.524 -0.0417948 -1.43642
0.525 -0.043226 -1.42579
0.526 -0.0446463 -1.41481
0.527 -0.0460555 -1.40347
0.528 -0.0474531 -1.39178
0.529 -0.0488389 -1.37974
0.53 -0.0502125 -1.36736
0.531 -0.0515735 -1.35464
0.532 -0.0529217 -1.34158
0.533 -0.0542566 -1.32818
0.534 -0.0555779 -1.31445
0.535 -0.0568853 -1.30039
0.536 -0.0581786 -1.28601
0.537 -0.0594573 -1.2713
0.538 -0.0607211 -1.25628
0.539 -0.0619697 -1.24094
0.54 -0.0632029 -1.2253
0.541 -0.0644202 -1.20934
0.542 -0.0656214 -1.19309
0.543 -0.0668063 -1.17653
0.544 -0.0679744 -1.15969
0.545 -0.0691255 -1.14255
0.546 -0.0702594 -1.12512
0.547 -0.0713757 -1.10742
0.548 -0.0724742 -1.08944
0.549 -0.0735545 -1.07118
0.55 -0.0746164 -1.05266
0.551 -0.0756597 -1.03388
0.552 -0.0766841 -1.01483
0.553 -0.0776893 -0.995537
0.554 -0.0786751 -0.975991
0.555 -0.0796412 -0.956201
0.556 -0.0805874 -0.936172
0.557 -0.0815135 -0.915909
0.558 -0.0824191 -0.895417
0.559 -0.0833042 -0.874701
0.56 -0.0841685 -0.853766
0.561 -0.0850117 -0.832618
0.562 -0.0858336 -0.811262
0.563 -0.0866341 -0.789703
0.564 -0.087413 -0.767947
0.565 -0.08817 -0.745999
0.566 -0.0889049 -0.723864
0.567 -0.0896176 -0.701548
0.568 -0.090308 -0.679057
0.569 -0.0909757 -0.656396
0.57 -0.0916207 -0.633571
0.571 -0.0922428 -0.610587
0.572 -0.0928418 -0.587451
0.573 -0.0934176 -0.564168
0.574 -0.0939701 -0.540745
0.575 -0.0944991 -0.517185
0.576 -0.0950044 -0.493497
0.577 -0.095486 -0.469685
0.578 -0.0959438 -0.445756
0.579 -0.0963775 -0.421715
0.58 -0.0967872 -0.397569
0.581 -0.0971726 -0.373324
0.582 -0.0975338 -0.348985
0.583 -0.0978706 -0.324559
0.584 -0.0981829 -0.300052
0.585 -0.0984706 -0.275469
0.586 -0.0987338 -0.250818
0.587 -0.0989723 -0.226105
0.588 -0.099186 -0.201334
0.589 -0.0993749 -0.176514
0.59 -0.099539 -0.151649
0.591 -0.0996782 -0.126746
0.592 -0.0997925 -0.101812
0.593 -0.0998818 -0.0768521
0.594 -0.0999462 -0.0518731
0.595 -0.0999855 -0.0268811
0.596 -0.0999999 -0.00188241
0.597 -0.0999893 0.0231168
0.598 -0.0999537 0.0481102
0.599 -0.0998931 0.0730915
0.6 -0.0998075 0.0980546
0.601 -0.099697 0.122993
0.602 -0.0995615 0.147901
0.603 -0.0994012 0.172772
0.604 -0.099216 0.1976
0.605 -0.099006 0.222378
0.606 -0.0987713 0.247101
0.607 -0.0985118 0.271761
0.608 -0.0982278 0.296354
0.609 -0.0979192 0.320873
0.61 -0.0975861 0.345312
0.611 -0.0972286 0.369664
0.612 -0.0968468 0.393924
0.613 -0.0964407 0.418086
0.614 -0.0960106 0.442143
0.615 -0.0955565 0.466089
0.616 -0.0950785 0.489919
0.617 -0.0945767 0.513626
0.618 -0.0940513 0.537205
0.619 -0.0935023 0.56065
0.62 -0.09293 0.583954
0.621 -0.0923345 0.607113
0.622 -0.0917158 0.63012
0.623 -0.0910743 0.652969
0.624 -0.09041 0.675655
0.625 -0.089723 0.698172
0.626 -0.0890137 0.720515
0.627 -0.0882821 0.742677
0.628 -0.0875284 0.764654
0.629 -0.0867528 0.786439
0.63 -0.0859556 0.808028
0.631 -0.0851368 0.829415
0.632 -0.0842968 0.850595
0.633 -0.0834357 0.871562
0.634 -0.0825538 0.892311
0.635 -0.0816512 0.912837
0.636 -0.0807282 0.933135
0.637 -0.079785 0.9532
0.638 -0.0788218 0.973026
0.639 -0.077839 0.992609
0.64 -0.0768367 1.01194
0.641 -0.0758152 1.03103
0.642 -0.0747747 1.04985
0.643 -0.0737156 1.06841
0.644 -0.072638 1.08671
0.645 -0.0715423 1.10473
0.646 -0.0704286 1.12248
0.647 -0.0692974 1.13994
0.648 -0.0681489 1.15712
0.649 -0.0669833 1.17401
0.65 -0.0658009 1.19061
0.651 -0.0646021 1.20691
0.652 -0.0633872 1.22291
0.653 -0.0621564 1.23861
0.654 -0.0609101 1.25399
0.655 -0.0596485 1.26906
0.656 -0.0583721 1.28381
0.657 -0.057081 1.29824
0.658 -0.0557757 1.31235
0.659 -0.0544564 1.32613
0.66 -0.0531235 1.33958
0.661 -0.0517774 1.35269
0.662 -0.0504183 1.36547
0.663 -0.0490466 1.3779
0.664 -0.0476626 1.38999
0.665 -0.0462667 1.40173
0.666 -0.0448592 1.41312
0.667 -0.0434406 1.42416
0.668 -0.042011 1.43484
0.669 -0.040571 1.44516
0.67 -0.0391208 1.45513
0.671 -0.0376609 1.46472
0.672 -0.0361915 1.47396
0.673 -0.0347131 1.48282
0.674 -0.033226 1.49131
0.675 -0.0317306 1.49943
0.676 -0.0302273 1.50718
0.677 -0.0287164 1.51454
0.678 -0.0271983 1.52153
0.679 -0.0256734 1.52814
0.68 -0.0241421 1.53437
0.681 -0.0226048 1.54021
0.682 -0.0210618 1.54567
0.683 -0.0195136 1.55074
0.684 -0.0179605 1.55543
0.685 -0.0164029 1.55972
0.686 -0.0148412 1.56363
0.687 -0.0132757 1.56714
0.688 -0.011707 1.57027
0.689 -0.0101353 1.573
0.69 -0.00856114 1.57533
0.691 -0.00698481 1.57728
0.692 -0.00540672 1.57883
0.693 -0.00382729 1.57998
0.694 -0.00224689 1.58074
0.695 -0.000665937 1.5811
0.696 0.000915184 1.58107
0.697 0.00249608 1.58065
0.698 0.00407634 1.57982
0.699 0.00565559 1.57861
0.7 0.00723343 1.577
0.701 0.00880946 1.57499
0.702 0.0103833 1.57259
0.703 0.0119545 1.5698
0.704 0.0135228 1.56662
0.705 0.0150876 1.56304
0.706 0.0166487 1.55907
0.707 0.0182056 1.55472
0.708 0.019758 1.54997
0.709 0.0213054 1.54484
0.71 0.0228475 1.53932
0.711 0.0243839 1.53341
0.712 0.0259142 1.52713
0.713 0.0274381 1.52046
0.714 0.028955 1.51341
0.715 0.0304648 1.50598
0.716 0.0319669 1.49818
0.717 0.033461 1.49
0.718 0.0349467 1.48145
0.719 0.0364237 1.47252
0.72 0.0378917 1.46323
0.721 0.0393501 1.45358
0.722 0.0407987 1.44356
0.723 0.0422371 1.43318
0.724 0.0436649 1.42244
0.725 0.0450819 1.41135
0.726 0.0464875 1.3999
0.727 0.0478816 1.38811
0.728 0.0492636 1.37596
0.729 0.0506334 1.36348
0.73 0.0519905 1.35065
0.731 0.0533345 1.33748
0.732 0.0546653 1.32398
0.733 0.0559824 1.31015
0.734 0.0572855 1.29599
0.735 0.0585743 1.28151
0.736 0.0598484 1.26671
0.737 0.0611076 1.25159
0.738 0.0623515 1.23615
0.739 0.0635798 1.22041
0.74 0.0647922 1.20436
0.741 0.0659884 1.18802
0.742 0.0671681 1.17137
0.743 0.0683311 1.15443
0.744 0.0694769 1.13721
0.745 0.0706054 1.1197
0.746 0.0717162 1.10191
0.747 0.0728091 1.08384
0.748 0.0738838 1.0655
0.749 0.07494 1.0469
0.75 0.0759775 1.02803
0.751 0.076996 1.00891
0.752 0.0779952 0.989538
0.753 0.078975 0.969916
0.754 0.079935 0.950052
0.755 0.080875 0.929951
0.756 0.0817948 0.909616
0.757 0.0826942 0.889055
0.758 0.0835728 0.868271
0.759 0.0844306 0.84727
0.76 0.0852673 0.826058
0.761 0.0860827 0.804638
0.762 0.0868765 0.783018
0.763 0.0876487 0.761202
0.764 0.0883989 0.739196
0.765 0.089127 0.717004
0.766 0.0898328 0.694634
0.767 0.0905162 0.67209
0.768 0.0911769 0.649378
0.769 0.0918149 0.626503
0.77 0.0924299 0.603472
0.771 0.0930218 0.58029
0.772 0.0935904 0.556963
0.773 0.0941357 0.533497
0.774 0.0946574 0.509897
0.775 0.0951554 0.48617
0.776 0.0956297 0.462322
0.777 0.09608 0.438357
0.778 0.0965064 0.414284
0.779 0.0969086 0.390106
0.78 0.0972865 0.365831
0.781 0.0976402 0.341465
0.782 0.0979694 0.317013
0.783 0.0982742 0.292482
0.784 0.0985544 0.267878
0.785 0.0988099 0.243207
0.786 0.0990408 0.218475
0.787 0.0992469 0.193689
0.788 0.0994281 0.168854
0.789 0.0995846 0.143977
0.79 0.0997161 0.119064
0.791 0.0998227 0.0941209
0.792 0.0999043 0.0691545
0.793 0.099961 0.0441708
0.794 0.0999926 0.0191761
0.795 0.0999993 -0.00582344
0.796 0.099981 -0.0308215
0.797 0.0999377 -0.0558119
0.798 0.0998694 -0.0807883
0.799 0.0997761 -0.105744
0.8 0.0996579 -0.130674
0.801 0.0995148 -0.155571
0.802 0.0993468 -0.18043
0.803 0.0991539 -0.205243
0.804 0.0989363 -0.230004
0.805 0.0986939 -0.254709
0.806 0.0984269 -0.279349
0.807 0.0981353 -0.30392
0.808 0.0978191 -0.328415
0.809 0.0974785 -0.352828
0.81 0.0971135 -0.377152
0.811 0.0967242 -0.401382
0.812 0.0963107 -0.425512
0.813 0.0958732 -0.449536
0.814 0.0954117 -0.473447
0.815 0.0949263 -0.49724
0.816 0.0944173 -0.520908
0.817 0.0938846 -0.544446
0.818 0.0933284 -0.567848
0.819 0.0927489 -0.591109
0.82 0.0921462 -0.614221
0.821 0.0915205 -0.63718
0.822 0.0908719 -0.659979
0.823 0.0902006 -0.682614
0.824 0.0895068 -0.705078
0.825 0.0887905 -0.727365
0.826 0.0880521 -0.749471
0.827 0.0872917 -0.77139
0.828 0.0865094 -0.793115
0.829 0.0857055 -0.814642
0.83 0.0848802 -0.835966
0.831 0.0840336 -0.857081
0.832 0.0831661 -0.877981
0.833 0.0822777 -0.898662
0.834 0.0813688 -0.919118
0.835 0.0804396 -0.939345
0.836 0.0794902 -0.959336
0.837 0.078521 -0.979088
0.838 0.0775321 -0.998595
0.839 0.0765239 -1.01785
0.84 0.0754965 -1.03686
0.841 0.0744503 -1.0556
0.842 0.0733854 -1.07408
0.843 0.0723022 -1.09229
0.844 0.0712009 -1.11023
0.845 0.0700818 -1.12789
0.846 0.0689452 -1.14527
0.847 0.0677914 -1.16236
0.848 0.0666206 -1.17916
0.849 0.0654332 -1.19567
0.85 0.0642294 -1.21188
0.851 0.0630095 -1.22778
0.852 0.0617739 -1.24338
0.853 0.0605228 -1.25867
0.854 0.0592567 -1.27364
0.855 0.0579757 -1.2883
0.856 0.0566802 -1.30263
0.857 0.0553705 -1.31663
0.858 0.054047 -1.33031
0.859 0.05271 -1.34366
0.86 0.0513598 -1.35667
0.861 0.0499968 -1.36934
0.862 0.0486213 -1.38166
0.863 0.0472336 -1.39365
0.864 0.0458341 -1.40528
0.865 0.0444231 -1.41656
0.866 0.0430011 -1.42749
0.867 0.0415683 -1.43806
0.868 0.0401251 -1.44827
0.869 0.0386718 -1.45812
0.87 0.0372089 -1.46761
0.871 0.0357368 -1.47673
0.872 0.0342556 -1.48548
0.873 0.0327659 -1.49385
0.874 0.031268 -1.50186
0.875 0.0297623 -1.50949
0.876 0.0282492 -1.51674
0.877 0.026729 -1.52361
0.878 0.0252021 -1.5301
0.879 0.0236689 -1.53621
0.88 0.0221298 -1.54194
0.881 0.0205852 -1.54728
0.882 0.0190354 -1.55223
0.883 0.0174808 -1.55679
0.884 0.0159219 -1.56097
0.885 0.014359 -1.56475
0.886 0.0127925 -1.56815
0.887 0.0112229 -1.57115
0.888 0.00965037 -1.57376
0.889 0.00807547 -1.57597
0.89 0.00649855 -1.5778
0.891 0.00492001 -1.57922
0.892 0.00334024 -1.58026
0.893 0.00175963 -1.58089
0.894 0.000178581 -1.58114
0.895 -0.00140251 -1.58098
0.896 -0.00298325 -1.58044
0.897 -0.00456325 -1.57949
0.898 -0.00614211 -1.57815
0.899 -0.00771943 -1.57642
0.9 -0.00929482 -1.57429
0.901 -0.0108679 -1.57177
0.902 -0.0124382 -1.56886
0.903 -0.0140055 -1.56555
0.904 -0.0155692 -1.56186
0.905 -0.0171291 -1.55777
0.906 -0.0186846 -1.55329
0.907 -0.0202355 -1.54843
0.908 -0.0217814 -1.54318
0.909 -0.0233217 -1.53754
0.91 -0.0248563 -1.53152
0.911 -0.0263846 -1.52511
0.912 -0.0279064 -1.51832
0.913 -0.0294212 -1.51116
0.914 -0.0309286 -1.50361
0.915 -0.0324283 -1.49569
0.916 -0.0339198 -1.4874
0.917 -0.0354029 -1.47874
0.918 -0.0368772 -1.4697
0.919 -0.0383422 -1.4603
0.92 -0.0397977 -1.45053
0.921 -0.0412432 -1.4404
0.922 -0.0426783 -1.42991
0.923 -0.0441029 -1.41906
0.924 -0.0455164 -1.40786
0.925 -0.0469185 -1.3963
0.926 -0.0483088 -1.3844
0.927 -0.0496871 -1.37215
0.928 -0.051053 -1.35956
0.929 -0.0524061 -1.34663
0.93 -0.0537462 -1.33336
0.931 -0.0550727 -1.31975
0.932 -0.0563856 -1.30582
0.933 -0.0576843 -1.29156
0.934 -0.0589686 -1.27698
0.935 -0.0602381 -1.26208
0.936 -0.0614926 -1.24686
0.937 -0.0627318 -1.23133
0.938 -0.0639552 -1.2155
0.939 -0.0651626 -1.19936
0.94 -0.0663538 -1.18292
0.941 -0.0675284 -1.16618
0.942 -0.0686861 -1.14915
0.943 -0.0698266 -1.13184
0.944 -0.0709497 -1.11424
0.945 -0.072055 -1.09637
0.946 -0.0731423 -1.07822
0.947 -0.0742113 -1.0598
0.948 -0.0752618 -1.04111
0.949 -0.0762935 -1.02217
0.95 -0.0773061 -1.00297
0.951 -0.0782993 -0.983516
0.952 -0.079273 -0.963819
0.953 -0.0802269 -0.943881
0.954 -0.0811607 -0.923707
0.955 -0.0820742 -0.903303
0.956 -0.0829672 -0.882672
0.957 -0.0838395 -0.861821
0.958 -0.0846908 -0.840754
0.959 -0.0855209 -0.819477
0.96 -0.0863297 -0.797995
0.961 -0.0871168 -0.776314
0.962 -0.0878822 -0.754439
0.963 -0.0886257 -0.732375
0.964 -0.0893469 -0.710128
0.965 -0.0900459 -0.687703
0.966 -0.0907223 -0.665107
0.967 -0.091376 -0.642344
0.968 -0.0920069 -0.619421
0.969 -0.0926148 -0.596342
0.97 -0.0931995 -0.573115
0.971 -0.093761 -0.549745
0.972 -0.094299 -0.526237
0.973 -0.0948134 -0.502597
0.974 -0.0953041 -0.478832
0.975 -0.095771 -0.454947
0.976 -0.096214 -0.430948
0.977 -0.0966329 -0.406842
0.978 -0.0970277 -0.382634
0.979 -0.0973981 -0.35833
0.98 -0.0977443 -0.333937
0.981 -0.098066 -0.30946
0.982 -0.0983632 -0.284906
0.983 -0.0986358 -0.260281
0.984 -0.0988837 -0.23559
0.985 -0.0991069 -0.210841
0.986 -0.0993054 -0.186039
0.987 -0.099479 -0.16119
0.988 -0.0996277 -0.136301
0.989 -0.0997516 -0.111378
0.99 -0.0998505 -0.0864276
0.991 -0.0999244 -0.0614552
0.992 -0.0999734 -0.0364674
0.993 -0.0999974 -0.0114706
0.994 -0.0999963 0.0135292
0.995 -0.0999703 0.0385255
0.996 -0.0999193 0.0635122
0.997 -0.0998433 0.0884831
0.998 -0.0997423 0.113432
0.999 -0.0996164 0.138352
1 -0.0994656 0.163238
1.001 -0.09929 0.188083
1.002 -0.0990895 0.212881
1.003 -0.0988642 0.237626
1.004 -0.0986143 0.262311
1.005 -0.0983396 0.286931
1.006 -0.0980404 0.311479
1.007 -0.0977167 0.335949
1.008 -0.0973686 0.360335
1.009 -0.0969961 0.384631
1.01 -0.0965993 0.408831
1.011 -0.0961784 0.432929
1.012 -0.0957335 0.456918
1.013 -0.0952646 0.480793
1.014 -0.094772 0.504549
1.015 -0.0942556 0.528177
1.016 -0.0937156 0.551674
1.017 -0.0931523 0.575033
1.018 -0.0925656 0.598249
1.019 -0.0919558 0.621314
1.02 -0.091323 0.644225
1.021 -0.0906674 0.666974
1.022 -0.0899892 0.689556
1.023 -0.0892884 0.711967
1.024 -0.0885653 0.734199
1.025 -0.08782 0.756247
1.026 -0.0870528 0.778107
1.027 -0.0862639 0.799772
1.028 -0.0854534 0.821237
1.029 -0.0846215 0.842497
1.03 -0.0837684 0.863546
1.031 -0.0828945 0.884379
1.032 -0.0819998 0.904992
1.033 -0.0810846 0.925378
1.034 -0.0801491 0.945532
1.035 -0.0791936 0.96545
1.036 -0.0782183 0.985127
1.037 -0.0772234 1.00456
1.038 -0.0762092 1.02374
1.039 -0.075176 1.04266
1.04 -0.074124 1.06132
1.041 -0.0730535 1.07972
1.042 -0.0719646 1.09785
1.043 -0.0708578 1.1157
1.044 -0.0697333 1.13328
1.045 -0.0685914 1.15057
1.046 -0.0674323 1.16757
1.047 -0.0662563 1.18428
1.048 -0.0650638 1.2007
1.049 -0.063855 1.21681
1.05 -0.0626303 1.23262
1.051 -0.0613899 1.24813
1.052 -0.0601342 1.26332
1.053 -0.0588634 1.27819
1.054 -0.0575779 1.29275
1.055 -0.056278 1.30698
1.056 -0.054964 1.32089
1.057 -0.0536363 1.33446
1.058 -0.0522952 1.3477
1.059 -0.050941 1.36061
1.06 -0.0495741 1.37317
1.061 -0.0481948 1.38539
1.062 -0.0468034 1.39727
1.063 -0.0454004 1.40879
1.064 -0.043986 1.41997
1.065 -0.0425606 1.43079
1.066 -0.0411245 1.44125
1.067 -0.0396782 1.45135
1.068 -0.0382219 1.46109
1.069 -0.0367561 1.47046
1.07 -0.0352811 1.47946
1.071 -0.0337973 1.4881
1.072 -0.0323051 1.49636
1.073 -0.0308047 1.50425
1.074 -0.0292967 1.51176
1.075 -0.0277813 1.5189
1.076 -0.026259 1.52565
1.077 -0.0247302 1.53203
1.078 -0.0231951 1.53802
1.079 -0.0216543 1.54362
1.08 -0.020108 1.54884
1.081 -0.0185567 1.55368
1.082 -0.0170008 1.55812
1.083 -0.0154406 1.56218
1.084 -0.0138765 1.56584
1.085 -0.012309 1.56912
1.086 -0.0107384 1.572
1.087 -0.00916517 1.57448
1.088 -0.00758961 1.57658
1.089 -0.00601215 1.57828
1.09 -0.00443318 1.57958
1.091 -0.00285311 1.5805
1.092 -0.00127232 1.58101
1.093 0.00030878 1.58113
1.094 0.00188981 1.58086
1.095 0.00347036 1.58019
1.096 0.00505005 1.57912
1.097 0.00662847 1.57766
1.098 0.00820524 1.57581
1.099 0.00977996 1.57356
1.1 0.0113522 1.57092
1.101 0.0129217 1.56788
1.102 0.0144879 1.56446
1.103 0.0160504 1.56064
1.104 0.017609 1.55643
1.105 0.0191632 1.55184
1.106 0.0207126 1.54685
1.107 0.0222568 1.54148
1.108 0.0237954 1.53572
1.109 0.0253281 1.52958
1.11 0.0268544 1.52306
1.111 0.0283741 1.51616
1.112 0.0298866 1.50887
1.113 0.0313917 1.50121
1.114 0.0328889 1.49318
1.115 0.0343779 1.48477
1.116 0.0358583 1.47599
1.117 0.0373298 1.46684
1.118 0.0387919 1.45733
1.119 0.0402443 1.44745
1.12 0.0416867 1.4372
1.121 0.0431186 1.4266
1.122 0.0445397 1.41565
1.123 0.0459498 1.40433
1.124 0.0473483 1.39267
1.125 0.048735 1.38066
1.126 0.0501095 1.36831
1.127 0.0514715 1.35561
1.128 0.0528206 1.34257
1.129 0.0541565 1.3292
1.13 0.0554789 1.31549
1.131 0.0567874 1.30146
1.132 0.0580817 1.2871
1.133 0.0593615 1.27242
1.134 0.0606264 1.25742
1.135 0.0618762 1.24211
1.136 0.0631105 1.22648
1.137 0.0643291 1.21055
1.138 0.0655316 1.19432
1.139 0.0667176 1.17779
1.14 0.067887 1.16096
1.141 0.0690395 1.14385
1.142 0.0701746 1.12645
1.143 0.0712923 1.10876
1.144 0.0723921 1.0908
1.145 0.0734738 1.07257
1.146 0.0745371 1.05407
1.147 0.0755818 1.0353
1.148 0.0766076 1.01628
1.149 0.0776143 0.996998
1.15 0.0786015 0.977471
1.151 0.0795691 0.957699
1.152 0.0805169 0.937688
1.153 0.0814444 0.917442
1.154 0.0823517 0.896967
1.155 0.0832383 0.876268
1.156 0.0841041 0.85535
1.157 0.0849489 0.834218
1.158 0.0857725 0.812877
1.159 0.0865746 0.791334
1.16 0.0873551 0.769592
1.161 0.0881137 0.747658
1.162 0.0888504 0.725537
1.163 0.0895648 0.703234
1.164 0.0902568 0.680756
1.165 0.0909262 0.658108
1.166 0.0915729 0.635295
1.167 0.0921967 0.612323
1.168 0.0927975 0.589199
1.169 0.0933751 0.565927
1.17 0.0939293 0.542513
1.171 0.0944601 0.518964
1.172 0.0949672 0.495285
1.173 0.0954506 0.471482
1.174 0.0959101 0.447562
1.175 0.0963457 0.423529
1.176 0.0967572 0.399391
1.177 0.0971444 0.375153
1.178 0.0975074 0.350821
1.179 0.0978461 0.326401
1.18 0.0981602 0.3019
1.181 0.0984498 0.277323
1.182 0.0987148 0.252677
1.183 0.0989552 0.227968
1.184 0.0991707 0.203201
1.185 0.0993615 0.178384
1.186 0.0995275 0.153523
1.187 0.0996686 0.128623
1.188 0.0997847 0.10369
1.189 0.0998759 0.0787322
1.19 0.0999422 0.0537545
1.191 0.0999835 0.0287632
1.192 0.0999997 0.00376481
1.193 0.099991 -0.0212345
1.194 0.0999572 -0.0462286
1.195 0.0998985 -0.0712111
1.196 0.0998148 -0.0961758
1.197 0.0997062 -0.121116
1.198 0.0995726 -0.146027
1.199 0.0994141 -0.170901
1.2 0.0992308 -0.195732
1.201 0.0990227 -0.220514
1.202 0.0987898 -0.245241
1.203 0.0985322 -0.269907
1.204 0.09825 -0.294505
1.205 0.0979432 -0.31903
1.206 0.097612 -0.343475
1.207 0.0972563 -0.367834
1.208 0.0968764 -0.392101
1.209 0.0964722 -0.41627
1.21 0.0960438 -0.440335
1.211 0.0955915 -0.46429
1.212 0.0951153 -0.488129
1.213 0.0946153 -0.511846
1.214 0.0940917 -0.535434
1.215 0.0935445 -0.558889
1.216 0.0929739 -0.582205
1.217 0.0923801 -0.605374
1.218 0.0917632 -0.628393
1.219 0.0911234 -0.651254
1.22 0.0904608 -0.673953
1.221 0.0897755 -0.696483
1.222 0.0890679 -0.718839
1.223 0.0883379 -0.741015
1.224 0.0875859 -0.763006
1.225 0.086812 -0.784806
1.226 0.0860164 -0.80641
1.227 0.0851992 -0.827812
1.228 0.0843608 -0.849008
1.229 0.0835013 -0.869991
1.23 0.0826209 -0.890757
1.231 0.0817198 -0.9113
1.232 0.0807984 -0.931615
1.233 0.0798567 -0.951697
1.234 0.078895 -0.971541
1.235 0.0779137 -0.991143
1.236 0.0769128 -1.0105
1.237 0.0758928 -1.0296
1.238 0.0748537 -1.04844
1.239 0.073796 -1.06702
1.24 0.0727198 -1.08534
1.241 0.0716254 -1.10338
1.242 0.0705131 -1.12115
1.243 0.0693832 -1.13864
1.244 0.0682359 -1.15584
1.245 0.0670716 -1.17275
1.246 0.0658905 -1.18937
1.247 0.064693 -1.2057
1.248 0.0634792 -1.22172
1.249 0.0622496 -1.23744
1.25 0.0610045 -1.25284
1.251 0.059744 -1.26794
1.252 0.0584687 -1.28271
1.253 0.0571787 -1.29717
1.254 0.0558745 -1.3113
1.255 0.0545562 -1.32511
1.256 0.0532244 -1.33858
1.257 0.0518792 -1.35172
1.258 0.050521 -1.36452
1.259 0.0491503 -1.37698
1.26 0.0477672 -1.38909
1.261 0.0463722 -1.40086
1.262 0.0449656 -1.41228
1.263 0.0435478 -1.42334
1.264 0.042119 -1.43405
1.265 0.0406798 -1.4444
1.266 0.0392304 -1.45439
1.267 0.0377711 -1.46401
1.268 0.0363025 -1.47327
1.269 0.0348247 -1.48216
1.27 0.0333383 -1.49068
1.271 0.0318435 -1.49883
1.272 0.0303407 -1.50661
1.273 0.0288304 -1.514
1.274 0.0273128 -1.52102
1.275 0.0257885 -1.52766
1.276 0.0242576 -1.53391
1.277 0.0227208 -1.53979
1.278 0.0211782 -1.54527
1.279 0.0196303 -1.55037
1.28 0.0180776 -1.55509
1.281 0.0165203 -1.55941
1.282 0.0149589 -1.56335
1.283 0.0133937 -1.56689
1.284 0.0118252 -1.57004
1.285 0.0102538 -1.5728
1.286 0.00867975 -1.57517
1.287 0.00710356 -1.57714
1.288 0.0055256 -1.57872
1.289 0.00394625 -1.57991
1.29 0.00236591 -1.5807
1.291 0.000784988 -1.58109
1.292 -0.000796134 -1.58109
1.293 -0.00237706 -1.58069
1.294 -0.00395739 -1.5799
1.295 -0.00553673 -1.57871
1.296 -0.00711468 -1.57713
1.297 -0.00869086 -1.57516
1.298 -0.0102649 -1.57279
1.299 -0.0118363 -1.57002
1.3 -0.0134048 -1.56687
1.301 -0.0149699 -1.56332
1.302 -0.0165313 -1.55938
1.303 -0.0180885 -1.55506
1.304 -0.0196413 -1.55034
1.305 -0.0211891 -1.54524
1.306 -0.0227316 -1.53975
1.307 -0.0242685 -1.53387
1.308 -0.0257992 -1.52761
1.309 -0.0273236 -1.52097
1.31 -0.0288411 -1.51395
1.311 -0.0303513 -1.50655
1.312 -0.031854 -1.49878
1.313 -0.0333488 -1.49063
1.314 -0.0348352 -1.4821
1.315 -0.0363128 -1.47321
1.316 -0.0377815 -1.46395
1.317 -0.0392406 -1.45432
1.318 -0.04069 -1.44433
1.319 -0.0421292 -1.43397
1.32 -0.0435578 -1.42326
1.321 -0.0449756 -1.4122
1.322 -0.0463821 -1.40078
1.323 -0.047777 -1.38901
1.324 -0.04916 -1.37689
1.325 -0.0505307 -1.36443
1.326 -0.0518887 -1.35163
1.327 -0.0532338 -1.33848
1.328 -0.0545656 -1.32501
1.329 -0.0558837 -1.3112
1.33 -0.0571879 -1.29707
1.331 -0.0584777 -1.28261
1.332 -0.059753 -1.26783
1.333 -0.0610133 -1.25273
1.334 -0.0622583 -1.23733
1.335 -0.0634878 -1.22161
1.336 -0.0647015 -1.20558
1.337 -0.0658989 -1.18926
1.338 -0.0670799 -1.17263
1.339 -0.0682441 -1.15572
1.34 -0.0693912 -1.13851
1.341 -0.070521 -1.12102
1.342 -0.0716332 -1.10326
1.343 -0.0727274 -1.08521
1.344 -0.0738035 -1.06689
1.345 -0.0748611 -1.04831
1.346 -0.0759 -1.02946
1.347 -0.07692 -1.01036
1.348 -0.0779207 -0.991006
1.349 -0.0789019 -0.971402
1.35 -0.0798634 -0.951556
1.351 -0.0808049 -0.931472
1.352 -0.0817263 -0.911156
1.353 -0.0826272 -0.890611
1.354 -0.0835074 -0.869844
1.355 -0.0843668 -0.848859
1.356 -0.0852051 -0.827662
1.357 -0.086022 -0.806258
1.358 -0.0868175 -0.784653
1.359 -0.0875913 -0.762851
1.36 -0.0883431 -0.740859
1.361 -0.0890729 -0.718682
1.362 -0.0897805 -0.696324
1.363 -0.0904655 -0.673793
1.364 -0.091128 -0.651094
1.365 -0.0917677 -0.628231
1.366 -0.0923844 -0.605212
1.367 -0.092978 -0.582041
1.368 -0.0935484 -0.558725
1.369 -0.0940954 -0.535269
1.37 -0.0946189 -0.511679
1.371 -0.0951187 -0.487961
1.372 -0.0955948 -0.464121
1.373 -0.096047 -0.440166
1.374 -0.0964751 -0.4161
1.375 -0.0968791 -0.39193
1.376 -0.0972589 -0.367662
1.377 -0.0976144 -0.343303
1.378 -0.0979455 -0.318857
1.379 -0.0982521 -0.294332
1.38 -0.0985341 -0.269733
1.381 -0.0987915 -0.245067
1.382 -0.0990242 -0.220339
1.383 -0.0992322 -0.195557
1.384 -0.0994153 -0.170725
1.385 -0.0995736 -0.145851
1.386 -0.099707 -0.120941
1.387 -0.0998155 -0.0959999
1.388 -0.099899 -0.071035
1.389 -0.0999576 -0.0460524
1.39 -0.0999911 -0.0210583
1.391 -0.0999997 0.00394105
1.392 -0.0999832 0.0289394
1.393 -0.0999418 0.0539306
1.394 -0.0998754 0.0789083
1.395 -0.099784 0.103866
1.396 -0.0996677 0.128798
1.397 -0.0995264 0.153698
1.398 -0.0993603 0.178559
1.399 -0.0991693 0.203376
1.4 -0.0989536 0.228142
1.401 -0.098713 0.252851
1.402 -0.0984479 0.277496
1.403 -0.0981581 0.302073
1.404 -0.0978437 0.326573
1.405 -0.097505 0.350992
1.406 -0.0971418 0.375324
1.407 -0.0967543 0.399561
1.408 -0.0963427 0.423699
1.409 -0.095907 0.447731
1.41 -0.0954473 0.47165
1.411 -0.0949637 0.495452
1.412 -0.0944564 0.51913
1.413 -0.0939255 0.542679
1.414 -0.0933711 0.566091
1.415 -0.0927934 0.589362
1.416 -0.0921924 0.612486
1.417 -0.0915684 0.635456
1.418 -0.0909216 0.658268
1.419 -0.090252 0.680915
1.42 -0.0895598 0.703392
1.421 -0.0888452 0.725693
1.422 -0.0881085 0.747813
1.423 -0.0873497 0.769746
1.424 -0.086569 0.791486
1.425 -0.0857668 0.813029
1.426 -0.0849431 0.834368
1.427 -0.0840981 0.855498
1.428 -0.0832321 0.876415
1.429 -0.0823453 0.897113
1.43 -0.081438 0.917586
1.431 -0.0805102 0.93783
1.432 -0.0795624 0.957839
1.433 -0.0785947 0.977609
1.434 -0.0776073 0.997135
1.435 -0.0766005 1.01641
1.436 -0.0755745 1.03543
1.437 -0.0745297 1.0542
1.438 -0.0734662 1.0727
1.439 -0.0723844 1.09093
1.44 -0.0712844 1.10889
1.441 -0.0701667 1.12657
1.442 -0.0690314 1.14397
1.443 -0.0678789 1.16108
1.444 -0.0667093 1.17791
1.445 -0.0655231 1.19444
1.446 -0.0643206 1.21067
1.447 -0.0631019 1.2266
1.448 -0.0618675 1.24222
1.449 -0.0606176 1.25753
1.45 -0.0593525 1.27252
1.451 -0.0580726 1.2872
1.452 -0.0567782 1.30156
1.453 -0.0554696 1.31559
1.454 -0.0541471 1.32929
1.455 -0.0528111 1.34266
1.456 -0.0514619 1.3557
1.457 -0.0500999 1.36839
1.458 -0.0487253 1.38075
1.459 -0.0473385 1.39276
1.46 -0.0459399 1.40442
1.461 -0.0445298 1.41572
1.462 -0.0431085 1.42668
1.463 -0.0416765 1.43728
1.464 -0.0402341 1.44752
1.465 -0.0387816 1.45739
1.466 -0.0373194 1.46691
1.467 -0.0358479 1.47605
1.468 -0.0343674 1.48483
1.469 -0.0328784 1.49324
1.47 -0.0313811 1.50127
1.471 -0.029876 1.50893
1.472 -0.0283634 1.51621
1.473 -0.0268437 1.52311
1.474 -0.0253173 1.52963
1.475 -0.0237846 1.53576
1.476 -0.0222459 1.54152
1.477 -0.0207016 1.54689
1.478 -0.0191522 1.55187
1.479 -0.017598 1.55646
1.48 -0.0160394 1.56067
1.481 -0.0144768 1.56448
1.482 -0.0129106 1.56791
1.483 -0.0113412 1.57094
1.484 -0.00976886 1.57358
1.485 -0.00819413 1.57582
1.486 -0.00661735 1.57767
1.487 -0.00503892 1.57913
1.488 -0.00345922 1.58019
1.489 -0.00187866 1.58086
1.49 -0.000297634 1.58113
1.491 0.00128347 1.58101
1.492 0.00286425 1.58049
1.493 0.00444432 1.57958
1.494 0.00602327 1.57827
1.495 0.00760072 1.57657
1.496 0.00917627 1.57447
1.497 0.0107495 1.57198
1.498 0.0123201 1.56909
1.499 0.0138876 1.56582
1.5 0.0154516 1.56215
1.501 0.0170118 1.55809
1.502 0.0185677 1.55364
1.503 0.0201189 1.54881
1.504 0.0216651 1.54359
1.505 0.023206 1.53798
1.506 0.024741 1.53198
1.507 0.0262698 1.52561
1.508 0.027792 1.51885
1.509 0.0293074 1.51171
1.51 0.0308153 1.5042
1.511 0.0323156 1.4963
1.512 0.0338078 1.48804
1.513 0.0352916 1.4794
1.514 0.0367665 1.47039
1.515 0.0382322 1.46102
1.516 0.0396884 1.45128
1.517 0.0411347 1.44117
1.518 0.0425707 1.43071
1.519 0.043996 1.41989
1.52 0.0454103 1.40871
1.521 0.0468133 1.39719
1.522 0.0482046 1.38531
1.523 0.0495838 1.37308
1.524 0.0509506 1.36052
1.525 0.0523047 1.34761
1.526 0.0536457 1.33437
1.527 0.0549733 1.32079
1.528 0.0562872 1.30688
1.529 0.057587 1.29265
1.53 0.0588724 1.27809
1.531 0.0601431 1.26321
1.532 0.0613987 1.24802
1.533 0.062639 1.23251
1.534 0.0638636 1.2167
1.535 0.0650723 1.20058
1.536 0.0662647 1.18417
1.537 0.0674405 1.16745
1.538 0.0685995 1.15045
1.539 0.0697413 1.13315
1.54 0.0708657 1.11558
1.541 0.0719724 1.09772
1.542 0.0730611 1.07959
1.543 0.0741315 1.06119
1.544 0.0751834 1.04253
1.545 0.0762164 1.0236
1.546 0.0772305 1.00442
1.547 0.0782252 0.984989
1.548 0.0792004 0.965311
1.549 0.0801558 0.945391
1.55 0.0810911 0.925235
1.551 0.0820061 0.904847
1.552 0.0829007 0.884233
1.553 0.0837745 0.863398
1.554 0.0846274 0.842348
1.555 0.0854592 0.821086
1.556 0.0862695 0.79962
1.557 0.0870583 0.777953
1.558 0.0878254 0.756093
1.559 0.0885705 0.734043
1.56 0.0892934 0.711809
1.561 0.089994 0.689398
1.562 0.0906721 0.666814
1.563 0.0913276 0.644064
1.564 0.0919602 0.621152
1.565 0.0925698 0.598085
1.566 0.0931563 0.574869
1.567 0.0937195 0.551509
1.568 0.0942593 0.528011
1.569 0.0947755 0.504382
1.57 0.095268 0.480626
1.571 0.0957367 0.456749
1.572 0.0961815 0.432759
1.573 0.0966022 0.408661
1.574 0.0969988 0.38446
1.575 0.0973711 0.360163
1.576 0.0977191 0.335777
1.577 0.0980426 0.311306
1.578 0.0983417 0.286757
1.579 0.0986161 0.262137
1.58 0.0988659 0.237451
1.581 0.099091 0.212706
1.582 0.0992913 0.187908
1.583 0.0994668 0.163063
1.584 0.0996174 0.138177
1.585 0.0997431 0.113256
1.586 0.0998439 0.0883071
1.587 0.0999197 0.0633361
1.588 0.0999706 0.0383493
1.589 0.0999964 0.0133529
1.59 0.0999973 -0.0116468
1.591 0.0999731 -0.0366436
1.592 0.099924 -0.0616313
1.593 0.0998499 -0.0866036
1.594 0.0997508 -0.111554
1.595 0.0996268 -0.136477
1.596 0.0994779 -0.161365
1.597 0.0993041 -0.186214
1.598 0.0991054 -0.211015
1.599 0.0988821 -0.235764
1.6 0.0986339 -0.260454
1.601 0.0983612 -0.285079
1.602 0.0980638 -0.309633
1.603 0.0977419 -0.334109
1.604 0.0973956 -0.358502
1.605 0.097025 -0.382805
1.606 0.09663 -0.407012
1.607 0.096211 -0.431118
1.608 0.0957678 -0.455116
1.609 0.0953008 -0.479
1.61 0.0948099 -0.502764
1.611 0.0942953 -0.526403
1.612 0.0937571 -0.54991
1.613 0.0931955 -0.573279
1.614 0.0926106 -0.596506
1.615 0.0920025 -0.619583
1.616 0.0913715 -0.642505
1.617 0.0907176 -0.665267
1.618 0.090041 -0.687862
1.619 0.0893419 -0.710285
1.62 0.0886205 -0.732531
1.621 0.0878769 -0.754594
1.622 0.0871114 -0.776468
1.623 0.0863241 -0.798148
1.624 0.0855151 -0.819628
1.625 0.0846849 -0.840903
1.626 0.0838334 -0.861969
1.627 0.082961 -0.882818
1.628 0.0820678 -0.903447
1.629 0.0811542 -0.923851
1.63 0.0802202 -0.944023
1.631 0.0792662 -0.963959
1.632 0.0782924 -0.983654
1.633 0.077299 -1.0031
1.634 0.0762863 -1.0223
1.635 0.0752545 -1.04125
1.636 0.0742039 -1.05993
1.637 0.0731347 -1.07835
1.638 0.0720473 -1.09649
1.639 0.0709418 -1.11437
1.64 0.0698186 -1.13196
1.641 0.068678 -1.14928
1.642 0.0675202 -1.1663
1.643 0.0663455 -1.18303
1.644 0.0651542 -1.19947
1.645 0.0639466 -1.21561
1.646 0.0627231 -1.23144
1.647 0.0614838 -1.24697
1.648 0.0602292 -1.26218
1.649 0.0589596 -1.27708
1.65 0.0576752 -1.29166
1.651 0.0563764 -1.30592
1.652 0.0550634 -1.31985
1.653 0.0537368 -1.33345
1.654 0.0523967 -1.34672
1.655 0.0510434 -1.35965
1.656 0.0496775 -1.37224
1.657 0.0482991 -1.38449
1.658 0.0469086 -1.39639
1.659 0.0455064 -1.40794
1.66 0.0440929 -1.41914
1.661 0.0426683 -1.42998
1.662 0.041233 -1.44047
1.663 0.0397874 -1.4506
1.664 0.0383319 -1.46036
1.665 0.0368668 -1.46976
1.666 0.0353925 -1.4788
1.667 0.0339094 -1.48746
1.668 0.0324177 -1.49575
1.669 0.030918 -1.50367
1.67 0.0294105 -1.51121
1.671 0.0278957 -1.51837
1.672 0.0263739 -1.52516
1.673 0.0248455 -1.53156
1.674 0.0233109 -1.53758
1.675 0.0217705 -1.54321
1.676 0.0202246 -1.54846
1.677 0.0186737 -1.55333
1.678 0.0171181 -1.5578
1.679 0.0155582 -1.56189
1.68 0.0139944 -1.56558
1.681 0.0124272 -1.56888
1.682 0.0108568 -1.57179
1.683 0.00928372 -1.57431
1.684 0.00770831 -1.57643
1.685 0.00613098 -1.57816
1.686 0.00455212 -1.5795
1.687 0.00297211 -1.58044
1.688 0.00139137 -1.58099
1.689 -0.000189727 -1.58114
1.69 -0.00177077 -1.58089
1.691 -0.00335138 -1.58025
1.692 -0.00493114 -1.57922
1.693 -0.00650968 -1.57779
1.694 -0.00808658 -1.57596
1.695 -0.00966147 -1.57374
1.696 -0.0112339 -1.57113
1.697 -0.0128036 -1.56813
1.698 -0.0143701 -1.56473
1.699 -0.0159329 -1.56094
1.7 -0.0174918 -1.55676
1.701 -0.0190463 -1.5522
1.702 -0.0205961 -1.54724
1.703 -0.0221407 -1.5419
1.704 -0.0236797 -1.53617
1.705 -0.0252129 -1.53006
1.706 -0.0267397 -1.52356
1.707 -0.0282599 -1.51669
1.708 -0.029773 -1.50943
1.709 -0.0312786 -1.5018
1.71 -0.0327765 -1.4938
1.711 -0.0342661 -1.48542
1.712 -0.0357472 -1.47666
1.713 -0.0372193 -1.46754
1.714 -0.0386821 -1.45805
1.715 -0.0401353 -1.4482
1.716 -0.0415784 -1.43799
1.717 -0.0430111 -1.42741
1.718 -0.0444331 -1.41648
1.719 -0.045844 -1.4052
1.72 -0.0472434 -1.39356
1.721 -0.048631 -1.38158
1.722 -0.0500064 -1.36925
1.723 -0.0513694 -1.35658
1.724 -0.0527195 -1.34356
1.725 -0.0540564 -1.33022
1.726 -0.0553798 -1.31654
1.727 -0.0566894 -1.30253
1.728 -0.0579847 -1.28819
1.729 -0.0592656 -1.27354
1.73 -0.0605317 -1.25856
1.731 -0.0617827 -1.24327
1.732 -0.0630182 -1.22767
1.733 -0.0642379 -1.21176
1.734 -0.0654416 -1.19555
1.735 -0.0666289 -1.17905
1.736 -0.0677996 -1.16224
1.737 -0.0689533 -1.14515
1.738 -0.0700898 -1.12777
1.739 -0.0712087 -1.1101
1.74 -0.0723099 -1.09216
1.741 -0.073393 -1.07395
1.742 -0.0744577 -1.05547
1.743 -0.0755038 -1.03672
1.744 -0.0765311 -1.01772
1.745 -0.0775392 -0.998459
1.746 -0.0785279 -0.97895
1.747 -0.079497 -0.959196
1.748 -0.0804462 -0.939203
1.749 -0.0813753 -0.918975
1.75 -0.0822841 -0.898517
1.751 -0.0831723 -0.877835
1.752 -0.0840397 -0.856933
1.753 -0.0848861 -0.835816
1.754 -0.0857112 -0.814491
1.755 -0.086515 -0.792963
1.756 -0.0872971 -0.771236
1.757 -0.0880574 -0.749316
1.758 -0.0887957 -0.727209
1.759 -0.0895117 -0.70492
1.76 -0.0902054 -0.682455
1.761 -0.0908766 -0.659819
1.762 -0.091525 -0.637018
1.763 -0.0921506 -0.614058
1.764 -0.0927531 -0.590945
1.765 -0.0933324 -0.567684
1.766 -0.0938884 -0.544281
1.767 -0.0944209 -0.520742
1.768 -0.0949299 -0.497072
1.769 -0.095415 -0.473279
1.77 -0.0958764 -0.449367
1.771 -0.0963137 -0.425342
1.772 -0.096727 -0.401212
1.773 -0.0971161 -0.376981
1.774 -0.0974809 -0.352656
1.775 -0.0978214 -0.328243
1.776 -0.0981374 -0.303747
1.777 -0.0984289 -0.279176
1.778 -0.0986957 -0.254535
1.779 -0.0989379 -0.22983
1.78 -0.0991554 -0.205068
1.781 -0.099348 -0.180254
1.782 -0.0995159 -0.155396
1.783 -0.0996588 -0.130499
1.784 -0.0997769 -0.105569
1.785 -0.0998699 -0.0806123
1.786 -0.0999381 -0.0556357
1.787 -0.0999812 -0.0306453
1.788 -0.0999994 -0.00564721
1.789 -0.0999925 0.0193523
1.79 -0.0999607 0.044347
1.791 -0.0999038 0.0693305
1.792 -0.099822 0.0942968
1.793 -0.0997152 0.119239
1.794 -0.0995835 0.144152
1.795 -0.0994269 0.169029
1.796 -0.0992455 0.193864
1.797 -0.0990392 0.21865
1.798 -0.0988082 0.243381
1.799 -0.0985525 0.268052
1.8 -0.0982721 0.292655
1.801 -0.0979672 0.317186
1.802 -0.0976378 0.341637
1.803 -0.097284 0.366003
1.804 -0.0969058 0.390277
1.805 -0.0965034 0.414454
1.806 -0.0960769 0.438527
1.807 -0.0956264 0.46249
1.808 -0.095152 0.486338
1.809 -0.0946538 0.510064
1.81 -0.0941319 0.533663
1.811 -0.0935865 0.557128
1.812 -0.0930177 0.580454
1.813 -0.0924256 0.603635
1.814 -0.0918105 0.626665
1.815 -0.0911724 0.649538
1.816 -0.0905115 0.672249
1.817 -0.0898279 0.694792
1.818 -0.0891219 0.717161
1.819 -0.0883937 0.739351
1.82 -0.0876433 0.761356
1.821 -0.086871 0.783171
1.822 -0.086077 0.80479
1.823 -0.0852615 0.826208
1.824 -0.0844247 0.847419
1.825 -0.0835667 0.868418
1.826 -0.0826879 0.889201
1.827 -0.0817884 0.909761
1.828 -0.0808685 0.930093
1.829 -0.0799283 0.950193
1.83 -0.0789681 0.970056
1.831 -0.0779883 0.989676
1.832 -0.0769889 1.00905
1.833 -0.0759702 1.02817
1.834 -0.0749326 1.04703
1.835 -0.0738763 1.06563
1.836 -0.0728014 1.08397
1.837 -0.0717084 1.10203
1.838 -0.0705975 1.11982
1.839 -0.0694689 1.13733
1.84 -0.0683229 1.15455
1.841 -0.0671599 1.17149
1.842 -0.06598 1.18813
1.843 -0.0647837 1.20448
1.844 -0.0635712 1.22052
1.845 -0.0623428 1.23626
1.846 -0.0610988 1.25169
1.847 -0.0598395 1.26681
1.848 -0.0585652 1.28161
1.849 -0.0572764 1.29609
1.85 -0.0559732 1.31025
1.851 -0.054656 1.32408
1.852 -0.0533251 1.33758
1.853 -0.0519809 1.35074
1.854 -0.0506237 1.36356
1.855 -0.0492539 1.37605
1.856 -0.0478718 1.38819
1.857 -0.0464776 1.39998
1.858 -0.0450719 1.41143
1.859 -0.0436549 1.42252
1.86 -0.042227 1.43326
1.861 -0.0407885 1.44363
1.862 -0.0393398 1.45365
1.863 -0.0378813 1.4633
1.864 -0.0364134 1.47259
1.865 -0.0349363 1.48151
1.866 -0.0334505 1.49006
1.867 -0.0319563 1.49823
1.868 -0.0304541 1.50603
1.869 -0.0289444 1.51346
1.87 -0.0274273 1.5205
1.871 -0.0259035 1.52717
1.872 -0.0243731 1.53346
1.873 -0.0228367 1.53936
1.874 -0.0212945 1.54487
1.875 -0.0197471 1.55
1.876 -0.0181947 1.55475
1.877 -0.0166377 1.5591
1.878 -0.0150766 1.56307
1.879 -0.0135117 1.56664
1.88 -0.0119434 1.56982
1.881 -0.0103722 1.57261
1.882 -0.00879835 1.57501
1.883 -0.00722231 1.57701
1.884 -0.00564447 1.57862
1.885 -0.00406521 1.57983
1.886 -0.00248493 1.58065
1.887 -0.000904038 1.58107
1.888 0.000677084 1.5811
1.889 0.00225804 1.58074
1.89 0.00383842 1.57997
1.891 0.00541785 1.57882
1.892 0.00699592 1.57726
1.893 0.00857225 1.57532
1.894 0.0101464 1.57298
1.895 0.0117181 1.57025
1.896 0.0132868 1.56712
1.897 0.0148522 1.5636
1.898 0.0164139 1.55969
1.899 0.0179714 1.5554
1.9 0.0195245 1.55071
1.901 0.0210727 1.54563
1.902 0.0226157 1.54017
1.903 0.024153 1.53433
1.904 0.0256842 1.5281
1.905 0.027209 1.52149
1.906 0.028727 1.51449
1.907 0.0302379 1.50712
1.908 0.0317412 1.49937
1.909 0.0332365 1.49125
1.91 0.0347235 1.48276
1.911 0.0362019 1.47389
1.912 0.0376712 1.46466
1.913 0.0391311 1.45506
1.914 0.0405812 1.44509
1.915 0.0420211 1.43477
1.916 0.0434506 1.42408
1.917 0.0448692 1.41304
1.918 0.0462766 1.40165
1.919 0.0476724 1.38991
1.92 0.0490563 1.37781
1.921 0.0504279 1.36538
1.922 0.0517869 1.3526
1.923 0.053133 1.33949
1.924 0.0544658 1.32604
1.925 0.0557849 1.31225
1.926 0.0570902 1.29814
1.927 0.0583811 1.28371
1.928 0.0596575 1.26895
1.929 0.0609189 1.25388
1.93 0.0621651 1.2385
1.931 0.0633958 1.2228
1.932 0.0646106 1.2068
1.933 0.0658093 1.1905
1.934 0.0669915 1.1739
1.935 0.068157 1.157
1.936 0.0693054 1.13982
1.937 0.0704366 1.12235
1.938 0.0715501 1.1046
1.939 0.0726457 1.08658
1.94 0.0737231 1.06828
1.941 0.0747821 1.04972
1.942 0.0758225 1.03089
1.943 0.0768438 1.01181
1.944 0.077846 0.992472
1.945 0.0788287 0.972887
1.946 0.0797917 0.953059
1.947 0.0807347 0.932993
1.948 0.0816576 0.912693
1.949 0.08256 0.892166
1.95 0.0834419 0.871415
1.951 0.0843028 0.850446
1.952 0.0851427 0.829265
1.953 0.0859613 0.807877
1.954 0.0867584 0.786287
1.955 0.0875338 0.7645
1.956 0.0882873 0.742521
1.957 0.0890188 0.720358
1.958 0.089728 0.698014
1.959 0.0904147 0.675496
1.96 0.0910789 0.652808
1.961 0.0917203 0.629958
1.962 0.0923388 0.60695
1.963 0.0929341 0.583791
1.964 0.0935063 0.560485
1.965 0.0940551 0.537039
1.966 0.0945803 0.51346
1.967 0.0950819 0.489751
1.968 0.0955598 0.465921
1.969 0.0960137 0.441973
1.97 0.0964437 0.417916
1.971 0.0968495 0.393754
1.972 0.0972312 0.369493
1.973 0.0975885 0.34514
1.974 0.0979214 0.320701
1.975 0.0982299 0.296181
1.976 0.0985138 0.271588
1.977 0.098773 0.246926
1.978 0.0990076 0.222203
1.979 0.0992174 0.197425
1.98 0.0994024 0.172597
1.981 0.0995626 0.147726
1.982 0.0996979 0.122818
1.983 0.0998082 0.0978787
1.984 0.0998936 0.0729155
1.985 0.099954 0.047934
1.986 0.0999895 0.0229405
1.987 0.0999999 -0.00205864
1.988 0.0999854 -0.0270573
1.989 0.0999458 -0.0520492
1.99 0.0998813 -0.0770281
1.991 0.0997918 -0.101988
1.992 0.0996773 -0.126922
1.993 0.0995379 -0.151824
1.994 0.0993737 -0.176689
1.995 0.0991846 -0.201509
1.996 0.0989707 -0.226279
1.997 0.098732 -0.250992
1.998 0.0984687 -0.275643
1.999 0.0981808 -0.300225
2 0.0978683 -0.324731
