666
316
417
168
747
605
51
680
311
730
266
415
243
685
158
444
888
666
22
288
739
419
415
704
456
518
900
534
735
663
772
577
845
275
517
108
678
434
165
677
75
167
72
551
871
693
171
849
890
633
438
653
809
96
475
161
780
883
165
640
257
54
517
651
596
842
226
224
599
30
293
27
784
808
829
328
189
501
362
11
110
444
8
435
882
321
750
474
217
475
552
492
581
577
677
115
101
315
567
168
629
296
664
20
200
25
296
32
463
773
843
849
659
338
180
809
583
663
10
358
792
811
370
437
710
33
277
113
777
771
889
358
12
374
714
686
384
611
57
261
279
410
313
869
548
137
150
378
553
50
864
252
131
62
671
395
442
758
443
590
527
749
735
327
730
739
675
200
725
650
51
195
97
726
825
496
688
529
731
291
43
609
714
885
435
207
384
779
481
579
95
104
874
401
474
842
636
482
17
95
776
78
88
609
516
43
534
201
433
277
642
548
109
409
211
573
171
631
744
230
58
60
762
712
133
132
389
542
22
568
583
650
499
796
511
654
395
20
345
441
83
709
870
502
798
158
546
504
759
876
165
577
564
572
652
20
837
408
493
199
775
395
478
590
208
384
80
287
667
397
158
722
690
295
648
318
587
202
426
751
92
399
892
208
617
25
257
122
482
401
607
147
800
787
389
249
719
269
793
754
