0 0.99
0.01 0.9801
0.02 0.970299
0.03 0.960596
0.04 0.95099
0.05 0.94148
0.06 0.932065
0.07 0.922745
0.08 0.913517
0.09 0.904382
0.1 0.895338
0.11 0.886385
0.12 0.877521
0.13 0.868746
0.14 0.860058
0.15 0.851458
0.16 0.842943
0.17 0.834514
0.18 0.826169
0.19 0.817907
0.2 0.809728
0.21 0.801631
0.22 0.793614
0.23 0.785678
0.24 0.777821
0.25 0.770043
0.26 0.762343
0.27 0.754719
0.28 0.747172
0.29 0.7397
0.3 0.732303
0.31 0.72498
0.32 0.717731
0.33 0.710553
0.34 0.703448
0.35 0.696413
0.36 0.689449
0.37 0.682555
0.38 0.675729
0.39 0.668972
0.4 0.662282
0.41 0.655659
0.42 0.649103
0.43 0.642612
0.44 0.636185
0.45 0.629824
0.46 0.623525
0.47 0.61729
0.48 0.611117
0.49 0.605006
0.5 0.598956
0.51 0.592966
0.52 0.587037
0.53 0.581166
0.54 0.575355
0.55 0.569601
0.56 0.563905
0.57 0.558266
0.58 0.552683
0.59 0.547157
0.6 0.541685
0.61 0.536268
0.62 0.530906
0.63 0.525596
0.64 0.520341
0.65 0.515137
0.66 0.509986
0.67 0.504886
0.68 0.499837
0.69 0.494839
0.7 0.48989
0.71 0.484991
0.72 0.480141
0.73 0.47534
0.74 0.470587
0.75 0.465881
0.76 0.461222
0.77 0.45661
0.78 0.452044
0.79 0.447523
0.8 0.443048
0.81 0.438618
0.82 0.434231
0.83 0.429889
0.84 0.42559
0.85 0.421334
0.86 0.417121
0.87 0.41295
0.88 0.40882
0.89 0.404732
0.9 0.400685
0.91 0.396678
0.92 0.392711
0.93 0.388784
0.94 0.384896
0.95 0.381047
0.96 0.377237
0.97 0.373464
0.98 0.36973
0.99 0.366032
1 0.362372
1.01 0.358748
1.02 0.355161
1.03 0.351609
1.04 0.348093
1.05 0.344612
1.06 0.341166
1.07 0.337754
1.08 0.334377
1.09 0.331033
1.1 0.327723
1.11 0.324446
1.12 0.321201
1.13 0.317989
1.14 0.314809
1.15 0.311661
1.16 0.308544
1.17 0.305459
1.18 0.302404
1.19 0.29938
1.2 0.296387
1.21 0.293423
1.22 0.290488
1.23 0.287584
1.24 0.284708
1.25 0.281861
1.26 0.279042
1.27 0.276252
1.28 0.273489
1.29 0.270754
1.3 0.268047
1.31 0.265366
1.32 0.262713
1.33 0.260085
1.34 0.257485
1.35 0.25491
1.36 0.252361
1.37 0.249837
1.38 0.247339
1.39 0.244865
1.4 0.242417
1.41 0.239992
1.42 0.237593
1.43 0.235217
1.44 0.232864
1.45 0.230536
1.46 0.22823
1.47 0.225948
1.48 0.223689
1.49 0.221452
1.5 0.219237
1.51 0.217045
1.52 0.214874
1.53 0.212726
1.54 0.210598
1.55 0.208492
1.56 0.206408
1.57 0.204343
1.58 0.2023
1.59 0.200277
1.6 0.198274
1.61 0.196292
1.62 0.194329
1.63 0.192385
1.64 0.190461
1.65 0.188557
1.66 0.186671
1.67 0.184805
1.68 0.182957
1.69 0.181127
1.7 0.179316
1.71 0.177523
1.72 0.175747
1.73 0.17399
1.74 0.17225
1.75 0.170527
1.76 0.168822
1.77 0.167134
1.78 0.165463
1.79 0.163808
1.8 0.16217
1.81 0.160548
1.82 0.158943
1.83 0.157353
1.84 0.15578
1.85 0.154222
1.86 0.15268
1.87 0.151153
1.88 0.149641
1.89 0.148145
1.9 0.146664
1.91 0.145197
1.92 0.143745
1.93 0.142307
1.94 0.140884
1.95 0.139476
1.96 0.138081
1.97 0.1367
1.98 0.135333
1.99 0.13398
0 0.132647
0.01 0.131327
0.02 0.13002
0.03 0.128726
0.04 0.127445
0.05 0.126177
0.06 0.124922
0.07 0.123679
0.08 0.122448
0.09 0.12123
0.1 0.120024
0.11 0.118829
0.12 0.117647
0.13 0.116476
0.14 0.115317
0.15 0.11417
0.16 0.113034
0.17 0.111909
0.18 0.110796
0.19 0.109693
0.2 0.108602
0.21 0.107521
0.22 0.106451
0.23 0.105392
0.24 0.104343
0.25 0.103305
0.26 0.102277
0.27 0.10126
0.28 0.100252
0.29 0.0992546
0.3 0.098267
0.31 0.0972892
0.32 0.0963212
0.33 0.0953628
0.34 0.0944139
0.35 0.0934744
0.36 0.0925444
0.37 0.0916235
0.38 0.0907119
0.39 0.0898093
0.4 0.0889156
0.41 0.0880309
0.42 0.087155
0.43 0.0862878
0.44 0.0854292
0.45 0.0845792
0.46 0.0837376
0.47 0.0829044
0.48 0.0820795
0.49 0.0812628
0.5 0.0804542
0.51 0.0796537
0.52 0.0788611
0.53 0.0780764
0.54 0.0772995
0.55 0.0765304
0.56 0.0757689
0.57 0.075015
0.58 0.0742686
0.59 0.0735296
0.6 0.072798
0.61 0.0720736
0.62 0.0713565
0.63 0.0706465
0.64 0.0699435
0.65 0.0692476
0.66 0.0685585
0.67 0.0678764
0.68 0.067201
0.69 0.0665323
0.7 0.0658703
0.71 0.0652149
0.72 0.064566
0.73 0.0639236
0.74 0.0632875
0.75 0.0626578
0.76 0.0620343
0.77 0.0614171
0.78 0.060806
0.79 0.0602009
0.8 0.0596019
0.81 0.0590089
0.82 0.0584217
0.83 0.0578404
0.84 0.0572649
0.85 0.0566951
0.86 0.056131
0.87 0.0555725
0.88 0.0550195
0.89 0.0544721
0.9 0.0539301
0.91 0.0533935
0.92 0.0528622
0.93 0.0523362
0.94 0.0518154
0.95 0.0512999
0.96 0.0507894
0.97 0.0502841
0.98 0.0497837
0.99 0.0492884
1 0.0487979
1.01 0.0483124
1.02 0.0478317
1.03 0.0473557
1.04 0.0468845
1.05 0.046418
1.06 0.0459562
1.07 0.0454989
1.08 0.0450462
1.09 0.044598
1.1 0.0441542
1.11 0.0437149
1.12 0.0432799
1.13 0.0428492
1.14 0.0424229
1.15 0.0420008
1.16 0.0415829
1.17 0.0411691
1.18 0.0407595
1.19 0.0403539
1.2 0.0399524
1.21 0.0395548
1.22 0.0391613
1.23 0.0387716
1.24 0.0383858
1.25 0.0380039
1.26 0.0376257
1.27 0.0372513
1.28 0.0368807
1.29 0.0365137
1.3 0.0361504
1.31 0.0357907
1.32 0.0354346
1.33 0.035082
1.34 0.0347329
1.35 0.0343873
1.36 0.0340452
1.37 0.0337064
1.38 0.033371
1.39 0.033039
1.4 0.0327102
1.41 0.0323848
1.42 0.0320625
1.43 0.0317435
1.44 0.0314277
1.45 0.0311149
1.46 0.0308053
1.47 0.0304988
1.48 0.0301954
1.49 0.0298949
1.5 0.0295974
1.51 0.0293029
1.52 0.0290114
1.53 0.0287227
1.54 0.0284369
1.55 0.028154
1.56 0.0278738
1.57 0.0275965
1.58 0.0273219
1.59 0.02705
1.6 0.0267809
1.61 0.0265144
1.62 0.0262506
1.63 0.0259894
1.64 0.0257308
1.65 0.0254748
1.66 0.0252213
1.67 0.0249703
1.68 0.0247219
1.69 0.0244759
1.7 0.0242323
1.71 0.0239912
1.72 0.0237525
1.73 0.0235162
1.74 0.0232822
1.75 0.0230505
1.76 0.0228212
1.77 0.0225941
1.78 0.0223693
1.79 0.0221467
1.8 0.0219263
1.81 0.0217082
1.82 0.0214922
1.83 0.0212783
1.84 0.0210666
1.85 0.020857
1.86 0.0206494
1.87 0.020444
1.88 0.0202406
1.89 0.0200392
1.9 0.0198398
1.91 0.0196424
1.92 0.0194469
1.93 0.0192534
1.94 0.0190618
1.95 0.0188722
1.96 0.0186844
1.97 0.0184985
1.98 0.0183144
1.99 0.0181322
