0 0.983213 0.00875 -0.000153028 0.0175
0.5 0.98306 0.0174993 -0.000306061 0.0174986
1 0.982831 0.0262473 -0.000459087 0.0174959
1.5 0.982525 0.0349932 -0.000612094 0.0174918
2 0.982142 0.0437364 -0.000765069 0.0174864
2.5 0.981683 0.0524762 -0.000917999 0.0174796
3 0.981148 0.0612119 -0.00107087 0.0174714
3.5 0.980536 0.0699428 -0.00122368 0.0174619
4 0.979848 0.0786683 -0.0013764 0.017451
4.5 0.979083 0.0873876 -0.00152902 0.0174387
5 0.978243 0.0961002 -0.00168154 0.0174251
5.5 0.977326 0.104805 -0.00183394 0.0174101
6 0.976333 0.113502 -0.00198621 0.0173938
6.5 0.975263 0.12219 -0.00213833 0.0173761
7 0.974118 0.130869 -0.0022903 0.0173571
7.5 0.972897 0.139537 -0.00244209 0.0173367
8 0.9716 0.148195 -0.0025937 0.0173149
8.5 0.970228 0.15684 -0.00274512 0.0172918
9 0.96878 0.165474 -0.00289633 0.0172674
9.5 0.967256 0.174095 -0.00304732 0.0172416
10 0.965657 0.182702 -0.00319808 0.0172145
10.5 0.963983 0.191295 -0.00334859 0.017186
11 0.962233 0.199873 -0.00349885 0.0171562
11.5 0.960409 0.208436 -0.00364884 0.017125
12 0.958509 0.216982 -0.00379854 0.0170925
12.5 0.956535 0.225511 -0.00394795 0.0170587
13 0.954487 0.234023 -0.00409706 0.0170236
13.5 0.952364 0.242517 -0.00424584 0.0169871
14 0.950167 0.250991 -0.0043943 0.0169493
14.5 0.947896 0.259447 -0.00454241 0.0169102
15 0.945551 0.267881 -0.00469017 0.0168697
15.5 0.943132 0.276295 -0.00483756 0.016828
16 0.94064 0.284688 -0.00498457 0.0167849
16.5 0.938074 0.293058 -0.00513119 0.0167405
17 0.935435 0.301405 -0.00527741 0.0166948
17.5 0.932724 0.309729 -0.00542321 0.0166479
18 0.929939 0.318029 -0.00556858 0.0165996
18.5 0.927083 0.326304 -0.00571351 0.01655
19 0.924154 0.334554 -0.005858 0.0164992
19.5 0.921153 0.342777 -0.00600202 0.016447
20 0.91808 0.350974 -0.00614556 0.0163936
20.5 0.914935 0.359144 -0.00628862 0.0163389
21 0.91172 0.367285 -0.00643118 0.016283
21.5 0.908433 0.375398 -0.00657323 0.0162257
22 0.905076 0.383482 -0.00671476 0.0161673
22.5 0.901648 0.391535 -0.00685575 0.0161075
23 0.89815 0.399559 -0.0069962 0.0160465
23.5 0.894582 0.407551 -0.0071361 0.0159843
24 0.890944 0.415511 -0.00727542 0.0159208
24.5 0.887237 0.423439 -0.00741417 0.0158561
25 0.883461 0.431334 -0.00755233 0.0157902
25.5 0.879616 0.439196 -0.00768989 0.015723
26 0.875703 0.447023 -0.00782683 0.0156546
26.5 0.871721 0.454816 -0.00796315 0.015585
27 0.867672 0.462573 -0.00809884 0.0155143
27.5 0.863555 0.470294 -0.00823388 0.0154423
28 0.85937 0.477978 -0.00836826 0.0153691
28.5 0.855119 0.485626 -0.00850198 0.0152947
29 0.850802 0.493235 -0.00863502 0.0152191
29.5 0.846418 0.500806 -0.00876737 0.0151424
30 0.841969 0.508339 -0.00889902 0.0150645
30.5 0.837454 0.515831 -0.00902996 0.0149855
31 0.832874 0.523284 -0.00916018 0.0149053
31.5 0.828229 0.530696 -0.00928967 0.0148239
32 0.82352 0.538067 -0.00941841 0.0147414
32.5 0.818746 0.545396 -0.00954641 0.0146578
33 0.81391 0.552682 -0.00967364 0.014573
33.5 0.80901 0.559926 -0.00980011 0.0144871
34 0.804047 0.567126 -0.00992579 0.0144002
34.5 0.799021 0.574282 -0.0100507 0.0143121
35 0.793934 0.581393 -0.0101748 0.0142229
35.5 0.788785 0.58846 -0.010298 0.0141326
36 0.783575 0.59548 -0.0104205 0.0140413
36.5 0.778304 0.602455 -0.0105421 0.0139488
37 0.772972 0.609382 -0.0106629 0.0138554
37.5 0.767581 0.616263 -0.0107828 0.0137608
38 0.76213 0.623095 -0.0109019 0.0136652
38.5 0.75662 0.62988 -0.0110201 0.0135686
39 0.751051 0.636615 -0.0111374 0.0134709
39.5 0.745424 0.643301 -0.0112538 0.0133722
40 0.73974 0.649937 -0.0113694 0.0132725
40.5 0.733998 0.656523 -0.011484 0.0131718
41 0.728199 0.663058 -0.0115977 0.0130701
41.5 0.722343 0.669542 -0.0117105 0.0129674
42 0.716432 0.675974 -0.0118224 0.0128637
42.5 0.710466 0.682353 -0.0119333 0.012759
43 0.704444 0.68868 -0.0120433 0.0126534
43.5 0.698368 0.694954 -0.0121523 0.0125468
44 0.692238 0.701173 -0.0122603 0.0124393
44.5 0.686054 0.707339 -0.0123674 0.0123309
45 0.679817 0.713449 -0.0124735 0.0122215
45.5 0.673528 0.719505 -0.0125786 0.0121112
46 0.667187 0.725505 -0.0126827 0.012
46.5 0.660794 0.731449 -0.0127858 0.0118879
47 0.65435 0.737336 -0.0128878 0.0117749
47.5 0.647855 0.743167 -0.0129889 0.011661
48 0.641311 0.74894 -0.0130889 0.0115463
48.5 0.634717 0.754655 -0.0131879 0.0114307
49 0.628074 0.760313 -0.0132858 0.0113142
49.5 0.621383 0.765911 -0.0133827 0.011197
50 0.614643 0.77145 -0.0134786 0.0110788
50.5 0.607857 0.77693 -0.0135733 0.0109599
51 0.601023 0.78235 -0.013667 0.0108402
51.5 0.594143 0.78771 -0.0137596 0.0107196
52 0.587218 0.793009 -0.0138511 0.0105983
52.5 0.580247 0.798248 -0.0139416 0.0104761
53 0.573232 0.803424 -0.0140309 0.0103533
53.5 0.566172 0.808539 -0.0141191 0.0102296
54 0.559069 0.813592 -0.0142062 0.0101052
54.5 0.551923 0.818582 -0.0142922 0.00998009
55 0.544734 0.823509 -0.0143771 0.00985422
55.5 0.537504 0.828373 -0.0144608 0.00972765
56 0.530232 0.833173 -0.0145434 0.00960036
56.5 0.52292 0.837909 -0.0146248 0.00947238
57 0.515567 0.842581 -0.0147051 0.00934371
57.5 0.508175 0.847188 -0.0147843 0.00921437
58 0.500744 0.85173 -0.0148623 0.00908437
58.5 0.493275 0.856207 -0.0149391 0.00895371
59 0.485767 0.860618 -0.0150147 0.00882241
59.5 0.478223 0.864963 -0.0150892 0.00869048
60 0.470641 0.869242 -0.0151625 0.00855793
60.5 0.463024 0.873455 -0.0152346 0.00842477
61 0.455371 0.8776 -0.0153055 0.00829101
61.5 0.447684 0.881679 -0.0153752 0.00815667
62 0.439962 0.885689 -0.0154437 0.00802174
62.5 0.432206 0.889633 -0.015511 0.00788626
63 0.424418 0.893508 -0.0155771 0.00775022
63.5 0.416597 0.897315 -0.015642 0.00761363
64 0.408744 0.901053 -0.0157056 0.00747652
64.5 0.40086 0.904722 -0.0157681 0.00733888
65 0.392945 0.908323 -0.0158293 0.00720074
65.5 0.385001 0.911854 -0.0158892 0.00706209
66 0.377027 0.915315 -0.015948 0.00692297
66.5 0.369024 0.918707 -0.0160055 0.00678336
67 0.360993 0.922028 -0.0160618 0.00664329
67.5 0.352935 0.92528 -0.0161168 0.00650277
68 0.34485 0.928461 -0.0161705 0.00636181
68.5 0.336738 0.931571 -0.016223 0.00622042
69 0.328601 0.93461 -0.0162743 0.00607862
69.5 0.320439 0.937578 -0.0163243 0.0059364
70 0.312252 0.940475 -0.0163731 0.00579379
70.5 0.304042 0.943301 -0.0164205 0.0056508
71 0.295809 0.946054 -0.0164667 0.00550743
71.5 0.287553 0.948736 -0.0165117 0.00536371
72 0.279275 0.951346 -0.0165553 0.00521963
72.5 0.270976 0.953884 -0.0165977 0.00507522
73 0.262657 0.956349 -0.0166389 0.00493048
73.5 0.254317 0.958742 -0.0166787 0.00478543
74 0.245959 0.961062 -0.0167172 0.00464007
74.5 0.237581 0.963309 -0.0167545 0.00449442
75 0.229186 0.965483 -0.0167905 0.0043485
75.5 0.220774 0.967584 -0.0168252 0.0042023
76 0.212344 0.969612 -0.0168586 0.00405585
76.5 0.203899 0.971567 -0.0168908 0.00390915
77 0.195438 0.973448 -0.0169216 0.00376222
77.5 0.186963 0.975256 -0.0169511 0.00361507
78 0.178473 0.976989 -0.0169794 0.00346771
78.5 0.16997 0.978649 -0.0170063 0.00332015
79 0.161454 0.980236 -0.017032 0.0031724
79.5 0.152925 0.981748 -0.0170564 0.00302448
80 0.144386 0.983186 -0.0170794 0.00287639
80.5 0.135835 0.98455 -0.0171012 0.00272816
81 0.127274 0.98584 -0.0171217 0.00257978
81.5 0.118704 0.987056 -0.0171409 0.00243127
82 0.110125 0.988197 -0.0171587 0.00228264
82.5 0.101537 0.989264 -0.0171753 0.00213391
83 0.0929416 0.990257 -0.0171906 0.00198508
83.5 0.0843393 0.991175 -0.0172046 0.00183617
84 0.0757307 0.992018 -0.0172172 0.00168719
84.5 0.0671164 0.992787 -0.0172286 0.00153815
85 0.0584971 0.993482 -0.0172387 0.00138906
85.5 0.0498733 0.994102 -0.0172475 0.00123993
86 0.0412459 0.994647 -0.0172549 0.00109078
86.5 0.0326153 0.995118 -0.0172611 0.000941609
87 0.0239823 0.995514 -0.017266 0.000792438
87.5 0.0153475 0.995836 -0.0172696 0.000643276
88 0.00671152 0.996083 -0.0172719 0.000494133
88.5 -0.00192494 0.996255 -0.0172729 0.000345021
89 -0.0105613 0.996353 -0.0172726 0.000195951
89.5 -0.0191968 0.996377 -0.0172711 4.69351e-05
90 -0.0278309 0.996326 -0.0172682 -0.000102016
90.5 -0.0364629 0.9962 -0.017264 -0.000250891
91 -0.0450922 0.996001 -0.0172586 -0.000399679
91.5 -0.0537181 0.995726 -0.0172518 -0.000548368
92 -0.06234 0.995378 -0.0172438 -0.000696948
92.5 -0.0709573 0.994955 -0.0172345 -0.000845407
93 -0.0795693 0.994458 -0.017224 -0.000993734
93.5 -0.0881753 0.993887 -0.0172121 -0.00114192
94 -0.0967748 0.993242 -0.017199 -0.00128995
94.5 -0.105367 0.992523 -0.0171846 -0.00143781
95 -0.113952 0.991731 -0.0171689 -0.0015855
95.5 -0.122527 0.990864 -0.0171519 -0.00173301
96 -0.131094 0.989924 -0.0171337 -0.00188031
96.5 -0.139651 0.98891 -0.0171142 -0.00202741
97 -0.148198 0.987823 -0.0170935 -0.00217429
97.5 -0.156734 0.986663 -0.0170715 -0.00232094
98 -0.165258 0.985429 -0.0170482 -0.00246734
98.5 -0.17377 0.984122 -0.0170237 -0.0026135
99 -0.182269 0.982743 -0.016998 -0.00275939
99.5 -0.190754 0.98129 -0.016971 -0.00290501
100 -0.199226 0.979765 -0.0169427 -0.00305035
100.5 -0.207682 0.978167 -0.0169132 -0.00319539
101 -0.216124 0.976497 -0.0168825 -0.00334013
101.5 -0.224549 0.974755 -0.0168505 -0.00348455
102 -0.232957 0.972941 -0.0168173 -0.00362865
102.5 -0.241349 0.971054 -0.0167829 -0.00377241
103 -0.249723 0.969096 -0.0167473 -0.00391583
103.5 -0.258078 0.967067 -0.0167104 -0.00405889
104 -0.266414 0.964966 -0.0166723 -0.00420158
104.5 -0.27473 0.962794 -0.016633 -0.0043439
105 -0.283027 0.960551 -0.0165925 -0.00448583
105.5 -0.291302 0.958238 -0.0165508 -0.00462736
106 -0.299556 0.955853 -0.0165079 -0.00476848
106.5 -0.307788 0.953399 -0.0164638 -0.00490919
107 -0.315997 0.950874 -0.0164185 -0.00504947
107.5 -0.324183 0.948279 -0.0163721 -0.00518932
108 -0.332345 0.945615 -0.0163244 -0.00532871
108.5 -0.340483 0.942881 -0.0162756 -0.00546766
109 -0.348596 0.940078 -0.0162256 -0.00560613
109.5 -0.356683 0.937206 -0.0161744 -0.00574413
110 -0.364744 0.934265 -0.0161221 -0.00588164
110.5 -0.372779 0.931256 -0.0160686 -0.00601866
111 -0.380785 0.928178 -0.0160139 -0.00615517
111.5 -0.388765 0.925033 -0.0159581 -0.00629117
112 -0.396715 0.921819 -0.0159012 -0.00642665
112.5 -0.404637 0.918539 -0.0158431 -0.00656159
113 -0.412529 0.915191 -0.0157839 -0.00669599
113.5 -0.42039 0.911776 -0.0157236 -0.00682984
114 -0.428222 0.908294 -0.0156621 -0.00696313
114.5 -0.436021 0.904746 -0.0155996 -0.00709584
115 -0.443789 0.901132 -0.0155359 -0.00722798
115.5 -0.451525 0.897453 -0.0154711 -0.00735953
116 -0.459227 0.893707 -0.0154052 -0.00749049
116.5 -0.466896 0.889897 -0.0153382 -0.00762083
117 -0.474532 0.886022 -0.0152702 -0.00775057
117.5 -0.482132 0.882082 -0.015201 -0.00787967
118 -0.489697 0.878078 -0.0151308 -0.00800815
118.5 -0.497227 0.87401 -0.0150595 -0.00813599
119 -0.504721 0.869878 -0.0149871 -0.00826317
119.5 -0.512178 0.865683 -0.0149137 -0.0083897
120 -0.519597 0.861425 -0.0148393 -0.00851556
120.5 -0.526979 0.857105 -0.0147637 -0.00864075
121 -0.534323 0.852722 -0.0146872 -0.00876525
121.5 -0.541628 0.848278 -0.0146096 -0.00888906
122 -0.548893 0.843772 -0.014531 -0.00901218
122.5 -0.556119 0.839205 -0.0144514 -0.00913458
123 -0.563304 0.834576 -0.0143707 -0.00925627
123.5 -0.570449 0.829888 -0.0142891 -0.00937723
124 -0.577552 0.825139 -0.0142065 -0.00949746
124.5 -0.584613 0.820331 -0.0141228 -0.00961695
125 -0.591632 0.815463 -0.0140382 -0.00973569
125.5 -0.598609 0.810536 -0.0139526 -0.00985368
126 -0.605542 0.80555 -0.013866 -0.0099709
126.5 -0.612431 0.800507 -0.0137785 -0.0100874
127 -0.619276 0.795405 -0.01369 -0.010203
127.5 -0.626076 0.790246 -0.0136005 -0.0103179
128 -0.632831 0.78503 -0.0135101 -0.010432
128.5 -0.639541 0.779758 -0.0134188 -0.0105453
129 -0.646204 0.774429 -0.0133266 -0.0106578
129.5 -0.652821 0.769044 -0.0132334 -0.0107694
130 -0.65939 0.763604 -0.0131393 -0.0108803
130.5 -0.665912 0.758109 -0.0130443 -0.0109903
131 -0.672387 0.752559 -0.0129484 -0.0110995
131.5 -0.678812 0.746955 -0.0128516 -0.0112078
132 -0.685189 0.741297 -0.0127539 -0.0113153
132.5 -0.691517 0.735586 -0.0126554 -0.0114219
133 -0.697795 0.729823 -0.0125559 -0.0115277
133.5 -0.704023 0.724006 -0.0124557 -0.0116326
134 -0.7102 0.718138 -0.0123545 -0.0117366
134.5 -0.716326 0.712218 -0.0122525 -0.0118397
135 -0.722401 0.706247 -0.0121497 -0.011942
135.5 -0.728424 0.700226 -0.012046 -0.0120433
136 -0.734395 0.694154 -0.0119416 -0.0121437
136.5 -0.740313 0.688032 -0.0118363 -0.0122433
137 -0.746178 0.681861 -0.0117302 -0.0123419
137.5 -0.75199 0.675641 -0.0116233 -0.0124395
138 -0.757748 0.669373 -0.0115156 -0.0125363
138.5 -0.763451 0.663057 -0.0114071 -0.0126321
139 -0.7691 0.656694 -0.0112979 -0.012727
139.5 -0.774694 0.650283 -0.0111878 -0.0128209
140 -0.780233 0.643826 -0.0110771 -0.0129139
140.5 -0.785715 0.637323 -0.0109655 -0.013006
141 -0.791142 0.630775 -0.0108533 -0.013097
141.5 -0.796512 0.624181 -0.0107403 -0.0131871
142 -0.801825 0.617543 -0.0106265 -0.0132762
142.5 -0.807081 0.610861 -0.0105121 -0.0133644
143 -0.81228 0.604135 -0.010397 -0.0134515
143.5 -0.817421 0.597366 -0.0102811 -0.0135377
144 -0.822503 0.590555 -0.0101646 -0.0136229
144.5 -0.827526 0.583701 -0.0100473 -0.013707
145 -0.832491 0.576806 -0.00992945 -0.0137902
145.5 -0.837397 0.56987 -0.00981088 -0.0138723
146 -0.842242 0.562893 -0.00969166 -0.0139535
146.5 -0.847028 0.555877 -0.00957179 -0.0140336
147 -0.851754 0.54882 -0.00945128 -0.0141127
147.5 -0.856419 0.541725 -0.00933014 -0.0141907
148 -0.861023 0.534591 -0.00920838 -0.0142677
148.5 -0.865566 0.527419 -0.009086 -0.0143437
149 -0.870048 0.52021 -0.00896302 -0.0144187
149.5 -0.874468 0.512963 -0.00883945 -0.0144925
150 -0.878825 0.505681 -0.00871528 -0.0145654
150.5 -0.88312 0.498362 -0.00859054 -0.0146372
151 -0.887353 0.491008 -0.00846523 -0.0147079
151.5 -0.891523 0.48362 -0.00833935 -0.0147775
152 -0.895629 0.476196 -0.00821293 -0.0148461
152.5 -0.899672 0.46874 -0.00808596 -0.0149136
153 -0.903651 0.46125 -0.00795846 -0.01498
153.5 -0.907567 0.453727 -0.00783043 -0.0150454
154 -0.911418 0.446172 -0.00770189 -0.0151097
154.5 -0.915204 0.438586 -0.00757284 -0.0151728
155 -0.918926 0.430968 -0.0074433 -0.0152349
155.5 -0.922582 0.42332 -0.00731326 -0.0152959
156 -0.926174 0.415642 -0.00718275 -0.0153558
156.5 -0.9297 0.407935 -0.00705177 -0.0154146
157 -0.93316 0.400199 -0.00692032 -0.0154722
157.5 -0.936554 0.392435 -0.00678842 -0.0155288
158 -0.939882 0.384642 -0.00665608 -0.0155843
158.5 -0.943144 0.376823 -0.00652331 -0.0156386
159 -0.946339 0.368977 -0.00639011 -0.0156918
159.5 -0.949467 0.361105 -0.0062565 -0.0157439
160 -0.952528 0.353208 -0.00612248 -0.0157949
160.5 -0.955522 0.345286 -0.00598807 -0.0158447
161 -0.958449 0.337339 -0.00585326 -0.0158934
161.5 -0.961308 0.329368 -0.00571808 -0.015941
162 -0.964099 0.321375 -0.00558253 -0.0159875
162.5 -0.966822 0.313358 -0.00544662 -0.0160328
163 -0.969478 0.30532 -0.00531036 -0.0160769
163.5 -0.972064 0.29726 -0.00517376 -0.0161199
164 -0.974583 0.289179 -0.00503683 -0.0161618
164.5 -0.977033 0.281078 -0.00489958 -0.0162025
165 -0.979414 0.272957 -0.00476201 -0.0162421
165.5 -0.981726 0.264816 -0.00462414 -0.0162805
166 -0.983969 0.256657 -0.00448597 -0.0163178
166.5 -0.986142 0.24848 -0.00434752 -0.0163539
167 -0.988247 0.240286 -0.0042088 -0.0163889
167.5 -0.990282 0.232075 -0.00406981 -0.0164227
168 -0.992247 0.223847 -0.00393056 -0.0164553
168.5 -0.994143 0.215604 -0.00379107 -0.0164868
169 -0.995968 0.207345 -0.00365134 -0.0165171
169.5 -0.997724 0.199072 -0.00351138 -0.0165462
170 -0.99941 0.190785 -0.0033712 -0.0165742
170.5 -1.00102 0.182484 -0.00323081 -0.016601
171 -1.00257 0.174171 -0.00309022 -0.0166266
171.5 -1.00404 0.165845 -0.00294945 -0.0166511
172 -1.00545 0.157508 -0.00280849 -0.0166744
172.5 -1.00678 0.14916 -0.00266736 -0.0166965
173 -1.00805 0.140801 -0.00252607 -0.0167174
173.5 -1.00924 0.132433 -0.00238462 -0.0167372
174 -1.01036 0.124055 -0.00224303 -0.0167557
174.5 -1.01141 0.115668 -0.00210131 -0.0167731
175 -1.01239 0.107274 -0.00195947 -0.0167894
175.5 -1.0133 0.0988715 -0.00181751 -0.0168044
176 -1.01414 0.0904623 -0.00167545 -0.0168183
176.5 -1.0149 0.0820469 -0.00153329 -0.0168309
177 -1.0156 0.0736256 -0.00139104 -0.0168424
177.5 -1.01622 0.0651993 -0.00124872 -0.0168528
178 -1.01678 0.0567683 -0.00110633 -0.0168619
178.5 -1.01726 0.0483334 -0.000963879 -0.0168698
179 -1.01767 0.0398951 -0.000821384 -0.0168766
179.5 -1.01801 0.031454 -0.000678849 -0.0168822
180 -1.01828 0.0230107 -0.000536286 -0.0168866
180.5 -1.01847 0.0145658 -0.000393702 -0.0168898
181 -1.0186 0.00611983 -0.000251109 -0.0168919
181.5 -1.01865 -0.00232653 -0.000108514 -0.0168927
182 -1.01864 -0.0107727 3.40721e-05 -0.0168924
182.5 -1.01855 -0.0192182 0.00017664 -0.0168909
183 -1.01839 -0.0276623 0.000319181 -0.0168882
183.5 -1.01816 -0.0361044 0.000461684 -0.0168843
184 -1.01786 -0.0445441 0.000604141 -0.0168793
184.5 -1.01748 -0.0529806 0.000746543 -0.0168731
185 -1.01704 -0.0614134 0.000888879 -0.0168656
185.5 -1.01652 -0.069842 0.00103114 -0.016857
186 -1.01594 -0.0782656 0.00117332 -0.0168473
186.5 -1.01528 -0.0866838 0.0013154 -0.0168363
187 -1.01455 -0.0950959 0.00145738 -0.0168242
187.5 -1.01375 -0.103501 0.00159925 -0.0168109
188 -1.01288 -0.1119 0.001741 -0.0167964
188.5 -1.01194 -0.12029 0.00188262 -0.0167808
189 -1.01093 -0.128672 0.0020241 -0.016764
189.5 -1.00984 -0.137045 0.00216542 -0.016746
190 -1.00869 -0.145408 0.00230659 -0.0167268
190.5 -1.00747 -0.153762 0.00244759 -0.0167065
191 -1.00617 -0.162104 0.00258841 -0.016685
191.5 -1.00481 -0.170435 0.00272905 -0.0166624
192 -1.00337 -0.178755 0.00286949 -0.0166385
192.5 -1.00187 -0.187061 0.00300972 -0.0166136
193 -1.00029 -0.195355 0.00314974 -0.0165874
193.5 -0.998648 -0.203635 0.00328954 -0.0165601
194 -0.996933 -0.211901 0.0034291 -0.0165316
194.5 -0.995149 -0.220152 0.00356842 -0.016502
195 -0.993295 -0.228388 0.00370749 -0.0164713
195.5 -0.991372 -0.236607 0.0038463 -0.0164394
196 -0.989379 -0.24481 0.00398484 -0.0164063
196.5 -0.987318 -0.252996 0.0041231 -0.0163721
197 -0.985187 -0.261165 0.00426107 -0.0163367
197.5 -0.982988 -0.269315 0.00439874 -0.0163002
198 -0.98072 -0.277446 0.00453611 -0.0162626
198.5 -0.978383 -0.285558 0.00467316 -0.0162238
199 -0.975978 -0.29365 0.00480989 -0.0161839
199.5 -0.973505 -0.301721 0.00494629 -0.0161429
200 -0.970964 -0.309772 0.00508234 -0.0161007
200.5 -0.968355 -0.317801 0.00521804 -0.0160574
201 -0.965678 -0.325807 0.00535338 -0.016013
201.5 -0.962934 -0.333791 0.00548835 -0.0159675
202 -0.960123 -0.341751 0.00562294 -0.0159208
202.5 -0.957244 -0.349688 0.00575715 -0.015873
203 -0.954299 -0.3576 0.00589096 -0.0158242
203.5 -0.951287 -0.365487 0.00602436 -0.0157742
204 -0.948208 -0.373348 0.00615735 -0.0157231
204.5 -0.945063 -0.381184 0.00628992 -0.0156709
205 -0.941852 -0.388993 0.00642205 -0.0156176
205.5 -0.938575 -0.396774 0.00655375 -0.0155632
206 -0.935232 -0.404528 0.00668499 -0.0155077
206.5 -0.931825 -0.412254 0.00681578 -0.0154511
207 -0.928352 -0.41995 0.0069461 -0.0153935
207.5 -0.924814 -0.427618 0.00707595 -0.0153347
208 -0.921211 -0.435255 0.00720531 -0.0152749
208.5 -0.917544 -0.442862 0.00733418 -0.015214
209 -0.913813 -0.450438 0.00746254 -0.0151521
209.5 -0.910017 -0.457983 0.0075904 -0.0150891
210 -0.906158 -0.465495 0.00771774 -0.015025
210.5 -0.902236 -0.472975 0.00784455 -0.0149598
211 -0.898251 -0.480422 0.00797083 -0.0148936
211.5 -0.894203 -0.487835 0.00809656 -0.0148264
212 -0.890092 -0.495214 0.00822174 -0.0147581
212.5 -0.885918 -0.502559 0.00834636 -0.0146888
213 -0.881683 -0.509868 0.00847041 -0.0146184
213.5 -0.877386 -0.517141 0.00859388 -0.014547
214 -0.873028 -0.524379 0.00871677 -0.0144746
214.5 -0.868608 -0.531579 0.00883906 -0.0144011
215 -0.864128 -0.538742 0.00896075 -0.0143266
215.5 -0.859587 -0.545868 0.00908183 -0.0142511
216 -0.854986 -0.552955 0.00920229 -0.0141746
216.5 -0.850325 -0.560004 0.00932212 -0.0140971
217 -0.845604 -0.567013 0.00944132 -0.0140186
217.5 -0.840824 -0.573983 0.00955987 -0.0139391
218 -0.835985 -0.580912 0.00967778 -0.0138587
218.5 -0.831088 -0.587801 0.00979502 -0.0137772
219 -0.826132 -0.594648 0.00991159 -0.0136947
219.5 -0.821118 -0.601454 0.0100275 -0.0136113
220 -0.816047 -0.608217 0.0101427 -0.0135269
220.5 -0.810918 -0.614938 0.0102572 -0.0134416
221 -0.805733 -0.621616 0.0103711 -0.0133553
221.5 -0.800491 -0.62825 0.0104842 -0.013268
222 -0.795193 -0.634839 0.0105966 -0.0131798
222.5 -0.789838 -0.641385 0.0107083 -0.0130906
223 -0.784429 -0.647885 0.0108192 -0.0130005
223.5 -0.778964 -0.65434 0.0109294 -0.0129095
224 -0.773445 -0.660749 0.0110389 -0.0128175
224.5 -0.767871 -0.667111 0.0111476 -0.0127247
225 -0.762243 -0.673426 0.0112555 -0.0126309
225.5 -0.756562 -0.679694 0.0113627 -0.0125362
226 -0.750827 -0.685915 0.0114691 -0.0124406
226.5 -0.74504 -0.692087 0.0115747 -0.0123441
227 -0.7392 -0.69821 0.0116796 -0.0122467
227.5 -0.733308 -0.704284 0.0117836 -0.0121485
228 -0.727365 -0.710309 0.0118868 -0.0120493
228.5 -0.72137 -0.716284 0.0119893 -0.0119493
229 -0.715325 -0.722208 0.0120908 -0.0118484
229.5 -0.709229 -0.728081 0.0121916 -0.0117467
230 -0.703083 -0.733903 0.0122915 -0.0116441
230.5 -0.696888 -0.739674 0.0123906 -0.0115407
231 -0.690643 -0.745392 0.0124889 -0.0114364
231.5 -0.68435 -0.751057 0.0125863 -0.0113313
232 -0.678009 -0.75667 0.0126828 -0.0112254
232.5 -0.67162 -0.762229 0.0127784 -0.0111186
233 -0.665183 -0.767735 0.0128732 -0.0110111
233.5 -0.6587 -0.773186 0.0129671 -0.0109027
234 -0.652169 -0.778583 0.0130601 -0.0107935
234.5 -0.645593 -0.783925 0.0131522 -0.0106836
235 -0.638972 -0.789211 0.0132434 -0.0105728
235.5 -0.632305 -0.794442 0.0133337 -0.0104613
236 -0.625593 -0.799616 0.0134231 -0.010349
236.5 -0.618838 -0.804734 0.0135115 -0.010236
237 -0.612038 -0.809795 0.013599 -0.0101222
237.5 -0.605195 -0.814799 0.0136856 -0.0100076
238 -0.59831 -0.819745 0.0137713 -0.00989229
238.5 -0.591382 -0.824634 0.0138559 -0.00977626
239 -0.584412 -0.829463 0.0139397 -0.0096595
239.5 -0.577401 -0.834234 0.0140224 -0.00954202
240 -0.570348 -0.838946 0.0141043 -0.00942383
240.5 -0.563256 -0.843599 0.0141851 -0.00930493
241 -0.556123 -0.848191 0.0142649 -0.00918534
241.5 -0.548952 -0.852724 0.0143438 -0.00906506
242 -0.541741 -0.857196 0.0144217 -0.0089441
242.5 -0.534491 -0.861607 0.0144985 -0.00882247
243 -0.527204 -0.865957 0.0145744 -0.00870017
243.5 -0.51988 -0.870246 0.0146493 -0.00857722
244 -0.512518 -0.874473 0.0147231 -0.00845361
244.5 -0.50512 -0.878637 0.0147959 -0.00832936
245 -0.497686 -0.88274 0.0148677 -0.00820448
245.5 -0.490217 -0.886779 0.0149385 -0.00807898
246 -0.482713 -0.890756 0.0150082 -0.00795286
246.5 -0.475174 -0.894669 0.0150769 -0.00782613
247 -0.467602 -0.898518 0.0151445 -0.0076988
247.5 -0.459997 -0.902303 0.0152111 -0.00757087
248 -0.452358 -0.906025 0.0152766 -0.00744237
248.5 -0.444688 -0.909681 0.015341 -0.00731329
249 -0.436986 -0.913273 0.0154044 -0.00718364
249.5 -0.429252 -0.9168 0.0154667 -0.00705343
250 -0.421488 -0.920261 0.0155279 -0.00692268
250.5 -0.413694 -0.923657 0.0155881 -0.00679138
251 -0.405871 -0.926987 0.0156471 -0.00665955
251.5 -0.398018 -0.93025 0.0157051 -0.0065272
252 -0.390137 -0.933447 0.0157619 -0.00639433
252.5 -0.382228 -0.936578 0.0158176 -0.00626095
253 -0.374292 -0.939641 0.0158723 -0.00612708
253.5 -0.366329 -0.942638 0.0159258 -0.00599272
254 -0.35834 -0.945567 0.0159782 -0.00585788
254.5 -0.350326 -0.948428 0.0160295 -0.00572258
255 -0.342286 -0.951221 0.0160796 -0.0055868
255.5 -0.334221 -0.953947 0.0161287 -0.00545058
256 -0.326133 -0.956604 0.0161765 -0.00531392
256.5 -0.318022 -0.959192 0.0162233 -0.00517682
257 -0.309887 -0.961712 0.0162689 -0.00503929
257.5 -0.30173 -0.964162 0.0163133 -0.00490135
258 -0.293552 -0.966544 0.0163566 -0.004763
258.5 -0.285353 -0.968856 0.0163988 -0.00462426
259 -0.277133 -0.971099 0.0164397 -0.00448513
259.5 -0.268893 -0.973271 0.0164795 -0.00434562
260 -0.260634 -0.975374 0.0165182 -0.00420575
260.5 -0.252356 -0.977407 0.0165557 -0.00406551
261 -0.24406 -0.979369 0.016592 -0.00392492
261.5 -0.235747 -0.981261 0.0166271 -0.003784
262 -0.227416 -0.983083 0.016661 -0.00364274
262.5 -0.219069 -0.984833 0.0166938 -0.00350116
263 -0.210707 -0.986513 0.0167253 -0.00335928
263.5 -0.202329 -0.988122 0.0167557 -0.00321709
264 -0.193936 -0.989659 0.0167849 -0.00307461
264.5 -0.18553 -0.991125 0.0168128 -0.00293184
265 -0.17711 -0.992519 0.0168396 -0.00278881
265.5 -0.168677 -0.993842 0.0168652 -0.00264551
266 -0.160233 -0.995093 0.0168896 -0.00250196
266.5 -0.151776 -0.996272 0.0169127 -0.00235817
267 -0.143309 -0.997379 0.0169347 -0.00221415
267.5 -0.134831 -0.998414 0.0169554 -0.00206991
268 -0.126344 -0.999377 0.0169749 -0.00192545
268.5 -0.117847 -1.00027 0.0169932 -0.00178079
269 -0.109342 -1.00109 0.0170102 -0.00163594
269.5 -0.100829 -1.00183 0.0170261 -0.00149091
270 -0.0923088 -1.0025 0.0170407 -0.0013457
270.5 -0.0837818 -1.0031 0.0170541 -0.00120034
271 -0.0752487 -1.00363 0.0170662 -0.00105482
271.5 -0.0667101 -1.00409 0.0170772 -0.000909164
272 -0.0581667 -1.00447 0.0170868 -0.000763376
272.5 -0.049619 -1.00478 0.0170953 -0.000617468
273 -0.0410678 -1.00501 0.0171025 -0.000471449
273.5 -0.0325135 -1.00517 0.0171085 -0.000325331
274 -0.0239569 -1.00526 0.0171132 -0.000179124
274.5 -0.0153986 -1.00528 0.0171167 -3.28379e-05
275 -0.00683913 -1.00522 0.0171189 0.000113516
275.5 0.00172084 -1.00509 0.0171199 0.000259929
276 0.0102807 -1.00489 0.0171197 0.000406388
276.5 0.0188398 -1.00461 0.0171182 0.000552885
277 0.0273975 -1.00426 0.0171154 0.000699408
277.5 0.0359532 -1.00384 0.0171114 0.000845946
278 0.0445063 -1.00335 0.0171062 0.00099249
278.5 0.0530561 -1.00278 0.0170997 0.00113903
279 0.0616021 -1.00213 0.0170919 0.00128555
279.5 0.0701435 -1.00142 0.0170829 0.00143205
280 0.0786799 -1.00063 0.0170727 0.00157851
280.5 0.0872105 -0.999765 0.0170612 0.00172492
281 0.0957346 -0.998829 0.0170484 0.00187127
281.5 0.104252 -0.997821 0.0170344 0.00201755
282 0.112761 -0.996739 0.0170191 0.00216375
282.5 0.121263 -0.995584 0.0170026 0.00230987
283 0.129755 -0.994356 0.0169848 0.00245588
283.5 0.138238 -0.993055 0.0169657 0.00260177
284 0.146711 -0.991681 0.0169454 0.00274755
284.5 0.155173 -0.990235 0.0169239 0.00289319
285 0.163623 -0.988715 0.0169011 0.00303869
285.5 0.172062 -0.987123 0.016877 0.00318403
286 0.180488 -0.985459 0.0168517 0.0033292
286.5 0.1889 -0.983722 0.0168252 0.0034742
287 0.197299 -0.981912 0.0167974 0.00361901
287.5 0.205683 -0.98003 0.0167683 0.00376362
288 0.214052 -0.978076 0.016738 0.00390803
288.5 0.222405 -0.97605 0.0167065 0.00405221
289 0.230742 -0.973952 0.0166737 0.00419616
289.5 0.239062 -0.971782 0.0166396 0.00433987
290 0.247364 -0.969541 0.0166043 0.00448332
290.5 0.255648 -0.967227 0.0165678 0.00462651
291 0.263913 -0.964843 0.01653 0.00476943
291.5 0.272158 -0.962387 0.016491 0.00491206
292 0.280384 -0.959859 0.0164507 0.0050544
292.5 0.288588 -0.957261 0.0164093 0.00519643
293 0.296772 -0.954592 0.0163665 0.00533814
293.5 0.304933 -0.951852 0.0163226 0.00547952
294 0.313072 -0.949042 0.0162774 0.00562056
294.5 0.321187 -0.946161 0.016231 0.00576126
295 0.329279 -0.943211 0.0161834 0.00590159
295.5 0.337346 -0.94019 0.0161345 0.00604155
296 0.345388 -0.937099 0.0160844 0.00618112
296.5 0.353405 -0.933939 0.0160331 0.0063203
297 0.361395 -0.93071 0.0159806 0.00645908
297.5 0.369359 -0.927411 0.0159269 0.00659744
298 0.377295 -0.924043 0.0158719 0.00673538
298.5 0.385202 -0.920607 0.0158158 0.00687288
299 0.393082 -0.917102 0.0157584 0.00700993
299.5 0.400932 -0.913528 0.0156999 0.00714652
300 0.408752 -0.909887 0.0156402 0.00728265
300.5 0.416541 -0.906178 0.0155792 0.00741829
301 0.4243 -0.902401 0.0155171 0.00755345
301.5 0.432027 -0.898557 0.0154538 0.0076881
302 0.439721 -0.894646 0.0153893 0.00782224
302.5 0.447383 -0.890668 0.0153236 0.00795586
303 0.455012 -0.886624 0.0152568 0.00808895
303.5 0.462606 -0.882513 0.0151887 0.00822149
304 0.470166 -0.878336 0.0151196 0.00835348
304.5 0.47769 -0.874094 0.0150492 0.00848491
305 0.485179 -0.869786 0.0149777 0.00861576
305.5 0.492632 -0.865413 0.014905 0.00874602
306 0.500047 -0.860975 0.0148312 0.00887569
306.5 0.507425 -0.856473 0.0147563 0.00900475
307 0.514766 -0.851906 0.0146802 0.0091332
307.5 0.522067 -0.847276 0.0146029 0.00926102
308 0.529329 -0.842581 0.0145246 0.0093882
308.5 0.536552 -0.837824 0.0144451 0.00951473
309 0.543734 -0.833004 0.0143645 0.00964061
309.5 0.550875 -0.828121 0.0142827 0.00976581
310 0.557975 -0.823176 0.0141999 0.00989034
310.5 0.565033 -0.818169 0.014116 0.0100142
311 0.572049 -0.8131 0.0140309 0.0101373
311.5 0.579021 -0.80797 0.0139448 0.0102598
312 0.58595 -0.802779 0.0138575 0.0103815
312.5 0.592835 -0.797528 0.0137692 0.0105025
313 0.599674 -0.792217 0.0136799 0.0106227
313.5 0.606469 -0.786846 0.0135894 0.0107422
314 0.613218 -0.781415 0.0134979 0.0108609
314.5 0.619921 -0.775926 0.0134053 0.0109789
315 0.626577 -0.770378 0.0133117 0.0110961
315.5 0.633185 -0.764771 0.013217 0.0112125
316 0.639746 -0.759107 0.0131213 0.0113281
316.5 0.646258 -0.753386 0.0130245 0.0114429
317 0.652721 -0.747607 0.0129268 0.0115569
317.5 0.659135 -0.741772 0.012828 0.01167
318 0.665499 -0.735881 0.0127282 0.0117824
318.5 0.671813 -0.729934 0.0126273 0.0118938
319 0.678076 -0.723932 0.0125255 0.0120045
319.5 0.684287 -0.717875 0.0124227 0.0121142
320 0.690447 -0.711763 0.0123189 0.0122231
320.5 0.696554 -0.705598 0.0122142 0.0123311
321 0.702608 -0.699379 0.0121084 0.0124382
321.5 0.708609 -0.693107 0.0120017 0.0125444
322 0.714556 -0.686782 0.0118941 0.0126497
322.5 0.720449 -0.680405 0.0117855 0.0127541
323 0.726287 -0.673976 0.011676 0.0128575
323.5 0.732069 -0.667496 0.0115655 0.0129601
324 0.737796 -0.660965 0.0114541 0.0130616
324.5 0.743467 -0.654384 0.0113418 0.0131622
325 0.749082 -0.647753 0.0112286 0.0132619
325.5 0.754639 -0.641073 0.0111144 0.0133606
326 0.760139 -0.634344 0.0109994 0.0134583
326.5 0.76558 -0.627566 0.0108835 0.013555
327 0.770964 -0.620741 0.0107668 0.0136507
327.5 0.776288 -0.613868 0.0106491 0.0137454
328 0.781554 -0.606948 0.0105307 0.0138391
328.5 0.786759 -0.599983 0.0104113 0.0139318
329 0.791905 -0.592971 0.0102911 0.0140234
329.5 0.79699 -0.585914 0.0101701 0.014114
330 0.802014 -0.578812 0.0100483 0.0142036
330.5 0.806977 -0.571666 0.00992566 0.0142921
331 0.811878 -0.564476 0.00980222 0.0143796
331.5 0.816717 -0.557243 0.00967797 0.014466
332 0.821494 -0.549968 0.00955295 0.0145513
332.5 0.826207 -0.54265 0.00942715 0.0146355
333 0.830857 -0.53529 0.00930058 0.0147186
333.5 0.835444 -0.52789 0.00917326 0.0148006
334 0.839967 -0.520449 0.00904519 0.0148816
334.5 0.844425 -0.512969 0.00891638 0.0149614
335 0.848818 -0.505449 0.00878684 0.0150401
335.5 0.853146 -0.49789 0.00865659 0.0151176
336 0.857409 -0.490293 0.00852562 0.0151941
336.5 0.861606 -0.482658 0.00839396 0.0152693
337 0.865737 -0.474986 0.00826161 0.0153435
337.5 0.869801 -0.467278 0.00812859 0.0154165
338 0.873799 -0.459534 0.0079949 0.0154883
338.5 0.877729 -0.451755 0.00786054 0.0155589
339 0.881592 -0.44394 0.00772555 0.0156284
339.5 0.885387 -0.436092 0.00758991 0.0156967
340 0.889114 -0.42821 0.00745365 0.0157638
340.5 0.892772 -0.420295 0.00731678 0.0158298
341 0.896362 -0.412348 0.00717929 0.0158945
341.5 0.899882 -0.404369 0.00704122 0.015958
342 0.903334 -0.396359 0.00690256 0.0160203
342.5 0.906715 -0.388318 0.00676333 0.0160814
343 0.910027 -0.380247 0.00662354 0.0161413
343.5 0.913269 -0.372148 0.00648319 0.0161999
344 0.91644 -0.364019 0.00634231 0.0162573
344.5 0.91954 -0.355862 0.0062009 0.0163135
345 0.92257 -0.347678 0.00605897 0.0163684
345.5 0.925528 -0.339467 0.00591653 0.0164221
346 0.928415 -0.33123 0.0057736 0.0164745
346.5 0.93123 -0.322967 0.00563018 0.0165257
347 0.933973 -0.314679 0.00548629 0.0165756
347.5 0.936644 -0.306367 0.00534194 0.0166242
348 0.939243 -0.298031 0.00519714 0.0166716
348.5 0.941768 -0.289672 0.0050519 0.0167177
349 0.944222 -0.281291 0.00490624 0.0167625
349.5 0.946602 -0.272888 0.00476015 0.016806
350 0.948909 -0.264464 0.00461367 0.0168482
350.5 0.951142 -0.256019 0.00446679 0.0168892
351 0.953302 -0.247555 0.00431954 0.0169288
351.5 0.955388 -0.239071 0.00417191 0.0169671
352 0.9574 -0.230569 0.00402393 0.0170042
352.5 0.959337 -0.222049 0.0038756 0.0170399
353 0.961201 -0.213512 0.00372694 0.0170743
353.5 0.96299 -0.204958 0.00357796 0.0171074
354 0.964704 -0.196389 0.00342867 0.0171392
354.5 0.966344 -0.187804 0.00327909 0.0171696
355 0.967908 -0.179205 0.00312922 0.0171987
355.5 0.969398 -0.170591 0.00297907 0.0172265
356 0.970812 -0.161965 0.00282867 0.017253
356.5 0.972151 -0.153326 0.00267802 0.0172781
357 0.973415 -0.144675 0.00252713 0.0173019
357.5 0.974603 -0.136013 0.00237601 0.0173244
358 0.975715 -0.12734 0.00222469 0.0173455
358.5 0.976752 -0.118657 0.00207316 0.0173653
359 0.977712 -0.109965 0.00192145 0.0173837
359.5 0.978597 -0.101265 0.00176956 0.0174008
360 0.979406 -0.0925567 0.00161751 0.0174165
360.5 0.980139 -0.0838413 0.00146531 0.0174309
361 0.980795 -0.0751193 0.00131297 0.017444
361.5 0.981375 -0.0663915 0.00116051 0.0174556
362 0.981879 -0.0576585 0.00100793 0.017466
362.5 0.982307 -0.048921 0.000855257 0.0174749
363 0.982658 -0.0401798 0.000702491 0.0174825
363.5 0.982933 -0.0314354 0.000549651 0.0174888
364 0.983131 -0.0226886 0.000396746 0.0174937
364.5 0.983253 -0.01394 0.000243792 0.0174972
365 0.983299 -0.00519028 9.07989e-05 0.0174994
