0 -2.95238e-06 -5.25611e-08 0.982984 0.0175 9.19228e-10 -5.25611e-08 -0.000306053 0.0175
1 -2.95054e-06 -1.05106e-07 0.982372 0.0349946 1.83859e-09 -5.25447e-08 -0.000612152 0.0174946
2 -2.94779e-06 -1.57618e-07 0.981454 0.0524782 2.75779e-09 -5.2512e-08 -0.000918195 0.0174836
3 -2.94411e-06 -2.10081e-07 0.98023 0.0699455 3.67652e-09 -5.24628e-08 -0.00122408 0.0174673
4 -2.93951e-06 -2.62478e-07 0.9787 0.087391 4.59447e-09 -5.23973e-08 -0.00152971 0.0174455
5 -2.934e-06 -3.14793e-07 0.976865 0.104809 5.51136e-09 -5.23155e-08 -0.00183498 0.0174182
6 -2.92758e-06 -3.67011e-07 0.974725 0.122195 6.42686e-09 -5.22172e-08 -0.0021398 0.0173855
7 -2.92024e-06 -4.19113e-07 0.972281 0.139542 7.34069e-09 -5.21027e-08 -0.00244405 0.0173474
8 -2.91198e-06 -4.71085e-07 0.969533 0.156846 8.25253e-09 -5.19718e-08 -0.00274765 0.0173038
9 -2.90282e-06 -5.2291e-07 0.966483 0.174101 9.16209e-09 -5.18247e-08 -0.00305048 0.0172548
10 -2.89275e-06 -5.74571e-07 0.96313 0.191301 1.00691e-08 -5.16613e-08 -0.00335246 0.0172004
11 -2.88178e-06 -6.26053e-07 0.959477 0.208442 1.09732e-08 -5.14817e-08 -0.00365347 0.0171406
12 -2.8699e-06 -6.77339e-07 0.955523 0.225517 1.18741e-08 -5.1286e-08 -0.00395342 0.0170755
13 -2.85713e-06 -7.28413e-07 0.951271 0.242522 1.27715e-08 -5.10742e-08 -0.00425221 0.0170049
14 -2.84347e-06 -7.79259e-07 0.946722 0.259451 1.36651e-08 -5.08464e-08 -0.00454974 0.0169291
15 -2.82891e-06 -8.29862e-07 0.941876 0.276299 1.45546e-08 -5.06026e-08 -0.00484591 0.0168479
16 -2.81347e-06 -8.80205e-07 0.936735 0.293061 1.54398e-08 -5.03429e-08 -0.00514062 0.0167615
17 -2.79715e-06 -9.30272e-07 0.931301 0.30973 1.63203e-08 -5.00675e-08 -0.00543377 0.0166698
18 -2.77996e-06 -9.80048e-07 0.925576 0.326303 1.71958e-08 -4.97763e-08 -0.00572527 0.0165728
19 -2.76189e-06 -1.02952e-06 0.919561 0.342774 1.8066e-08 -4.94695e-08 -0.00601502 0.0164707
20 -2.74296e-06 -1.07867e-06 0.913258 0.359137 1.89308e-08 -4.91472e-08 -0.00630292 0.0163634
21 -2.72317e-06 -1.12747e-06 0.906669 0.375388 1.97896e-08 -4.88094e-08 -0.00658888 0.0162509
22 -2.70253e-06 -1.17593e-06 0.899796 0.391522 2.06424e-08 -4.84563e-08 -0.00687279 0.0161333
23 -2.68104e-06 -1.22402e-06 0.892642 0.407532 2.14887e-08 -4.80881e-08 -0.00715458 0.0160107
24 -2.65871e-06 -1.27172e-06 0.885208 0.423415 2.23284e-08 -4.77047e-08 -0.00743414 0.0158831
25 -2.63555e-06 -1.31903e-06 0.877496 0.439166 2.3161e-08 -4.73065e-08 -0.00771137 0.0157505
26 -2.61156e-06 -1.36592e-06 0.86951 0.454779 2.39865e-08 -4.68933e-08 -0.0079862 0.015613
27 -2.58676e-06 -1.41239e-06 0.861252 0.470249 2.48044e-08 -4.64655e-08 -0.00825852 0.0154705
28 -2.56115e-06 -1.45841e-06 0.852723 0.485573 2.56145e-08 -4.60232e-08 -0.00852825 0.0153232
29 -2.53473e-06 -1.50398e-06 0.843928 0.500744 2.64166e-08 -4.55665e-08 -0.00879529 0.0151712
30 -2.50752e-06 -1.54907e-06 0.834868 0.515758 2.72103e-08 -4.50955e-08 -0.00905957 0.0150144
31 -2.47952e-06 -1.59368e-06 0.825547 0.530611 2.79955e-08 -4.46105e-08 -0.00932098 0.0148529
32 -2.45075e-06 -1.6378e-06 0.815968 0.545298 2.87718e-08 -4.41115e-08 -0.00957945 0.0146868
33 -2.42121e-06 -1.6814e-06 0.806133 0.559814 2.9539e-08 -4.35988e-08 -0.00983489 0.014516
34 -2.39092e-06 -1.72447e-06 0.796046 0.574155 3.02969e-08 -4.30725e-08 -0.0100872 0.0143408
35 -2.35987e-06 -1.767e-06 0.78571 0.588316 3.10451e-08 -4.25328e-08 -0.0103364 0.0141611
36 -2.32809e-06 -1.80898e-06 0.775127 0.602293 3.17835e-08 -4.19799e-08 -0.0105822 0.013977
37 -2.29558e-06 -1.85039e-06 0.764303 0.616081 3.25119e-08 -4.1414e-08 -0.0108247 0.0137886
38 -2.26235e-06 -1.89123e-06 0.753239 0.629677 3.32299e-08 -4.08352e-08 -0.0110638 0.0135959
39 -2.22841e-06 -1.93147e-06 0.74194 0.643076 3.39373e-08 -4.02438e-08 -0.0112993 0.013399
40 -2.19377e-06 -1.97111e-06 0.730408 0.656274 3.4634e-08 -3.964e-08 -0.0115313 0.013198
41 -2.15845e-06 -2.01014e-06 0.718649 0.669267 3.53197e-08 -3.90239e-08 -0.0117595 0.0129929
42 -2.12246e-06 -2.04853e-06 0.706665 0.682051 3.59941e-08 -3.83958e-08 -0.0119841 0.0127837
43 -2.0858e-06 -2.08629e-06 0.69446 0.694622 3.66571e-08 -3.77559e-08 -0.0122048 0.0125707
44 -2.04849e-06 -2.12339e-06 0.682038 0.706975 3.73084e-08 -3.71045e-08 -0.0124217 0.0123538
45 -2.01055e-06 -2.15983e-06 0.669404 0.719109 3.79478e-08 -3.64416e-08 -0.0126346 0.0121331
46 -1.97197e-06 -2.1956e-06 0.65656 0.731017 3.85752e-08 -3.57677e-08 -0.0128435 0.0119087
47 -1.93278e-06 -2.23069e-06 0.643512 0.742698 3.91903e-08 -3.50828e-08 -0.0130483 0.0116807
48 -1.89299e-06 -2.26507e-06 0.630263 0.754147 3.9793e-08 -3.43872e-08 -0.0132489 0.0114491
49 -1.85261e-06 -2.29875e-06 0.616818 0.765361 4.0383e-08 -3.36812e-08 -0.0134454 0.011214
50 -1.81164e-06 -2.33172e-06 0.60318 0.776337 4.09602e-08 -3.29651e-08 -0.0136375 0.0109756
51 -1.77012e-06 -2.36396e-06 0.589355 0.78707 4.15244e-08 -3.22389e-08 -0.0138254 0.0107338
52 -1.72805e-06 -2.39546e-06 0.575346 0.797559 4.20754e-08 -3.15031e-08 -0.0140088 0.0104888
53 -1.68543e-06 -2.42622e-06 0.561158 0.8078 4.2613e-08 -3.07578e-08 -0.0141878 0.0102407
54 -1.6423e-06 -2.45622e-06 0.546796 0.817789 4.31371e-08 -3.00033e-08 -0.0143623 0.00998948
55 -1.59865e-06 -2.48546e-06 0.532263 0.827525 4.36476e-08 -2.92399e-08 -0.0145323 0.00973529
56 -1.5545e-06 -2.51393e-06 0.517566 0.837003 4.41442e-08 -2.84677e-08 -0.0146976 0.00947822
57 -1.50988e-06 -2.54162e-06 0.502707 0.846221 4.46269e-08 -2.76872e-08 -0.0148583 0.00921834
58 -1.46478e-06 -2.56852e-06 0.487693 0.855177 4.50954e-08 -2.68985e-08 -0.0150143 0.00895574
59 -1.41923e-06 -2.59462e-06 0.472527 0.863868 4.55497e-08 -2.61019e-08 -0.0151656 0.00869052
60 -1.37324e-06 -2.61991e-06 0.457215 0.87229 4.59896e-08 -2.52977e-08 -0.0153121 0.00842275
61 -1.32683e-06 -2.6444e-06 0.441762 0.880443 4.6415e-08 -2.44861e-08 -0.0154537 0.00815254
62 -1.28e-06 -2.66807e-06 0.426171 0.888323 4.68258e-08 -2.36674e-08 -0.0155905 0.00787997
63 -1.23278e-06 -2.69091e-06 0.410449 0.895928 4.72218e-08 -2.28419e-08 -0.0157223 0.00760513
64 -1.18518e-06 -2.71292e-06 0.3946 0.903256 4.7603e-08 -2.20099e-08 -0.0158492 0.00732812
65 -1.13721e-06 -2.73409e-06 0.378629 0.910305 4.79692e-08 -2.11717e-08 -0.0159711 0.00704902
66 -1.08889e-06 -2.75442e-06 0.36254 0.917073 4.83203e-08 -2.03274e-08 -0.0160881 0.00676794
67 -1.04023e-06 -2.7739e-06 0.346341 0.923558 4.86563e-08 -1.94775e-08 -0.0161999 0.00648496
68 -9.91253e-07 -2.79252e-06 0.330034 0.929758 4.89771e-08 -1.86222e-08 -0.0163067 0.00620017
69 -9.41971e-07 -2.81028e-06 0.313625 0.935672 4.92825e-08 -1.77617e-08 -0.0164084 0.00591368
70 -8.92398e-07 -2.82718e-06 0.29712 0.941297 4.95726e-08 -1.68964e-08 -0.016505 0.00562558
71 -8.42551e-07 -2.8432e-06 0.280524 0.946633 4.98471e-08 -1.60265e-08 -0.0165964 0.00533595
72 -7.92445e-07 -2.85836e-06 0.263841 0.951678 5.01062e-08 -1.51523e-08 -0.0166827 0.00504491
73 -7.42095e-07 -2.87263e-06 0.247078 0.956431 5.03496e-08 -1.42742e-08 -0.0167637 0.00475253
74 -6.91518e-07 -2.88602e-06 0.230238 0.96089 5.05774e-08 -1.33923e-08 -0.0168396 0.00445892
75 -6.40728e-07 -2.89853e-06 0.213328 0.965054 5.07896e-08 -1.25071e-08 -0.0169102 0.00416418
76 -5.89742e-07 -2.91015e-06 0.196352 0.968922 5.09859e-08 -1.16187e-08 -0.0169756 0.00386839
77 -5.38576e-07 -2.92088e-06 0.179317 0.972494 5.11666e-08 -1.07274e-08 -0.0170357 0.00357166
78 -4.87244e-07 -2.93071e-06 0.162226 0.975768 5.13314e-08 -9.83366e-09 -0.0170906 0.00327408
79 -4.35764e-07 -2.93965e-06 0.145086 0.978744 5.14803e-08 -8.93761e-09 -0.0171402 0.00297574
80 -3.8415e-07 -2.94769e-06 0.127901 0.98142 5.16135e-08 -8.03958e-09 -0.0171845 0.00267675
81 -3.3242e-07 -2.95483e-06 0.110678 0.983798 5.17307e-08 -7.13987e-09 -0.0172235 0.00237719
82 -2.80588e-07 -2.96106e-06 0.0934206 0.985875 5.18321e-08 -6.23875e-09 -0.0172573 0.00207717
83 -2.2867e-07 -2.9664e-06 0.0761348 0.987652 5.19176e-08 -5.33652e-09 -0.0172858 0.00177677
84 -1.76683e-07 -2.97083e-06 0.0588259 0.989128 5.19872e-08 -4.43345e-09 -0.0173089 0.0014761
85 -1.24642e-07 -2.97436e-06 0.0414991 0.990303 5.20409e-08 -3.52984e-09 -0.0173268 0.00117525
86 -7.25632e-08 -2.97699e-06 0.0241596 0.991177 5.20788e-08 -2.62597e-09 -0.0173394 0.000874305
87 -2.04623e-08 -2.97871e-06 0.00681285 0.991751 5.21008e-08 -1.72212e-09 -0.0173468 0.000573371
88 3.16447e-08 -2.97953e-06 -0.010536 0.992023 5.2107e-08 -8.18568e-10 -0.0173488 0.000272539
89 8.37422e-08 -2.97945e-06 -0.0278816 0.991995 5.20975e-08 8.43934e-11 -0.0173456 -2.80985e-05
90 1.35814e-07 -2.97846e-06 -0.0452188 0.991667 5.20721e-08 9.8649e-10 -0.0173372 -0.000328448
91 1.87845e-07 -2.97657e-06 -0.0625423 0.991038 5.2031e-08 1.88744e-09 -0.0173235 -0.000628416
92 2.3982e-07 -2.97379e-06 -0.079847 0.99011 5.19743e-08 2.78697e-09 -0.0173046 -0.000927912
93 2.91721e-07 -2.9701e-06 -0.0971275 0.988883 5.19018e-08 3.68481e-09 -0.0172805 -0.00122684
94 3.43535e-07 -2.96552e-06 -0.114379 0.987358 5.18139e-08 4.58067e-09 -0.0172512 -0.00152512
95 3.95246e-07 -2.96005e-06 -0.131595 0.985536 5.17103e-08 5.47429e-09 -0.0172168 -0.00182264
96 4.46837e-07 -2.95368e-06 -0.148773 0.983416 5.15913e-08 6.3654e-09 -0.0171771 -0.00211933
97 4.98294e-07 -2.94643e-06 -0.165905 0.981001 5.1457e-08 7.25372e-09 -0.0171324 -0.0024151
98 5.49601e-07 -2.93829e-06 -0.182988 0.978291 5.13072e-08 8.13899e-09 -0.0170825 -0.00270985
99 6.00743e-07 -2.92927e-06 -0.200015 0.975288 5.11423e-08 9.02095e-09 -0.0170276 -0.00300349
100 6.51706e-07 -2.91937e-06 -0.216983 0.971992 5.09621e-08 9.89933e-09 -0.0169676 -0.00329594
101 7.02472e-07 -2.90859e-06 -0.233885 0.968405 5.07669e-08 1.07739e-08 -0.0169026 -0.00358712
102 7.53029e-07 -2.89695e-06 -0.250718 0.964528 5.05567e-08 1.16443e-08 -0.0168326 -0.00387693
103 8.03361e-07 -2.88444e-06 -0.267476 0.960363 5.03316e-08 1.25104e-08 -0.0167577 -0.00416529
104 8.53452e-07 -2.87107e-06 -0.284154 0.955911 5.00916e-08 1.33719e-08 -0.0166778 -0.00445212
105 9.03289e-07 -2.85684e-06 -0.300747 0.951173 4.9837e-08 1.42285e-08 -0.016593 -0.00473733
106 9.52857e-07 -2.84176e-06 -0.31725 0.946152 4.95677e-08 1.508e-08 -0.0165034 -0.00502084
107 1.00214e-06 -2.82583e-06 -0.333659 0.94085 4.9284e-08 1.59262e-08 -0.0164089 -0.00530256
108 1.05113e-06 -2.80907e-06 -0.349969 0.935267 4.89859e-08 1.67668e-08 -0.0163097 -0.00558243
109 1.0998e-06 -2.79146e-06 -0.366174 0.929407 4.86736e-08 1.76015e-08 -0.0162057 -0.00586035
110 1.14815e-06 -2.77303e-06 -0.382271 0.923271 4.83471e-08 1.84302e-08 -0.016097 -0.00613625
111 1.19615e-06 -2.75378e-06 -0.398255 0.916861 4.80066e-08 1.92525e-08 -0.0159836 -0.00641004
112 1.24381e-06 -2.73371e-06 -0.41412 0.910179 4.76522e-08 2.00683e-08 -0.0158656 -0.00668166
113 1.29109e-06 -2.71284e-06 -0.429864 0.903228 4.72841e-08 2.08773e-08 -0.0157431 -0.00695102
114 1.33799e-06 -2.69116e-06 -0.44548 0.89601 4.69024e-08 2.16794e-08 -0.015616 -0.00721806
115 1.3845e-06 -2.66868e-06 -0.460964 0.888527 4.65073e-08 2.24742e-08 -0.0154844 -0.00748269
116 1.4306e-06 -2.64542e-06 -0.476312 0.880782 4.60988e-08 2.32615e-08 -0.0153484 -0.00774484
117 1.47628e-06 -2.62138e-06 -0.49152 0.872778 4.56772e-08 2.40412e-08 -0.015208 -0.00800444
118 1.52152e-06 -2.59657e-06 -0.506584 0.864517 4.52425e-08 2.48131e-08 -0.0150633 -0.00826141
119 1.56631e-06 -2.57099e-06 -0.521498 0.856001 4.47949e-08 2.55768e-08 -0.0149143 -0.0085157
120 1.61065e-06 -2.54466e-06 -0.536259 0.847234 4.43347e-08 2.63323e-08 -0.0147611 -0.00876722
121 1.65451e-06 -2.51758e-06 -0.550863 0.838218 4.38619e-08 2.70792e-08 -0.0146037 -0.00901592
122 1.69789e-06 -2.48976e-06 -0.565305 0.828956 4.33767e-08 2.78175e-08 -0.0144421 -0.00926172
123 1.74077e-06 -2.46121e-06 -0.579581 0.819451 4.28794e-08 2.85468e-08 -0.0142765 -0.00950456
124 1.78314e-06 -2.43195e-06 -0.593688 0.809707 4.23699e-08 2.92671e-08 -0.0141069 -0.00974437
125 1.82498e-06 -2.40197e-06 -0.607622 0.799726 4.18486e-08 2.99781e-08 -0.0139333 -0.00998109
126 1.8663e-06 -2.37129e-06 -0.621377 0.789511 4.13156e-08 3.06796e-08 -0.0137559 -0.0102147
127 1.90707e-06 -2.33992e-06 -0.634952 0.779066 4.07711e-08 3.13715e-08 -0.0135746 -0.010445
128 1.94729e-06 -2.30786e-06 -0.648341 0.768394 4.02152e-08 3.20535e-08 -0.0133895 -0.0106721
129 1.98694e-06 -2.27514e-06 -0.661542 0.757498 3.96482e-08 3.27256e-08 -0.0132007 -0.0108958
130 2.02601e-06 -2.24175e-06 -0.67455 0.746382 3.90702e-08 3.33874e-08 -0.0130083 -0.0111162
131 2.06449e-06 -2.20771e-06 -0.687363 0.735049 3.84814e-08 3.40389e-08 -0.0128122 -0.0113331
132 2.10237e-06 -2.17303e-06 -0.699975 0.723503 3.7882e-08 3.46799e-08 -0.0126127 -0.0115465
133 2.13964e-06 -2.13772e-06 -0.712385 0.711746 3.72722e-08 3.53102e-08 -0.0124096 -0.0117564
134 2.17629e-06 -2.10179e-06 -0.724588 0.699784 3.66522e-08 3.59296e-08 -0.0122032 -0.0119626
135 2.21232e-06 -2.06525e-06 -0.736582 0.687618 3.60222e-08 3.65381e-08 -0.0119934 -0.0121652
136 2.2477e-06 -2.02812e-06 -0.748362 0.675254 3.53823e-08 3.71354e-08 -0.0117804 -0.0123641
137 2.28243e-06 -1.9904e-06 -0.759926 0.662695 3.47329e-08 3.77214e-08 -0.0115642 -0.0125592
138 2.3165e-06 -1.9521e-06 -0.771271 0.649945 3.4074e-08 3.8296e-08 -0.0113448 -0.0127505
139 2.34991e-06 -1.91324e-06 -0.782393 0.637007 3.34059e-08 3.88589e-08 -0.0111224 -0.0129379
140 2.38264e-06 -1.87383e-06 -0.79329 0.623885 3.27288e-08 3.94102e-08 -0.0108969 -0.0131215
141 2.41468e-06 -1.83388e-06 -0.803959 0.610584 3.2043e-08 3.99496e-08 -0.0106686 -0.0133011
142 2.44603e-06 -1.79341e-06 -0.814396 0.597107 3.13485e-08 4.04771e-08 -0.0104374 -0.0134767
143 2.47668e-06 -1.75241e-06 -0.8246 0.583459 3.06456e-08 4.09924e-08 -0.0102033 -0.0136483
144 2.50661e-06 -1.71092e-06 -0.834566 0.569643 2.99346e-08 4.14955e-08 -0.00996661 -0.0138158
145 2.53583e-06 -1.66893e-06 -0.844293 0.555664 2.92156e-08 4.19862e-08 -0.00972723 -0.0139791
146 2.56432e-06 -1.62647e-06 -0.853779 0.541526 2.84889e-08 4.24645e-08 -0.00948527 -0.0141384
147 2.59207e-06 -1.58354e-06 -0.863019 0.527232 2.77547e-08 4.29302e-08 -0.00924081 -0.0142934
148 2.61908e-06 -1.54015e-06 -0.872013 0.512788 2.70131e-08 4.33832e-08 -0.00899392 -0.0144443
149 2.64535e-06 -1.49633e-06 -0.880758 0.498197 2.62645e-08 4.38235e-08 -0.00874467 -0.0145908
150 2.67086e-06 -1.45208e-06 -0.889251 0.483464 2.5509e-08 4.42508e-08 -0.00849313 -0.0147331
151 2.6956e-06 -1.40741e-06 -0.897491 0.468593 2.47469e-08 4.46652e-08 -0.00823937 -0.0148711
152 2.71958e-06 -1.36235e-06 -0.905474 0.453588 2.39783e-08 4.50664e-08 -0.00798348 -0.0150047
153 2.74279e-06 -1.31689e-06 -0.9132 0.438454 2.32035e-08 4.54546e-08 -0.00772552 -0.0151339
154 2.76521e-06 -1.27106e-06 -0.920665 0.423196 2.24227e-08 4.58294e-08 -0.00746557 -0.0152587
155 2.78684e-06 -1.22487e-06 -0.927869 0.407817 2.16362e-08 4.6191e-08 -0.0072037 -0.0153791
156 2.80769e-06 -1.17833e-06 -0.934809 0.392322 2.08442e-08 4.65391e-08 -0.00693998 -0.015495
157 2.82774e-06 -1.13146e-06 -0.941483 0.376715 2.00468e-08 4.68737e-08 -0.00667451 -0.0156064
158 2.84698e-06 -1.08427e-06 -0.947891 0.361002 1.92444e-08 4.71948e-08 -0.00640733 -0.0157133
159 2.86542e-06 -1.03676e-06 -0.954029 0.345186 1.84371e-08 4.75023e-08 -0.00613855 -0.0158157
160 2.88304e-06 -9.88967e-07 -0.959897 0.329273 1.76251e-08 4.7796e-08 -0.00586822 -0.0159135
161 2.89985e-06 -9.40891e-07 -0.965494 0.313266 1.68088e-08 4.80761e-08 -0.00559642 -0.0160067
162 2.91584e-06 -8.92549e-07 -0.970817 0.297171 1.59883e-08 4.83423e-08 -0.00532324 -0.0160954
163 2.931e-06 -8.43954e-07 -0.975866 0.280991 1.51638e-08 4.85947e-08 -0.00504874 -0.0161794
164 2.94534e-06 -7.95121e-07 -0.980639 0.264732 1.43357e-08 4.88331e-08 -0.00477301 -0.0162588
165 2.95884e-06 -7.46063e-07 -0.985135 0.248399 1.3504e-08 4.90576e-08 -0.00449611 -0.0163335
166 2.97151e-06 -6.96795e-07 -0.989353 0.231995 1.26691e-08 4.92682e-08 -0.00421813 -0.0164036
167 2.98334e-06 -6.4733e-07 -0.993292 0.215526 1.18312e-08 4.94646e-08 -0.00393914 -0.0164691
168 2.99433e-06 -5.97683e-07 -0.996951 0.198996 1.09904e-08 4.96471e-08 -0.00365922 -0.0165298
169 3.00448e-06 -5.47868e-07 -1.00033 0.18241 1.01471e-08 4.98154e-08 -0.00337844 -0.0165858
170 3.01378e-06 -4.97898e-07 -1.00343 0.165773 9.30146e-09 4.99696e-08 -0.00309689 -0.0166372
171 3.02224e-06 -4.47789e-07 -1.00624 0.149089 8.4537e-09 5.01097e-08 -0.00281463 -0.0166838
172 3.02984e-06 -3.97553e-07 -1.00877 0.132364 7.60406e-09 5.02356e-08 -0.00253174 -0.0167257
173 3.03659e-06 -3.47206e-07 -1.01102 0.115601 6.75277e-09 5.03473e-08 -0.00224831 -0.0167629
174 3.04249e-06 -2.96761e-07 -1.01299 0.0988055 5.90005e-09 5.04448e-08 -0.0019644 -0.0167954
175 3.04754e-06 -2.46233e-07 -1.01467 0.0819823 5.04614e-09 5.0528e-08 -0.00168009 -0.0168231
176 3.05173e-06 -1.95636e-07 -1.01606 0.0651362 4.19127e-09 5.05971e-08 -0.00139547 -0.0168461
177 3.05507e-06 -1.44984e-07 -1.01717 0.0482719 3.33566e-09 5.0652e-08 -0.0011106 -0.0168644
178 3.05754e-06 -9.42915e-08 -1.018 0.031394 2.47955e-09 5.06926e-08 -0.000825555 -0.0168779
179 3.05917e-06 -4.35725e-08 -1.01854 0.0145073 1.62315e-09 5.0719e-08 -0.000540422 -0.0168867
180 3.05993e-06 7.15874e-09 -1.01879 -0.00238347 7.66707e-10 5.07312e-08 -0.000255272 -0.0168908
181 3.05985e-06 5.78879e-08 -1.01876 -0.0192736 -8.95634e-11 5.07292e-08 2.98198e-05 -0.0168901
182 3.0589e-06 1.08601e-07 -1.01845 -0.0361583 -9.45431e-10 5.0713e-08 0.000314778 -0.0168847
183 3.0571e-06 1.59284e-07 -1.01785 -0.0530328 -1.80067e-09 5.06826e-08 0.000599526 -0.0168746
184 3.05444e-06 2.09922e-07 -1.01697 -0.0698926 -2.65506e-09 5.06381e-08 0.00088399 -0.0168598
185 3.05094e-06 2.60501e-07 -1.0158 -0.0867328 -3.50836e-09 5.05795e-08 0.00116809 -0.0168402
186 3.04658e-06 3.11008e-07 -1.01435 -0.103549 -4.36036e-09 5.05067e-08 0.00145177 -0.016816
187 3.04136e-06 3.61428e-07 -1.01261 -0.120336 -5.21084e-09 5.04199e-08 0.00173493 -0.0167871
188 3.0353e-06 4.11747e-07 -1.01059 -0.137089 -6.05956e-09 5.03191e-08 0.00201751 -0.0167535
189 3.0284e-06 4.61951e-07 -1.00829 -0.153805 -6.90631e-09 5.02042e-08 0.00229943 -0.0167153
190 3.02065e-06 5.12026e-07 -1.00571 -0.170477 -7.75087e-09 5.00754e-08 0.00258062 -0.0166724
191 3.01205e-06 5.61959e-07 -1.00285 -0.187102 -8.59301e-09 4.99326e-08 0.00286101 -0.0166249
192 3.00262e-06 6.11735e-07 -0.999711 -0.203675 -9.43251e-09 4.9776e-08 0.00314052 -0.0165727
193 2.99235e-06 6.61341e-07 -0.996292 -0.220191 -1.02692e-08 4.96055e-08 0.00341908 -0.016516
194 2.98125e-06 7.10762e-07 -0.992596 -0.236645 -1.11027e-08 4.94213e-08 0.00369661 -0.0164546
195 2.96932e-06 7.59985e-07 -0.988622 -0.253034 -1.1933e-08 4.92234e-08 0.00397305 -0.0163887
196 2.95656e-06 8.08997e-07 -0.984374 -0.269352 -1.27598e-08 4.90117e-08 0.00424833 -0.0163183
197 2.94297e-06 8.57783e-07 -0.979852 -0.285596 -1.35829e-08 4.87865e-08 0.00452236 -0.0162433
198 2.92857e-06 9.06331e-07 -0.975057 -0.301759 -1.4402e-08 4.85478e-08 0.00479508 -0.0161638
199 2.91336e-06 9.54627e-07 -0.96999 -0.317839 -1.5217e-08 4.82956e-08 0.00506643 -0.0160798
200 2.89733e-06 1.00266e-06 -0.964654 -0.333831 -1.60276e-08 4.80299e-08 0.00533632 -0.0159914
201 2.88049e-06 1.05041e-06 -0.959049 -0.349729 -1.68336e-08 4.7751e-08 0.00560468 -0.0158985
202 2.86286e-06 1.09787e-06 -0.953178 -0.36553 -1.76349e-08 4.74588e-08 0.00587146 -0.0158012
203 2.84443e-06 1.14502e-06 -0.947041 -0.38123 -1.84311e-08 4.71535e-08 0.00613657 -0.0156996
204 2.82521e-06 1.19186e-06 -0.940641 -0.396823 -1.92222e-08 4.6835e-08 0.00639996 -0.0155935
205 2.8052e-06 1.23836e-06 -0.93398 -0.412307 -2.00079e-08 4.65036e-08 0.00666154 -0.0154832
206 2.78441e-06 1.28452e-06 -0.927058 -0.427675 -2.07879e-08 4.61592e-08 0.00692126 -0.0153685
207 2.76285e-06 1.33032e-06 -0.919879 -0.442925 -2.15622e-08 4.5802e-08 0.00717904 -0.0152496
208 2.74052e-06 1.37575e-06 -0.912445 -0.458051 -2.23304e-08 4.54321e-08 0.00743482 -0.0151265
209 2.71743e-06 1.4208e-06 -0.904756 -0.47305 -2.30924e-08 4.50496e-08 0.00768853 -0.0149991
210 2.69358e-06 1.46546e-06 -0.896816 -0.487918 -2.3848e-08 4.46545e-08 0.0079401 -0.0148676
211 2.66898e-06 1.5097e-06 -0.888627 -0.50265 -2.4597e-08 4.4247e-08 0.00818947 -0.0147319
212 2.64364e-06 1.55353e-06 -0.88019 -0.517242 -2.53392e-08 4.38272e-08 0.00843658 -0.0145921
213 2.61757e-06 1.59693e-06 -0.871509 -0.53169 -2.60743e-08 4.33952e-08 0.00868135 -0.0144483
214 2.59076e-06 1.63988e-06 -0.862585 -0.54599 -2.68023e-08 4.29511e-08 0.00892373 -0.0143004
215 2.56324e-06 1.68237e-06 -0.853421 -0.560139 -2.75229e-08 4.2495e-08 0.00916364 -0.0141485
216 2.53501e-06 1.7244e-06 -0.84402 -0.574132 -2.82359e-08 4.2027e-08 0.00940104 -0.0139927
217 2.50606e-06 1.76595e-06 -0.834384 -0.587965 -2.89412e-08 4.15473e-08 0.00963585 -0.013833
218 2.47643e-06 1.807e-06 -0.824516 -0.601634 -2.96385e-08 4.10559e-08 0.00986801 -0.0136694
219 2.4461e-06 1.84755e-06 -0.814419 -0.615136 -3.03276e-08 4.0553e-08 0.0100975 -0.013502
220 2.41509e-06 1.88759e-06 -0.804095 -0.628467 -3.10084e-08 4.00388e-08 0.0103241 -0.0133308
221 2.38341e-06 1.92711e-06 -0.793547 -0.641623 -3.16808e-08 3.95133e-08 0.010548 -0.0131558
222 2.35106e-06 1.96608e-06 -0.782778 -0.6546 -3.23444e-08 3.89767e-08 0.0107689 -0.0129772
223 2.31807e-06 2.00451e-06 -0.771791 -0.667395 -3.29992e-08 3.84292e-08 0.010987 -0.0127948
224 2.28442e-06 2.04238e-06 -0.760589 -0.680004 -3.36449e-08 3.78708e-08 0.0112019 -0.0126089
225 2.25014e-06 2.07969e-06 -0.749175 -0.692423 -3.42815e-08 3.73017e-08 0.0114139 -0.0124194
226 2.21523e-06 2.11641e-06 -0.737552 -0.70465 -3.49086e-08 3.6722e-08 0.0116227 -0.0122265
227 2.1797e-06 2.15254e-06 -0.725724 -0.71668 -3.55262e-08 3.6132e-08 0.0118283 -0.01203
228 2.14357e-06 2.18807e-06 -0.713693 -0.72851 -3.61341e-08 3.55317e-08 0.0120307 -0.0118301
229 2.10684e-06 2.22299e-06 -0.701464 -0.740137 -3.67321e-08 3.49213e-08 0.0122298 -0.0116269
230 2.06952e-06 2.25729e-06 -0.689038 -0.751557 -3.732e-08 3.43009e-08 0.0124256 -0.0114204
231 2.03162e-06 2.29096e-06 -0.67642 -0.762767 -3.78978e-08 3.36708e-08 0.0126179 -0.0112106
232 1.99316e-06 2.324e-06 -0.663613 -0.773765 -3.84651e-08 3.3031e-08 0.0128068 -0.0109975
233 1.95413e-06 2.35638e-06 -0.650621 -0.784546 -3.90219e-08 3.23817e-08 0.0129922 -0.0107814
234 1.91457e-06 2.3881e-06 -0.637447 -0.795109 -3.95681e-08 3.17232e-08 0.013174 -0.0105621
235 1.87446e-06 2.41916e-06 -0.624095 -0.805448 -4.01034e-08 3.10555e-08 0.0133523 -0.0103398
236 1.83383e-06 2.44953e-06 -0.610568 -0.815563 -4.06277e-08 3.03788e-08 0.0135268 -0.0101145
237 1.79269e-06 2.47923e-06 -0.59687 -0.825449 -4.11409e-08 2.96934e-08 0.0136977 -0.00988628
238 1.75105e-06 2.50823e-06 -0.583005 -0.835104 -4.16428e-08 2.89993e-08 0.0138648 -0.00965519
239 1.70892e-06 2.53652e-06 -0.568977 -0.844526 -4.21332e-08 2.82967e-08 0.0140281 -0.00942128
240 1.66631e-06 2.56411e-06 -0.55479 -0.85371 -4.26121e-08 2.75859e-08 0.0141875 -0.00918462
241 1.62323e-06 2.59098e-06 -0.540447 -0.862655 -4.30793e-08 2.6867e-08 0.0143431 -0.00894526
242 1.57969e-06 2.61712e-06 -0.525952 -0.871359 -4.35346e-08 2.61402e-08 0.0144947 -0.00870327
243 1.53571e-06 2.64252e-06 -0.51131 -0.879817 -4.3978e-08 2.54056e-08 0.0146423 -0.00845871
244 1.4913e-06 2.66719e-06 -0.496524 -0.888029 -4.44093e-08 2.46636e-08 0.0147859 -0.00821164
245 1.44648e-06 2.6911e-06 -0.481598 -0.895991 -4.48283e-08 2.39142e-08 0.0149254 -0.00796213
246 1.40124e-06 2.71426e-06 -0.466538 -0.903701 -4.52349e-08 2.31576e-08 0.0150608 -0.00771023
247 1.35561e-06 2.73665e-06 -0.451346 -0.911157 -4.56291e-08 2.23941e-08 0.015192 -0.00745602
248 1.3096e-06 2.75828e-06 -0.436027 -0.918357 -4.60107e-08 2.16238e-08 0.0153191 -0.00719956
249 1.26322e-06 2.77912e-06 -0.420585 -0.925298 -4.63795e-08 2.0847e-08 0.0154419 -0.00694091
250 1.21649e-06 2.79919e-06 -0.405024 -0.931978 -4.67355e-08 2.00638e-08 0.0155604 -0.00668015
251 1.16941e-06 2.81846e-06 -0.38935 -0.938395 -4.70785e-08 1.92744e-08 0.0156746 -0.00641733
252 1.122e-06 2.83694e-06 -0.373565 -0.944548 -4.74085e-08 1.84791e-08 0.0157845 -0.00615254
253 1.07427e-06 2.85462e-06 -0.357675 -0.950434 -4.77254e-08 1.7678e-08 0.01589 -0.00588583
254 1.02624e-06 2.87149e-06 -0.341684 -0.956051 -4.80289e-08 1.68714e-08 0.015991 -0.00561727
255 9.77926e-07 2.88755e-06 -0.325597 -0.961398 -4.83191e-08 1.60595e-08 0.0160876 -0.00534694
256 9.2933e-07 2.90279e-06 -0.309417 -0.966473 -4.85958e-08 1.52424e-08 0.0161798 -0.00507491
257 8.80471e-07 2.91721e-06 -0.293149 -0.971274 -4.88589e-08 1.44205e-08 0.0162674 -0.00480125
258 8.31363e-07 2.93081e-06 -0.276799 -0.9758 -4.91084e-08 1.35939e-08 0.0163505 -0.00452603
259 7.82018e-07 2.94357e-06 -0.26037 -0.980049 -4.93442e-08 1.27628e-08 0.0164289 -0.00424932
260 7.32452e-07 2.9555e-06 -0.243867 -0.984021 -4.95661e-08 1.19274e-08 0.0165028 -0.0039712
261 6.82678e-07 2.96658e-06 -0.227295 -0.987712 -4.97741e-08 1.10881e-08 0.0165721 -0.00369174
262 6.3271e-07 2.97683e-06 -0.210658 -0.991123 -4.99681e-08 1.02449e-08 0.0166367 -0.00341101
263 5.82562e-07 2.98623e-06 -0.193962 -0.994253 -5.01481e-08 9.3982e-09 0.0166966 -0.00312909
264 5.32248e-07 2.99478e-06 -0.17721 -0.997099 -5.03139e-08 8.54811e-09 0.0167518 -0.00284606
265 4.81782e-07 3.00247e-06 -0.160408 -0.999661 -5.04656e-08 7.69491e-09 0.0168023 -0.00256199
266 4.31179e-07 3.00931e-06 -0.14356 -1.00194 -5.0603e-08 6.83882e-09 0.0168481 -0.00227696
267 3.80453e-07 3.01529e-06 -0.12667 -1.00393 -5.0726e-08 5.98007e-09 0.016889 -0.00199104
268 3.29619e-07 3.02041e-06 -0.109745 -1.00563 -5.08347e-08 5.11889e-09 0.0169252 -0.00170432
269 2.7869e-07 3.02466e-06 -0.0927887 -1.00705 -5.09289e-08 4.25553e-09 0.0169566 -0.00141686
270 2.27681e-07 3.02805e-06 -0.0758056 -1.00818 -5.10086e-08 3.39021e-09 0.0169831 -0.00112876
271 1.76608e-07 3.03058e-06 -0.0588008 -1.00902 -5.10738e-08 2.52317e-09 0.0170048 -0.000840079
272 1.25483e-07 3.03223e-06 -0.0417791 -1.00957 -5.11244e-08 1.65465e-09 0.0170217 -0.000550909
273 7.43228e-08 3.03302e-06 -0.0247455 -1.00983 -5.11604e-08 7.84889e-10 0.0170337 -0.000261326
274 2.3141e-08 3.03293e-06 -0.00770471 -1.0098 -5.11817e-08 -8.58707e-11 0.0170408 2.85903e-05
275 -2.80474e-08 3.03197e-06 0.00933826 -1.00948 -5.11884e-08 -9.57388e-10 0.017043 0.000318758
276 -7.92277e-08 3.03014e-06 0.0263785 -1.00887 -5.11803e-08 -1.82942e-09 0.0170403 0.000609098
277 -1.30385e-07 3.02744e-06 0.0434112 -1.00797 -5.11575e-08 -2.70172e-09 0.0170327 0.000899528
278 -1.81505e-07 3.02387e-06 0.0604314 -1.00678 -5.11199e-08 -3.57405e-09 0.0170202 0.00118997
279 -2.32573e-07 3.01942e-06 0.0774342 -1.0053 -5.10676e-08 -4.44616e-09 0.0170028 0.00148033
280 -2.83573e-07 3.0141e-06 0.0944146 -1.00353 -5.10005e-08 -5.3178e-09 0.0169804 0.00177054
281 -3.34492e-07 3.00792e-06 0.111368 -1.00147 -5.09185e-08 -6.18872e-09 0.0169531 0.00206051
282 -3.85313e-07 3.00086e-06 0.128289 -0.999123 -5.08218e-08 -7.05869e-09 0.0169209 0.00235016
283 -4.36024e-07 2.99293e-06 0.145172 -0.996484 -5.07102e-08 -7.92744e-09 0.0168838 0.00263941
284 -4.86608e-07 2.98413e-06 0.162014 -0.993556 -5.05839e-08 -8.79473e-09 0.0168417 0.00292817
285 -5.3705e-07 2.97447e-06 0.178809 -0.990339 -5.04427e-08 -9.66031e-09 0.0167947 0.00321636
286 -5.87337e-07 2.96395e-06 0.195552 -0.986835 -5.02868e-08 -1.05239e-08 0.0167428 0.0035039
287 -6.37453e-07 2.95256e-06 0.212238 -0.983045 -5.01161e-08 -1.13853e-08 0.016686 0.0037907
288 -6.87384e-07 2.94032e-06 0.228862 -0.978968 -4.99307e-08 -1.22443e-08 0.0166242 0.00407668
289 -7.37114e-07 2.92722e-06 0.245419 -0.974606 -4.97305e-08 -1.31005e-08 0.0165576 0.00436175
290 -7.8663e-07 2.91327e-06 0.261905 -0.969961 -4.95156e-08 -1.39537e-08 0.016486 0.00464584
291 -8.35916e-07 2.89846e-06 0.278315 -0.965032 -4.92861e-08 -1.48038e-08 0.0164096 0.00492885
292 -8.84958e-07 2.88281e-06 0.294643 -0.959821 -4.9042e-08 -1.56503e-08 0.0163283 0.00521071
293 -9.33741e-07 2.86632e-06 0.310886 -0.95433 -4.87832e-08 -1.64931e-08 0.0162422 0.00549133
294 -9.82251e-07 2.84899e-06 0.327037 -0.948559 -4.851e-08 -1.7332e-08 0.0161512 0.00577062
295 -1.03047e-06 2.83082e-06 0.343092 -0.942511 -4.82222e-08 -1.81666e-08 0.0160554 0.0060485
296 -1.07839e-06 2.81182e-06 0.359047 -0.936186 -4.792e-08 -1.89968e-08 0.0159548 0.0063249
297 -1.126e-06 2.792e-06 0.374896 -0.929586 -4.76035e-08 -1.98222e-08 0.0158494 0.00659971
298 -1.17327e-06 2.77136e-06 0.390636 -0.922713 -4.72726e-08 -2.06426e-08 0.0157392 0.00687287
299 -1.2202e-06 2.7499e-06 0.40626 -0.915569 -4.69275e-08 -2.14578e-08 0.0156243 0.00714428
300 -1.26677e-06 2.72763e-06 0.421765 -0.908155 -4.65682e-08 -2.22675e-08 0.0155047 0.00741386
301 -1.31296e-06 2.70456e-06 0.437145 -0.900473 -4.61948e-08 -2.30714e-08 0.0153804 0.00768154
302 -1.35877e-06 2.68069e-06 0.452396 -0.892526 -4.58074e-08 -2.38694e-08 0.0152514 0.00794722
303 -1.40417e-06 2.65603e-06 0.467514 -0.884315 -4.54061e-08 -2.46611e-08 0.0151178 0.00821083
304 -1.44916e-06 2.63059e-06 0.482494 -0.875843 -4.4991e-08 -2.54464e-08 0.0149796 0.00847228
305 -1.49373e-06 2.60436e-06 0.49733 -0.867112 -4.45621e-08 -2.62249e-08 0.0148368 0.00873149
306 -1.53785e-06 2.57736e-06 0.51202 -0.858123 -4.41196e-08 -2.69965e-08 0.0146894 0.00898838
307 -1.58151e-06 2.5496e-06 0.526557 -0.84888 -4.36635e-08 -2.77608e-08 0.0145376 0.00924286
308 -1.6247e-06 2.52109e-06 0.540939 -0.839385 -4.3194e-08 -2.85177e-08 0.0143813 0.00949486
309 -1.66742e-06 2.49182e-06 0.555159 -0.829641 -4.27112e-08 -2.92669e-08 0.0142205 0.0097443
310 -1.70963e-06 2.46181e-06 0.569215 -0.81965 -4.22152e-08 -3.00081e-08 0.0140554 0.00999109
311 -1.75134e-06 2.43107e-06 0.583101 -0.809415 -4.17061e-08 -3.07412e-08 0.0138859 0.0102352
312 -1.79252e-06 2.3996e-06 0.596813 -0.798938 -4.11841e-08 -3.14658e-08 0.0137121 0.0104764
313 -1.83317e-06 2.36742e-06 0.610347 -0.788224 -4.06493e-08 -3.21818e-08 0.013534 0.0107148
314 -1.87327e-06 2.33453e-06 0.623698 -0.777273 -4.01017e-08 -3.28889e-08 0.0133517 0.0109502
315 -1.91281e-06 2.30095e-06 0.636864 -0.766091 -3.95417e-08 -3.35869e-08 0.0131652 0.0111826
316 -1.95178e-06 2.26667e-06 0.649838 -0.754679 -3.89692e-08 -3.42755e-08 0.0129746 0.0114119
317 -1.99017e-06 2.23172e-06 0.662618 -0.743041 -3.83845e-08 -3.49545e-08 0.01278 0.011638
318 -2.02795e-06 2.19609e-06 0.6752 -0.73118 -3.77877e-08 -3.56237e-08 0.0125813 0.0118608
319 -2.06513e-06 2.15981e-06 0.687578 -0.7191 -3.7179e-08 -3.62829e-08 0.0123786 0.0120803
320 -2.10169e-06 2.12288e-06 0.69975 -0.706804 -3.65585e-08 -3.69319e-08 0.012172 0.0122963
321 -2.13762e-06 2.08531e-06 0.711712 -0.694295 -3.59264e-08 -3.75704e-08 0.0119616 0.0125089
322 -2.1729e-06 2.04711e-06 0.723459 -0.681577 -3.52829e-08 -3.81982e-08 0.0117473 0.0127179
323 -2.20753e-06 2.00829e-06 0.734988 -0.668653 -3.46281e-08 -3.8815e-08 0.0115293 0.0129233
324 -2.24149e-06 1.96887e-06 0.746296 -0.655528 -3.39622e-08 -3.94208e-08 0.0113076 0.013125
325 -2.27478e-06 1.92886e-06 0.757378 -0.642205 -3.32854e-08 -4.00153e-08 0.0110823 0.0133229
326 -2.30738e-06 1.88826e-06 0.768231 -0.628688 -3.2598e-08 -4.05982e-08 0.0108534 0.013517
327 -2.33928e-06 1.84709e-06 0.778852 -0.614981 -3.19e-08 -4.11694e-08 0.010621 0.0137072
328 -2.37047e-06 1.80536e-06 0.789238 -0.601088 -3.11917e-08 -4.17287e-08 0.0103852 0.0138934
329 -2.40094e-06 1.76309e-06 0.799384 -0.587012 -3.04733e-08 -4.22758e-08 0.010146 0.0140756
330 -2.43069e-06 1.72027e-06 0.809287 -0.572759 -2.9745e-08 -4.28106e-08 0.00990348 0.0142536
331 -2.45969e-06 1.67694e-06 0.818945 -0.558331 -2.9007e-08 -4.33329e-08 0.00965776 0.0144275
332 -2.48795e-06 1.6331e-06 0.828354 -0.543734 -2.82595e-08 -4.38425e-08 0.00940889 0.0145972
333 -2.51545e-06 1.58876e-06 0.837511 -0.528971 -2.75027e-08 -4.43393e-08 0.00915693 0.0147626
334 -2.54219e-06 1.54394e-06 0.846413 -0.514048 -2.67369e-08 -4.4823e-08 0.00890195 0.0149236
335 -2.56815e-06 1.49864e-06 0.855057 -0.498968 -2.59623e-08 -4.52934e-08 0.00864405 0.0150803
336 -2.59333e-06 1.45289e-06 0.86344 -0.483735 -2.51791e-08 -4.57505e-08 0.00838328 0.0152324
337 -2.61772e-06 1.4067e-06 0.87156 -0.468355 -2.43875e-08 -4.61939e-08 0.00811972 0.0153801
338 -2.64131e-06 1.36008e-06 0.879413 -0.452832 -2.35878e-08 -4.66237e-08 0.00785347 0.0155232
339 -2.66409e-06 1.31304e-06 0.886998 -0.43717 -2.27802e-08 -4.70395e-08 0.00758459 0.0156616
340 -2.68605e-06 1.26559e-06 0.894311 -0.421375 -2.1965e-08 -4.74413e-08 0.00731316 0.0157954
341 -2.7072e-06 1.21777e-06 0.90135 -0.40545 -2.11424e-08 -4.78289e-08 0.00703927 0.0159244
342 -2.72751e-06 1.16956e-06 0.908113 -0.389402 -2.03126e-08 -4.82022e-08 0.006763 0.0160487
343 -2.74698e-06 1.121e-06 0.914598 -0.373233 -1.94759e-08 -4.85609e-08 0.00648444 0.0161682
344 -2.76562e-06 1.0721e-06 0.920801 -0.356951 -1.86326e-08 -4.89051e-08 0.00620367 0.0162827
345 -2.7834e-06 1.02286e-06 0.926722 -0.340558 -1.7783e-08 -4.92344e-08 0.00592077 0.0163924
346 -2.80033e-06 9.73314e-07 0.932358 -0.324061 -1.69272e-08 -4.95489e-08 0.00563584 0.0164971
347 -2.81639e-06 9.23466e-07 0.937707 -0.307464 -1.60655e-08 -4.98484e-08 0.00534896 0.0165968
348 -2.83159e-06 8.73333e-07 0.942767 -0.290773 -1.51983e-08 -5.01328e-08 0.00506022 0.0166915
349 -2.84592e-06 8.22931e-07 0.947537 -0.273992 -1.43258e-08 -5.04019e-08 0.00476972 0.0167811
350 -2.85936e-06 7.72276e-07 0.952014 -0.257126 -1.34482e-08 -5.06556e-08 0.00447753 0.0168656
351 -2.87193e-06 7.21382e-07 0.956198 -0.240181 -1.25659e-08 -5.08939e-08 0.00418376 0.0169449
352 -2.88361e-06 6.70265e-07 0.960086 -0.223162 -1.16791e-08 -5.11167e-08 0.0038885 0.0170191
353 -2.8944e-06 6.18941e-07 0.963678 -0.206074 -1.07881e-08 -5.13238e-08 0.00359184 0.0170881
354 -2.90429e-06 5.67426e-07 0.966972 -0.188922 -9.89311e-09 -5.15152e-08 0.00329387 0.0171518
355 -2.91329e-06 5.15735e-07 0.969967 -0.171712 -8.99453e-09 -5.16907e-08 0.00299469 0.0172102
356 -2.92138e-06 4.63885e-07 0.972661 -0.154449 -8.09261e-09 -5.18504e-08 0.0026944 0.0172634
357 -2.92857e-06 4.11891e-07 0.975054 -0.137137 -7.18763e-09 -5.19941e-08 0.00239309 0.0173112
358 -2.93485e-06 3.59769e-07 0.977145 -0.119784 -6.27987e-09 -5.21218e-08 0.00209086 0.0173537
359 -2.94022e-06 3.07536e-07 0.978933 -0.102393 -5.36964e-09 -5.22334e-08 0.0017878 0.0173909
360 -2.94467e-06 2.55207e-07 0.980417 -0.0849702 -4.45723e-09 -5.23288e-08 0.00148402 0.0174227
361 -2.94822e-06 2.02799e-07 0.981597 -0.0675211 -3.54292e-09 -5.2408e-08 0.0011796 0.017449
362 -2.95084e-06 1.50328e-07 0.982471 -0.0500511 -2.62703e-09 -5.2471e-08 0.000874659 0.01747
363 -2.95255e-06 9.78102e-08 0.983041 -0.0325655 -1.70984e-09 -5.25178e-08 0.000569285 0.0174856
364 -2.95334e-06 4.5262e-08 0.983304 -0.0150698 -7.9166e-10 -5.25482e-08 0.00026358 0.0174957
365 -2.95322e-06 -7.30022e-09 0.983262 0.00243058 1.27218e-10 -5.25623e-08 -4.23567e-05 0.0175004
