0 0.98329 0 0 0.0175
1 0.983137 0.0175 -0.00030603 0.0174973
2 0.982678 0.0349946 -0.00061196 0.0174891
3 0.981913 0.0524782 -0.000917689 0.0174755
4 0.980843 0.0699455 -0.00122312 0.0174564
5 0.979467 0.0873911 -0.00152814 0.017432
6 0.977786 0.104809 -0.00183267 0.0174021
7 0.975801 0.122195 -0.0021366 0.0173667
8 0.973513 0.139543 -0.00243982 0.017326
9 0.970922 0.156847 -0.00274225 0.0172799
10 0.968029 0.174103 -0.00304378 0.0172285
11 0.964834 0.191304 -0.00334432 0.0171716
12 0.96134 0.208446 -0.00364376 0.0171095
13 0.957547 0.225523 -0.003942 0.0170421
14 0.953456 0.24253 -0.00423896 0.0169693
15 0.949069 0.259462 -0.00453454 0.0168913
16 0.944387 0.276313 -0.00482863 0.0168081
17 0.939412 0.293078 -0.00512115 0.0167197
18 0.934145 0.309752 -0.00541199 0.0166261
19 0.928588 0.32633 -0.00570108 0.0165274
20 0.922742 0.342807 -0.0059883 0.0164236
21 0.916611 0.359177 -0.00627357 0.0163147
22 0.910195 0.375437 -0.0065568 0.0162008
23 0.903497 0.391579 -0.0068379 0.0160819
24 0.896519 0.4076 -0.00711678 0.0159581
25 0.889264 0.423495 -0.00739334 0.0158294
26 0.881733 0.439259 -0.00766751 0.0156959
27 0.873929 0.454887 -0.00793919 0.0155575
28 0.865854 0.470374 -0.00820829 0.0154144
29 0.857512 0.485716 -0.00847474 0.0152666
30 0.848905 0.500907 -0.00873845 0.0151141
31 0.840035 0.515944 -0.00899933 0.014957
32 0.830906 0.530821 -0.00925731 0.0147954
33 0.821521 0.545535 -0.0095123 0.0146293
34 0.811882 0.56008 -0.00976423 0.0144588
35 0.801992 0.574452 -0.010013 0.0142839
36 0.791856 0.588648 -0.0102586 0.0141047
37 0.781475 0.602662 -0.0105009 0.0139213
38 0.770854 0.61649 -0.0107398 0.0137336
39 0.759996 0.630129 -0.0109752 0.0135419
40 0.748903 0.643574 -0.0112072 0.0133461
41 0.737581 0.656821 -0.0114355 0.0131463
42 0.726032 0.669867 -0.0116602 0.0129426
43 0.714261 0.682707 -0.0118812 0.0127351
44 0.70227 0.695337 -0.0120984 0.0125238
45 0.690064 0.707754 -0.0123118 0.0123088
46 0.677646 0.719954 -0.0125212 0.0120902
47 0.665021 0.731934 -0.0127267 0.011868
48 0.652193 0.74369 -0.0129282 0.0116423
49 0.639165 0.755219 -0.0131255 0.0114132
50 0.625942 0.766517 -0.0133187 0.0111809
51 0.612528 0.777581 -0.0135077 0.0109452
52 0.598927 0.788407 -0.0136924 0.0107064
53 0.585143 0.798994 -0.0138729 0.0104645
54 0.571181 0.809336 -0.0140489 0.0102196
55 0.557045 0.819433 -0.0142206 0.0099718
56 0.54274 0.82928 -0.0143878 0.00972114
57 0.528269 0.838875 -0.0145505 0.00946771
58 0.513639 0.848215 -0.0147087 0.00921161
59 0.498852 0.857298 -0.0148623 0.00895291
60 0.483914 0.866121 -0.0150112 0.00869171
61 0.468829 0.874682 -0.0151555 0.00842808
62 0.453603 0.882977 -0.0152951 0.00816212
63 0.438239 0.891006 -0.0154299 0.0078939
64 0.422743 0.898765 -0.01556 0.00762352
65 0.407119 0.906253 -0.0156853 0.00735107
66 0.391373 0.913467 -0.0158057 0.00707663
67 0.375508 0.920406 -0.0159212 0.00680028
68 0.35953 0.927068 -0.0160319 0.00652213
69 0.343444 0.933451 -0.0161377 0.00624225
70 0.327255 0.939552 -0.0162385 0.00596073
71 0.310967 0.945372 -0.0163343 0.00567767
72 0.294586 0.950908 -0.0164252 0.00539315
73 0.278117 0.956158 -0.016511 0.00510727
74 0.261564 0.961122 -0.0165919 0.00482011
75 0.244933 0.965799 -0.0166677 0.00453175
76 0.228229 0.970186 -0.0167384 0.0042423
77 0.211456 0.974283 -0.0168041 0.00395184
78 0.194621 0.978089 -0.0168647 0.00366046
79 0.177727 0.981604 -0.0169202 0.00336825
80 0.16078 0.984826 -0.0169706 0.0030753
81 0.143786 0.987755 -0.017016 0.0027817
82 0.126748 0.990389 -0.0170562 0.00248754
83 0.109673 0.99273 -0.0170913 0.00219291
84 0.0925656 0.994775 -0.0171214 0.00189789
85 0.0754306 0.996526 -0.0171463 0.00160258
86 0.0582731 0.99798 -0.0171661 0.00130706
87 0.0410984 0.99914 -0.0171808 0.00101143
88 0.0239115 1 -0.0171904 0.000715762
89 0.00671759 1.00057 -0.0171949 0.000420156
90 -0.0104783 1.00084 -0.0171944 0.000124696
91 -0.0276712 1.00082 -0.0171888 -0.000170531
92 -0.0448558 1.0005 -0.0171781 -0.000465438
93 -0.0620273 0.99989 -0.0171623 -0.00075994
94 -0.0791805 0.998983 -0.0171416 -0.00105395
95 -0.0963104 0.997782 -0.0171158 -0.00134738
96 -0.113412 0.996288 -0.017085 -0.00164015
97 -0.13048 0.994501 -0.0170492 -0.00193218
98 -0.14751 0.992423 -0.0170085 -0.00222337
99 -0.164497 0.990055 -0.0169628 -0.00251366
100 -0.181436 0.987396 -0.0169122 -0.00280294
101 -0.198322 0.984449 -0.0168567 -0.00309115
102 -0.215149 0.981214 -0.0167963 -0.0033782
103 -0.231914 0.977692 -0.0167311 -0.003664
104 -0.248612 0.973886 -0.016661 -0.00394849
105 -0.265236 0.969795 -0.0165862 -0.00423157
106 -0.281784 0.965423 -0.0165066 -0.00451318
107 -0.29825 0.960769 -0.0164223 -0.00479323
108 -0.314628 0.955836 -0.0163332 -0.00507164
109 -0.330916 0.950626 -0.0162395 -0.00534834
110 -0.347107 0.94514 -0.0161412 -0.00562325
111 -0.363198 0.939379 -0.0160383 -0.0058963
112 -0.379184 0.933347 -0.0159308 -0.00616741
113 -0.39506 0.927045 -0.0158188 -0.00643651
114 -0.410822 0.920474 -0.0157024 -0.00670352
115 -0.426465 0.913637 -0.0155815 -0.00696837
116 -0.441985 0.906537 -0.0154562 -0.007231
117 -0.457377 0.899175 -0.0153265 -0.00749133
118 -0.472638 0.891555 -0.0151925 -0.00774929
119 -0.487762 0.883677 -0.0150543 -0.00800481
120 -0.502746 0.875545 -0.0149118 -0.00825783
121 -0.517586 0.867161 -0.0147652 -0.00850828
122 -0.532277 0.858528 -0.0146144 -0.00875609
123 -0.546815 0.849649 -0.0144596 -0.00900119
124 -0.561196 0.840526 -0.0143007 -0.00924353
125 -0.575416 0.831162 -0.0141379 -0.00948303
126 -0.589472 0.82156 -0.0139711 -0.00971965
127 -0.603358 0.811723 -0.0138005 -0.00995331
128 -0.617073 0.801653 -0.013626 -0.0101839
129 -0.63061 0.791355 -0.0134478 -0.0104115
130 -0.643968 0.78083 -0.0132658 -0.010636
131 -0.657142 0.770083 -0.0130802 -0.0108572
132 -0.670129 0.759116 -0.012891 -0.0110752
133 -0.682924 0.747933 -0.0126983 -0.0112899
134 -0.695525 0.736536 -0.012502 -0.0115012
135 -0.707928 0.72493 -0.0123023 -0.0117092
136 -0.72013 0.713118 -0.0120993 -0.0119136
137 -0.732127 0.701103 -0.011893 -0.0121146
138 -0.743916 0.688889 -0.0116834 -0.0123119
139 -0.755493 0.676479 -0.0114706 -0.0125057
140 -0.766857 0.663877 -0.0112547 -0.0126958
141 -0.778003 0.651087 -0.0110357 -0.0128822
142 -0.788928 0.638113 -0.0108137 -0.0130648
143 -0.79963 0.624958 -0.0105888 -0.0132437
144 -0.810106 0.611626 -0.010361 -0.0134186
145 -0.820352 0.59812 -0.0101304 -0.0135897
146 -0.830367 0.584446 -0.00989708 -0.0137569
147 -0.840146 0.570607 -0.00966107 -0.0139201
148 -0.849689 0.556606 -0.00942245 -0.0140793
149 -0.858991 0.542448 -0.00918129 -0.0142344
150 -0.868051 0.528137 -0.00893766 -0.0143854
151 -0.876867 0.513677 -0.00869161 -0.0145323
152 -0.885435 0.499073 -0.00844323 -0.014675
153 -0.893753 0.484327 -0.00819259 -0.0148136
154 -0.90182 0.469445 -0.00793974 -0.0149479
155 -0.909633 0.454431 -0.00768476 -0.0150779
156 -0.917189 0.43929 -0.00742772 -0.0152037
157 -0.924488 0.424024 -0.00716869 -0.0153251
158 -0.931527 0.408639 -0.00690774 -0.0154422
159 -0.938303 0.39314 -0.00664494 -0.0155549
160 -0.944817 0.37753 -0.00638037 -0.0156631
161 -0.951064 0.361813 -0.00611409 -0.015767
162 -0.957045 0.345996 -0.00584619 -0.0158664
163 -0.962757 0.330081 -0.00557672 -0.0159613
164 -0.968198 0.314073 -0.00530576 -0.0160516
165 -0.973368 0.297977 -0.0050334 -0.0161375
166 -0.978265 0.281798 -0.00475969 -0.0162188
167 -0.982887 0.26554 -0.00448471 -0.0162956
168 -0.987234 0.249207 -0.00420855 -0.0163677
169 -0.991305 0.232804 -0.00393126 -0.0164353
170 -0.995097 0.216336 -0.00365293 -0.0164982
171 -0.99861 0.199808 -0.00337363 -0.0165565
172 -1.00184 0.183223 -0.00309343 -0.0166102
173 -1.0048 0.166588 -0.00281241 -0.0166591
174 -1.00747 0.149905 -0.00253064 -0.0167035
175 -1.00986 0.133181 -0.00224821 -0.0167431
176 -1.01197 0.116419 -0.00196517 -0.016778
177 -1.01379 0.0996246 -0.00168162 -0.0168083
178 -1.01533 0.0828024 -0.00139762 -0.0168338
179 -1.01658 0.065957 -0.00111325 -0.0168546
180 -1.01756 0.0490931 -0.000828579 -0.0168707
181 -1.01824 0.0322155 -0.000543694 -0.0168821
182 -1.01864 0.0153289 -0.000258663 -0.0168888
183 -1.01876 -0.001562 2.64354e-05 -0.0168907
184 -1.01859 -0.0184525 0.000311527 -0.0168879
185 -1.01814 -0.0353378 0.000596536 -0.0168804
186 -1.0174 -0.0522132 0.000881388 -0.0168681
187 -1.01637 -0.069074 0.00116601 -0.0168511
188 -1.01506 -0.0859155 0.00145031 -0.0168294
189 -1.01347 -0.102733 0.00173424 -0.016803
190 -1.0116 -0.119522 0.0020177 -0.0167719
191 -1.00944 -0.136277 0.00230063 -0.0167361
192 -1.00699 -0.152994 0.00258295 -0.0166956
193 -1.00427 -0.169668 0.00286459 -0.0166504
194 -1.00127 -0.186295 0.00314546 -0.0166006
195 -0.99798 -0.202869 0.0034255 -0.0165461
196 -0.994415 -0.219387 0.00370463 -0.0164869
197 -0.990571 -0.235843 0.00398277 -0.0164231
198 -0.986449 -0.252233 0.00425986 -0.0163547
199 -0.982051 -0.268552 0.00453581 -0.0162817
200 -0.977377 -0.284796 0.00481056 -0.0162041
201 -0.97243 -0.300961 0.00508403 -0.016122
202 -0.967209 -0.31704 0.00535614 -0.0160353
203 -0.961718 -0.333031 0.00562683 -0.015944
204 -0.955956 -0.348928 0.00589601 -0.0158483
205 -0.949926 -0.364728 0.00616363 -0.0157481
206 -0.943628 -0.380425 0.00642959 -0.0156434
207 -0.937066 -0.396015 0.00669384 -0.0155343
208 -0.930241 -0.411493 0.0069563 -0.0154208
209 -0.923154 -0.426856 0.00721691 -0.015303
210 -0.915807 -0.442099 0.00747557 -0.0151807
211 -0.908203 -0.457218 0.00773224 -0.0150542
212 -0.900343 -0.472208 0.00798683 -0.0149234
213 -0.892229 -0.487065 0.00823928 -0.0147883
214 -0.883864 -0.501784 0.00848952 -0.0146489
215 -0.87525 -0.516362 0.00873747 -0.0145054
216 -0.866389 -0.530795 0.00898308 -0.0143578
217 -0.857284 -0.545078 0.00922626 -0.014206
218 -0.847936 -0.559207 0.00946696 -0.0140501
219 -0.83835 -0.573178 0.0097051 -0.0138902
220 -0.828526 -0.586987 0.00994062 -0.0137262
221 -0.818469 -0.600631 0.0101735 -0.0135584
222 -0.808179 -0.614104 0.0104035 -0.0133865
223 -0.797661 -0.627404 0.0106308 -0.0132108
224 -0.786918 -0.640526 0.0108552 -0.0130313
225 -0.775951 -0.653466 0.0110766 -0.012848
226 -0.764765 -0.666222 0.011295 -0.0126609
227 -0.753361 -0.678788 0.0115104 -0.0124701
228 -0.741744 -0.691162 0.0117226 -0.0122757
229 -0.729916 -0.703339 0.0119316 -0.0120776
230 -0.717881 -0.715317 0.0121373 -0.011876
231 -0.705641 -0.727091 0.0123397 -0.0116709
232 -0.693201 -0.738659 0.0125388 -0.0114623
233 -0.680564 -0.750016 0.0127344 -0.0112504
234 -0.667733 -0.76116 0.0129265 -0.0110351
235 -0.654711 -0.772086 0.013115 -0.0108164
236 -0.641503 -0.782792 0.0133 -0.0105946
237 -0.628111 -0.793275 0.0134812 -0.0103696
238 -0.61454 -0.803532 0.0136588 -0.0101414
239 -0.600793 -0.813558 0.0138325 -0.00991022
240 -0.586875 -0.823352 0.0140025 -0.00967601
241 -0.572788 -0.83291 0.0141685 -0.00943885
242 -0.558538 -0.84223 0.0143306 -0.00919881
243 -0.544127 -0.851308 0.0144888 -0.00895595
244 -0.52956 -0.860142 0.0146428 -0.00871034
245 -0.514842 -0.868729 0.0147928 -0.00846203
246 -0.499975 -0.877066 0.0149387 -0.0082111
247 -0.484964 -0.885151 0.0150804 -0.00795761
248 -0.469814 -0.892981 0.0152178 -0.00770163
249 -0.454528 -0.900554 0.015351 -0.00744322
250 -0.439112 -0.907867 0.0154799 -0.00718245
251 -0.423569 -0.914919 0.0156044 -0.0069194
252 -0.407903 -0.921706 0.0157245 -0.00665414
253 -0.39212 -0.928227 0.0158401 -0.00638673
254 -0.376223 -0.93448 0.0159513 -0.00611725
255 -0.360217 -0.940462 0.0160579 -0.00584577
256 -0.344107 -0.946171 0.01616 -0.00557237
257 -0.327897 -0.951606 0.0162574 -0.00529711
258 -0.311592 -0.956765 0.0163503 -0.00502008
259 -0.295197 -0.961647 0.0164384 -0.00474136
260 -0.278716 -0.966248 0.0165219 -0.00446101
261 -0.262153 -0.970569 0.0166006 -0.00417912
262 -0.245514 -0.974606 0.0166745 -0.00389576
263 -0.228804 -0.97836 0.0167437 -0.00361102
264 -0.212027 -0.981828 0.016808 -0.00332498
265 -0.195188 -0.98501 0.0168675 -0.0030377
266 -0.178292 -0.987904 0.0169221 -0.00274928
267 -0.161344 -0.990509 0.0169718 -0.0024598
268 -0.144348 -0.992823 0.0170166 -0.00216934
269 -0.127311 -0.994847 0.0170564 -0.00187798
270 -0.110236 -0.996579 0.0170912 -0.0015858
271 -0.0931282 -0.998019 0.0171211 -0.0012929
272 -0.0759935 -0.999165 0.0171459 -0.000999347
273 -0.0588364 -1.00002 0.0171658 -0.000705235
274 -0.0416619 -1.00058 0.0171806 -0.000410646
275 -0.0244752 -1.00084 0.0171903 -0.000115668
276 -0.00728128 -1.00081 0.017195 0.000179613
277 0.0099148 -1.00048 0.0171946 0.000475112
278 0.027108 -0.999857 0.0171891 0.00077074
279 0.0442931 -0.998938 0.0171786 0.00106641
280 0.0614651 -0.997724 0.0171629 0.00136203
281 0.0786189 -0.996214 0.0171422 0.00165752
282 0.0957494 -0.994409 0.0171163 0.00195279
283 0.112852 -0.992309 0.0170853 0.00224775
284 0.12992 -0.989913 0.0170492 0.00254231
285 0.14695 -0.987224 0.0170081 0.00283638
286 0.163936 -0.984241 0.0169618 0.00312987
287 0.180874 -0.980964 0.0169104 0.00342269
288 0.197757 -0.977395 0.0168539 0.00371476
289 0.214581 -0.973535 0.0167924 0.00400598
290 0.231342 -0.969383 0.0167258 0.00429626
291 0.248033 -0.964942 0.0166541 0.00458552
292 0.26465 -0.960212 0.0165773 0.00487366
293 0.281188 -0.955195 0.0164956 0.0051606
294 0.297641 -0.949891 0.0164088 0.00544624
295 0.314005 -0.944302 0.016317 0.0057305
296 0.330275 -0.93843 0.0162202 0.00601328
297 0.346446 -0.932276 0.0161185 0.00629451
298 0.362512 -0.925841 0.0160118 0.00657408
299 0.378469 -0.919128 0.0159002 0.0068519
300 0.394312 -0.912137 0.0157838 0.0071279
301 0.410037 -0.904872 0.0156624 0.00740199
302 0.425637 -0.897333 0.0155363 0.00767406
303 0.441109 -0.889524 0.0154053 0.00794405
304 0.456448 -0.881445 0.0152696 0.00821185
305 0.471648 -0.8731 0.0151291 0.00847739
306 0.486706 -0.86449 0.014984 0.00874058
307 0.501616 -0.855619 0.0148341 0.00900132
308 0.516374 -0.846488 0.0146797 0.00925955
309 0.530976 -0.8371 0.0145207 0.00951516
310 0.545416 -0.827457 0.0143571 0.00976808
311 0.55969 -0.817564 0.0141891 0.0100182
312 0.573794 -0.807421 0.0140166 0.0102655
313 0.587723 -0.797033 0.0138397 0.0105099
314 0.601473 -0.786401 0.0136585 0.0107512
315 0.61504 -0.77553 0.0134729 0.0109894
316 0.628419 -0.764422 0.0132831 0.0112244
317 0.641606 -0.753081 0.0130891 0.0114562
318 0.654597 -0.74151 0.012891 0.0116847
319 0.667388 -0.729712 0.0126888 0.0119097
320 0.679975 -0.717691 0.0124826 0.0121312
321 0.692354 -0.70545 0.0122724 0.0123492
322 0.70452 -0.692992 0.0120583 0.0125635
323 0.71647 -0.680322 0.0118404 0.0127741
324 0.728201 -0.667444 0.0116187 0.0129809
325 0.739708 -0.654361 0.0113933 0.0131839
326 0.750987 -0.641076 0.0111643 0.0133829
327 0.762036 -0.627595 0.0109317 0.013578
328 0.772851 -0.61392 0.0106956 0.013769
329 0.783427 -0.600057 0.010456 0.0139558
330 0.793763 -0.586009 0.0102131 0.0141385
331 0.803854 -0.57178 0.00996696 0.0143169
332 0.813697 -0.557375 0.00971758 0.014491
333 0.823289 -0.542798 0.00946507 0.0146607
334 0.832627 -0.528054 0.00920951 0.0148259
335 0.841708 -0.513146 0.00895098 0.0149867
336 0.850529 -0.49808 0.00868956 0.0151429
337 0.859087 -0.48286 0.00842533 0.0152945
338 0.867379 -0.467491 0.00815838 0.0154415
339 0.875404 -0.451977 0.00788878 0.0155837
340 0.883157 -0.436324 0.00761663 0.0157212
341 0.890637 -0.420535 0.00734201 0.0158538
342 0.897841 -0.404616 0.007065 0.0159816
343 0.904767 -0.388572 0.0067857 0.0161045
344 0.911412 -0.372407 0.0065042 0.0162225
345 0.917775 -0.356127 0.00622058 0.0163354
346 0.923854 -0.339736 0.00593493 0.0164434
347 0.929645 -0.32324 0.00564735 0.0165462
348 0.935148 -0.306644 0.00535793 0.016644
349 0.940361 -0.289952 0.00506677 0.0167366
350 0.945282 -0.27317 0.00477395 0.0168241
351 0.949909 -0.256304 0.00447957 0.0169063
352 0.954241 -0.239358 0.00418373 0.0169833
353 0.958276 -0.222337 0.00388652 0.0170551
354 0.962014 -0.205248 0.00358804 0.0171215
355 0.965452 -0.188094 0.00328839 0.0171827
356 0.968591 -0.170882 0.00298766 0.0172385
357 0.971428 -0.153617 0.00268595 0.017289
358 0.973963 -0.136304 0.00238337 0.017334
359 0.976194 -0.118949 0.00208 0.0173738
360 0.978123 -0.101557 0.00177595 0.0174081
361 0.979746 -0.0841331 0.00147132 0.0174369
362 0.981065 -0.0666831 0.00116621 0.0174604
363 0.982079 -0.0492123 0.000860722 0.0174785
364 0.982787 -0.0317262 0.000554948 0.017491
365 0.983189 -0.0142302 0.000248991 0.0174982
