53
892
416
164
229
539
0
354
465
90
609
705
683
434
608
486
380
758
118
343
718
10
226
702
759
615
36
109
119
307
878
335
335
67
689
96
764
511
263
454
281
336
728
146
124
426
247
139
11
42
645
820
541
266
340
796
251
531
824
690
868
526
347
338
303
343
286
860
414
137
651
803
635
224
414
200
839
859
345
499
17
684
540
675
119
483
69
269
560
772
39
761
112
328
343
92
737
705
285
663
586
90
262
390
110
283
51
230
120
849
782
98
804
149
228
397
405
135
719
112
178
46
176
355
16
251
165
48
347
471
166
135
745
366
840
52
896
300
30
547
120
857
485
222
206
300
605
359
377
527
127
518
814
34
129
480
790
575
100
656
530
449
768
535
270
40
857
218
504
795
567
155
21
496
623
581
424
373
564
49
417
860
121
215
298
500
355
713
664
474
65
584
897
331
39
102
490
483
257
787
536
79
181
452
812
246
238
263
595
701
236
558
638
377
406
384
334
158
840
71
525
484
98
101
468
594
96
505
623
9
794
349
728
433
559
209
89
789
222
703
124
522
878
811
276
80
679
178
610
355
554
140
491
295
482
634
207
689
66
786
605
52
118
897
210
774
793
291
504
70
809
173
656
794
768
379
440
175
199
196
649
627
132
720
630
239
165
634
61
116
88
754
786
17
39
195
850
310
342
664
