0 0.099975 -0.025
0.001 0.099925 -0.0499938
0.002 0.09985 -0.074975
0.003 0.0997501 -0.0999375
0.004 0.0996252 -0.124875
0.005 0.0994754 -0.149781
0.006 0.0993008 -0.17465
0.007 0.0991013 -0.199475
0.008 0.0988771 -0.224251
0.009 0.0986281 -0.24897
0.01 0.0983545 -0.273627
0.011 0.0980562 -0.298216
0.012 0.0977335 -0.32273
0.013 0.0973864 -0.347163
0.014 0.0970148 -0.37151
0.015 0.0966191 -0.395763
0.016 0.0961992 -0.419918
0.017 0.0957552 -0.443968
0.018 0.0952873 -0.467907
0.019 0.0947956 -0.491729
0.02 0.0942801 -0.515427
0.021 0.0937411 -0.538997
0.022 0.0931787 -0.562433
0.023 0.092593 -0.585727
0.024 0.0919841 -0.608876
0.025 0.0913522 -0.631872
0.026 0.0906975 -0.65471
0.027 0.0900201 -0.677384
0.028 0.0893202 -0.699889
0.029 0.088598 -0.722219
0.03 0.0878537 -0.744369
0.031 0.0870873 -0.766332
0.032 0.0862992 -0.788104
0.033 0.0854895 -0.809679
0.034 0.0846585 -0.831051
0.035 0.0838063 -0.852216
0.036 0.0829331 -0.873167
0.037 0.0820392 -0.893901
0.038 0.0811248 -0.91441
0.039 0.0801901 -0.934692
0.04 0.0792354 -0.954739
0.041 0.0782608 -0.974548
0.042 0.0772667 -0.994113
0.043 0.0762533 -1.01343
0.044 0.0752208 -1.03249
0.045 0.0741695 -1.0513
0.046 0.0730996 -1.06984
0.047 0.0720115 -1.08812
0.048 0.0709054 -1.10612
0.049 0.0697816 -1.12384
0.05 0.0686403 -1.14129
0.051 0.0674818 -1.15845
0.052 0.0663065 -1.17532
0.053 0.0651146 -1.1919
0.054 0.0639064 -1.20818
0.055 0.0626823 -1.22415
0.056 0.0614425 -1.23982
0.057 0.0601873 -1.25518
0.058 0.058917 -1.27023
0.059 0.0576321 -1.28496
0.06 0.0563327 -1.29937
0.061 0.0550193 -1.31345
0.062 0.0536921 -1.32721
0.063 0.0523514 -1.34063
0.064 0.0509977 -1.35372
0.065 0.0496312 -1.36647
0.066 0.0482524 -1.37887
0.067 0.0468614 -1.39094
0.068 0.0454588 -1.40265
0.069 0.0440448 -1.41402
0.07 0.0426197 -1.42503
0.071 0.041184 -1.43568
0.072 0.0397381 -1.44598
0.073 0.0382822 -1.45591
0.074 0.0368167 -1.46548
0.075 0.035342 -1.47469
0.076 0.0338585 -1.48352
0.077 0.0323665 -1.49199
0.078 0.0308664 -1.50008
0.079 0.0293586 -1.5078
0.08 0.0278435 -1.51514
0.081 0.0263214 -1.5221
0.082 0.0247927 -1.52868
0.083 0.0232578 -1.53488
0.084 0.0217171 -1.54069
0.085 0.020171 -1.54612
0.086 0.0186198 -1.55116
0.087 0.017064 -1.55582
0.088 0.0155039 -1.56008
0.089 0.01394 -1.56396
0.09 0.0123725 -1.56744
0.091 0.010802 -1.57054
0.092 0.00922875 -1.57324
0.093 0.00765321 -1.57555
0.094 0.00607575 -1.57746
0.095 0.00449677 -1.57898
0.096 0.00291667 -1.5801
0.097 0.00133584 -1.58083
0.098 -0.000245327 -1.58116
0.099 -0.00182643 -1.5811
0.1 -0.00340708 -1.58065
0.101 -0.00498687 -1.5798
0.102 -0.00656542 -1.57855
0.103 -0.00814233 -1.57691
0.104 -0.0097172 -1.57487
0.105 -0.0112896 -1.57244
0.106 -0.0128593 -1.56962
0.107 -0.0144257 -1.5664
0.108 -0.0159885 -1.5628
0.109 -0.0175473 -1.5588
0.11 -0.0191017 -1.55441
0.111 -0.0206513 -1.54964
0.112 -0.0221958 -1.54448
0.113 -0.0237347 -1.53893
0.114 -0.0252677 -1.53299
0.115 -0.0267944 -1.52668
0.116 -0.0283144 -1.51998
0.117 -0.0298273 -1.5129
0.118 -0.0313327 -1.50544
0.119 -0.0328303 -1.49761
0.12 -0.0343197 -1.4894
0.121 -0.0358005 -1.48082
0.122 -0.0372724 -1.47187
0.123 -0.038735 -1.46255
0.124 -0.0401878 -1.45287
0.125 -0.0416307 -1.44282
0.126 -0.0430631 -1.43242
0.127 -0.0444847 -1.42165
0.128 -0.0458953 -1.41053
0.129 -0.0472943 -1.39905
0.13 -0.0486815 -1.38723
0.131 -0.0500566 -1.37506
0.132 -0.0514192 -1.36255
0.133 -0.0527688 -1.34969
0.134 -0.0541053 -1.3365
0.135 -0.0554283 -1.32297
0.136 -0.0567374 -1.30912
0.137 -0.0580324 -1.29493
0.138 -0.0593128 -1.28042
0.139 -0.0605784 -1.2656
0.14 -0.0618288 -1.25045
0.141 -0.0630638 -1.23499
0.142 -0.0642831 -1.21923
0.143 -0.0654862 -1.20316
0.144 -0.066673 -1.18679
0.145 -0.0678431 -1.17012
0.146 -0.0689963 -1.15316
0.147 -0.0701322 -1.13591
0.148 -0.0712506 -1.11837
0.149 -0.0723511 -1.10056
0.15 -0.0734336 -1.08247
0.151 -0.0744977 -1.06412
0.152 -0.0755432 -1.04549
0.153 -0.0765698 -1.02661
0.154 -0.0775773 -1.00746
0.155 -0.0785653 -0.988068
0.156 -0.0795338 -0.968427
0.157 -0.0804823 -0.948544
0.158 -0.0814107 -0.928423
0.159 -0.0823188 -0.90807
0.16 -0.0832063 -0.887491
0.161 -0.084073 -0.866689
0.162 -0.0849186 -0.845671
0.163 -0.0857431 -0.824441
0.164 -0.0865461 -0.803005
0.165 -0.0873275 -0.781369
0.166 -0.088087 -0.759537
0.167 -0.0888245 -0.737515
0.168 -0.0895398 -0.715309
0.169 -0.0902327 -0.692924
0.17 -0.0909031 -0.670366
0.171 -0.0915508 -0.64764
0.172 -0.0921755 -0.624753
0.173 -0.0927772 -0.601709
0.174 -0.0933557 -0.578514
0.175 -0.0939109 -0.555175
0.176 -0.0944426 -0.531698
0.177 -0.0949507 -0.508087
0.178 -0.095435 -0.484349
0.179 -0.0958955 -0.460491
0.18 -0.096332 -0.436517
0.181 -0.0967445 -0.412434
0.182 -0.0971327 -0.388248
0.183 -0.0974967 -0.363964
0.184 -0.0978363 -0.33959
0.185 -0.0981514 -0.315131
0.186 -0.098442 -0.290593
0.187 -0.098708 -0.265983
0.188 -0.0989493 -0.241306
0.189 -0.0991659 -0.216569
0.19 -0.0993576 -0.191777
0.191 -0.0995246 -0.166938
0.192 -0.0996666 -0.142057
0.193 -0.0997838 -0.11714
0.194 -0.099876 -0.0921939
0.195 -0.0999432 -0.0672249
0.196 -0.0999854 -0.0422391
0.197 -0.100003 -0.0172428
0.198 -0.0999949 0.0077579
0.199 -0.0999622 0.0327566
0.2 -0.0999044 0.0577472
0.201 -0.0998217 0.0827233
0.202 -0.099714 0.107679
0.203 -0.0995814 0.132607
0.204 -0.0994239 0.157503
0.205 -0.0992415 0.182359
0.206 -0.0990344 0.207169
0.207 -0.0988024 0.231928
0.208 -0.0985458 0.256628
0.209 -0.0982646 0.281265
0.21 -0.0979587 0.305831
0.211 -0.0976284 0.33032
0.212 -0.0972737 0.354727
0.213 -0.0968946 0.379046
0.214 -0.0964914 0.40327
0.215 -0.096064 0.427392
0.216 -0.0956126 0.451408
0.217 -0.0951372 0.475312
0.218 -0.0946382 0.499096
0.219 -0.0941154 0.522755
0.22 -0.0935691 0.546284
0.221 -0.0929994 0.569677
0.222 -0.0924065 0.592926
0.223 -0.0917905 0.616028
0.224 -0.0911515 0.638976
0.225 -0.0904897 0.661764
0.226 -0.0898054 0.684386
0.227 -0.0890985 0.706837
0.228 -0.0883694 0.729112
0.229 -0.0876182 0.751204
0.23 -0.0868451 0.773109
0.231 -0.0860503 0.79482
0.232 -0.0852339 0.816333
0.233 -0.0843963 0.837641
0.234 -0.0835376 0.85874
0.235 -0.0826579 0.879625
0.236 -0.0817576 0.900289
0.237 -0.0808369 0.920728
0.238 -0.079896 0.940938
0.239 -0.0789351 0.960912
0.24 -0.0779544 0.980645
0.241 -0.0769543 1.00013
0.242 -0.0759349 1.01937
0.243 -0.0748966 1.03836
0.244 -0.0738395 1.05708
0.245 -0.0727639 1.07554
0.246 -0.0716702 1.09373
0.247 -0.0705586 1.11165
0.248 -0.0694293 1.12929
0.249 -0.0682826 1.14665
0.25 -0.0671189 1.16372
0.251 -0.0659384 1.1805
0.252 -0.0647414 1.19698
0.253 -0.0635283 1.21317
0.254 -0.0622992 1.22905
0.255 -0.0610546 1.24462
0.256 -0.0597947 1.25989
0.257 -0.0585199 1.27484
0.258 -0.0572304 1.28947
0.259 -0.0559266 1.30377
0.26 -0.0546089 1.31775
0.261 -0.0532775 1.33141
0.262 -0.0519327 1.34473
0.263 -0.050575 1.35771
0.264 -0.0492047 1.37035
0.265 -0.047822 1.38265
0.266 -0.0464274 1.39461
0.267 -0.0450212 1.40622
0.268 -0.0436037 1.41747
0.269 -0.0421754 1.42837
0.27 -0.0407364 1.43892
0.271 -0.0392873 1.4491
0.272 -0.0378284 1.45892
0.273 -0.03636 1.46838
0.274 -0.0348826 1.47747
0.275 -0.0333964 1.48619
0.276 -0.0319018 1.49454
0.277 -0.0303993 1.50252
0.278 -0.0288892 1.51011
0.279 -0.0273719 1.51734
0.28 -0.0258477 1.52418
0.281 -0.024317 1.53064
0.282 -0.0227803 1.53672
0.283 -0.0212379 1.54242
0.284 -0.0196902 1.54773
0.285 -0.0181375 1.55265
0.286 -0.0165804 1.55718
0.287 -0.015019 1.56133
0.288 -0.0134539 1.56508
0.289 -0.0118855 1.56845
0.29 -0.0103141 1.57142
0.291 -0.00874008 1.574
0.292 -0.0071639 1.57618
0.293 -0.00558593 1.57797
0.294 -0.00400656 1.57937
0.295 -0.00242619 1.58037
0.296 -0.000845212 1.58098
0.297 0.000735976 1.58119
0.298 0.00231698 1.581
0.299 0.0038974 1.58042
0.3 0.00547685 1.57945
0.301 0.00705494 1.57808
0.302 0.00863125 1.57632
0.303 0.0102054 1.57416
0.304 0.011777 1.57161
0.305 0.0133457 1.56866
0.306 0.014911 1.56533
0.307 0.0164726 1.5616
0.308 0.0180301 1.55748
0.309 0.0195831 1.55297
0.31 0.0211311 1.54808
0.311 0.0226739 1.5428
0.312 0.0242111 1.53713
0.313 0.0257421 1.53107
0.314 0.0272668 1.52464
0.315 0.0287846 1.51782
0.316 0.0302952 1.51063
0.317 0.0317983 1.50305
0.318 0.0332934 1.4951
0.319 0.0347802 1.48678
0.32 0.0362582 1.47808
0.321 0.0377273 1.46902
0.322 0.0391869 1.45959
0.323 0.0406366 1.44979
0.324 0.0420763 1.43963
0.325 0.0435054 1.42911
0.326 0.0449236 1.41824
0.327 0.0463306 1.40701
0.328 0.0477261 1.39542
0.329 0.0491096 1.38349
0.33 0.0504808 1.37121
0.331 0.0518394 1.35859
0.332 0.053185 1.34563
0.333 0.0545173 1.33234
0.334 0.055836 1.31871
0.335 0.0571408 1.30475
0.336 0.0584313 1.29046
0.337 0.0597071 1.27586
0.338 0.060968 1.26093
0.339 0.0622137 1.24569
0.34 0.0634439 1.23013
0.341 0.0646581 1.21427
0.342 0.0658562 1.19811
0.343 0.0670379 1.18164
0.344 0.0682028 1.16489
0.345 0.0693506 1.14783
0.346 0.0704811 1.1305
0.347 0.071594 1.11288
0.348 0.072689 1.09498
0.349 0.0737658 1.07681
0.35 0.0748241 1.05836
0.351 0.0758638 1.03966
0.352 0.0768845 1.02069
0.353 0.077886 1.00147
0.354 0.078868 0.982
0.355 0.0798302 0.962283
0.356 0.0807726 0.942325
0.357 0.0816947 0.922132
0.358 0.0825964 0.901708
0.359 0.0834775 0.881059
0.36 0.0843376 0.86019
0.361 0.0851768 0.839106
0.362 0.0859946 0.817811
0.363 0.0867909 0.796313
0.364 0.0875655 0.774615
0.365 0.0883182 0.752724
0.366 0.0890489 0.730644
0.367 0.0897572 0.708382
0.368 0.0904432 0.685943
0.369 0.0911065 0.663332
0.37 0.0917471 0.640555
0.371 0.0923647 0.617618
0.372 0.0929592 0.594527
0.373 0.0935305 0.571287
0.374 0.0940784 0.547905
0.375 0.0946028 0.524385
0.376 0.0951035 0.500734
0.377 0.0955805 0.476959
0.378 0.0960336 0.453063
0.379 0.0964626 0.429055
0.38 0.0968675 0.404939
0.381 0.0972483 0.380723
0.382 0.0976047 0.35641
0.383 0.0979367 0.332009
0.384 0.0982442 0.307525
0.385 0.0985272 0.282964
0.386 0.0987855 0.258332
0.387 0.0990191 0.233636
0.388 0.099228 0.208881
0.389 0.0994121 0.184074
0.39 0.0995713 0.159221
0.391 0.0997057 0.134328
0.392 0.0998151 0.109402
0.393 0.0998995 0.0844481
0.394 0.099959 0.0594732
0.395 0.0999935 0.0344835
0.396 0.100003 0.00948512
0.397 0.0999874 -0.0155156
0.398 0.0999469 -0.0405125
0.399 0.0998814 -0.0654992
0.4 0.0997909 -0.0904696
0.401 0.0996755 -0.115417
0.402 0.0995352 -0.140336
0.403 0.09937 -0.16522
0.404 0.0991799 -0.190062
0.405 0.0989651 -0.214857
0.406 0.0987255 -0.239599
0.407 0.0984612 -0.26428
0.408 0.0981723 -0.288895
0.409 0.0978588 -0.313438
0.41 0.0975209 -0.337903
0.411 0.0971587 -0.362283
0.412 0.0967721 -0.386573
0.413 0.0963613 -0.410766
0.414 0.0959265 -0.434856
0.415 0.0954676 -0.458838
0.416 0.0949849 -0.482705
0.417 0.0944785 -0.506451
0.418 0.0939484 -0.530071
0.419 0.0933948 -0.553558
0.42 0.0928179 -0.576907
0.421 0.0922178 -0.600111
0.422 0.0915947 -0.623166
0.423 0.0909486 -0.646064
0.424 0.0902798 -0.668801
0.425 0.0895884 -0.691371
0.426 0.0888746 -0.713768
0.427 0.0881387 -0.735987
0.428 0.0873806 -0.758022
0.429 0.0866008 -0.779867
0.43 0.0857993 -0.801517
0.431 0.0849763 -0.822967
0.432 0.0841321 -0.844211
0.433 0.0832668 -0.865244
0.434 0.0823808 -0.886061
0.435 0.0814741 -0.906656
0.436 0.0805471 -0.927024
0.437 0.0795999 -0.947161
0.438 0.0786329 -0.967061
0.439 0.0776462 -0.986719
0.44 0.07664 -1.00613
0.441 0.0756147 -1.02529
0.442 0.0745705 -1.04419
0.443 0.0735077 -1.06284
0.444 0.0724265 -1.08121
0.445 0.0713272 -1.09932
0.446 0.07021 -1.11715
0.447 0.0690753 -1.13471
0.448 0.0679233 -1.15197
0.449 0.0667544 -1.16895
0.45 0.0655687 -1.18564
0.451 0.0643667 -1.20204
0.452 0.0631486 -1.21813
0.453 0.0619147 -1.23391
0.454 0.0606653 -1.24939
0.455 0.0594007 -1.26456
0.456 0.0581213 -1.27941
0.457 0.0568274 -1.29394
0.458 0.0555192 -1.30815
0.459 0.0541972 -1.32203
0.46 0.0528616 -1.33558
0.461 0.0515128 -1.34879
0.462 0.0501511 -1.36167
0.463 0.0487769 -1.37421
0.464 0.0473905 -1.3864
0.465 0.0459923 -1.39825
0.466 0.0445825 -1.40975
0.467 0.0431616 -1.42089
0.468 0.04173 -1.43168
0.469 0.0402878 -1.44212
0.47 0.0388357 -1.45219
0.471 0.0373738 -1.4619
0.472 0.0359025 -1.47124
0.473 0.0344223 -1.48022
0.474 0.0329335 -1.48882
0.475 0.0314364 -1.49705
0.476 0.0299315 -1.50491
0.477 0.0284191 -1.5124
0.478 0.0268996 -1.5195
0.479 0.0253734 -1.52623
0.48 0.0238408 -1.53257
0.481 0.0223023 -1.53853
0.482 0.0207582 -1.54411
0.483 0.0192089 -1.54929
0.484 0.0176548 -1.5541
0.485 0.0160963 -1.55851
0.486 0.0145338 -1.56253
0.487 0.0129676 -1.56617
0.488 0.0113982 -1.56941
0.489 0.00982592 -1.57226
0.49 0.0082512 -1.57472
0.491 0.00667442 -1.57678
0.492 0.00509597 -1.57845
0.493 0.00351625 -1.57972
0.494 0.00193565 -1.5806
0.495 0.000354567 -1.58108
0.496 -0.00122661 -1.58117
0.497 -0.00280747 -1.58087
0.498 -0.00438764 -1.58016
0.499 -0.00596671 -1.57907
0.5 -0.00754428 -1.57758
0.501 -0.00911997 -1.57569
0.502 -0.0106934 -1.57341
0.503 -0.0122641 -1.57074
0.504 -0.0138318 -1.56767
0.505 -0.015396 -1.56421
0.506 -0.0169564 -1.56036
0.507 -0.0185125 -1.55612
0.508 -0.020064 -1.5515
0.509 -0.0216105 -1.54648
0.51 -0.0231515 -1.54108
0.511 -0.0246868 -1.53529
0.512 -0.026216 -1.52912
0.513 -0.0277385 -1.52256
0.514 -0.0292541 -1.51563
0.515 -0.0307625 -1.50832
0.516 -0.0322631 -1.50063
0.517 -0.0337556 -1.49256
0.518 -0.0352398 -1.48412
0.519 -0.0367151 -1.47531
0.52 -0.0381812 -1.46613
0.521 -0.0396378 -1.45659
0.522 -0.0410845 -1.44668
0.523 -0.0425209 -1.43641
0.524 -0.0439467 -1.42578
0.525 -0.0453614 -1.41479
0.526 -0.0467649 -1.40345
0.527 -0.0481567 -1.39176
0.528 -0.0495364 -1.37972
0.529 -0.0509037 -1.36733
0.53 -0.0522583 -1.35461
0.531 -0.0535999 -1.34154
0.532 -0.054928 -1.32814
0.533 -0.0562424 -1.31441
0.534 -0.0575428 -1.30035
0.535 -0.0588287 -1.28597
0.536 -0.0601 -1.27126
0.537 -0.0613562 -1.25623
0.538 -0.0625971 -1.24089
0.539 -0.0638224 -1.22525
0.54 -0.0650317 -1.20929
0.541 -0.0662247 -1.19303
0.542 -0.0674012 -1.17648
0.543 -0.0685608 -1.15963
0.544 -0.0697033 -1.14249
0.545 -0.0708283 -1.12506
0.546 -0.0719357 -1.10735
0.547 -0.0730251 -1.08937
0.548 -0.0740962 -1.07111
0.549 -0.0751488 -1.05259
0.55 -0.0761826 -1.0338
0.551 -0.0771973 -1.01476
0.552 -0.0781928 -0.995456
0.553 -0.0791687 -0.975908
0.554 -0.0801248 -0.956115
0.555 -0.0810609 -0.936084
0.556 -0.0819767 -0.915819
0.557 -0.082872 -0.895325
0.558 -0.0837466 -0.874607
0.559 -0.0846003 -0.85367
0.56 -0.0854328 -0.83252
0.561 -0.086244 -0.811162
0.562 -0.0870336 -0.789601
0.563 -0.0878014 -0.767843
0.564 -0.0885473 -0.745892
0.565 -0.0892711 -0.723755
0.566 -0.0899725 -0.701438
0.567 -0.0906514 -0.678944
0.568 -0.0913077 -0.656282
0.569 -0.0919412 -0.633455
0.57 -0.0925517 -0.610469
0.571 -0.093139 -0.587331
0.572 -0.093703 -0.564047
0.573 -0.0942437 -0.540621
0.574 -0.0947607 -0.51706
0.575 -0.0952541 -0.49337
0.576 -0.0957236 -0.469556
0.577 -0.0961693 -0.445625
0.578 -0.0965908 -0.421583
0.579 -0.0969883 -0.397435
0.58 -0.0973615 -0.373188
0.581 -0.0977103 -0.348848
0.582 -0.0980347 -0.32442
0.583 -0.0983347 -0.299912
0.584 -0.09861 -0.275328
0.585 -0.0988607 -0.250676
0.586 -0.0990866 -0.22596
0.587 -0.0992878 -0.201189
0.588 -0.0994642 -0.176367
0.589 -0.0996157 -0.151501
0.59 -0.0997423 -0.126597
0.591 -0.0998439 -0.101661
0.592 -0.0999206 -0.0767003
0.593 -0.0999723 -0.0517201
0.594 -0.0999991 -0.026727
0.595 -0.100001 -0.00172724
0.596 -0.0999775 0.023273
0.597 -0.0999293 0.0482673
0.598 -0.099856 0.0732497
0.599 -0.0997578 0.0982137
0.6 -0.0996346 0.123153
0.601 -0.0994866 0.148062
0.602 -0.0993137 0.172933
0.603 -0.0991159 0.197762
0.604 -0.0988933 0.222541
0.605 -0.0986461 0.247264
0.606 -0.0983742 0.271926
0.607 -0.0980776 0.296519
0.608 -0.0977566 0.321039
0.609 -0.0974111 0.345478
0.61 -0.0970413 0.369831
0.611 -0.0966472 0.394091
0.612 -0.0962289 0.418253
0.613 -0.0957866 0.44231
0.614 -0.0953204 0.466257
0.615 -0.0948303 0.490087
0.616 -0.0943165 0.513794
0.617 -0.0937791 0.537373
0.618 -0.0932183 0.560818
0.619 -0.0926342 0.584123
0.62 -0.0920269 0.607281
0.621 -0.0913966 0.630288
0.622 -0.0907435 0.653137
0.623 -0.0900677 0.675823
0.624 -0.0893693 0.69834
0.625 -0.0886486 0.720682
0.626 -0.0879058 0.742844
0.627 -0.087141 0.764821
0.628 -0.0863544 0.786606
0.629 -0.0855462 0.808195
0.63 -0.0847166 0.829581
0.631 -0.0838658 0.85076
0.632 -0.0829941 0.871727
0.633 -0.0821016 0.892475
0.634 -0.0811886 0.913001
0.635 -0.0802553 0.933298
0.636 -0.079302 0.953362
0.637 -0.0783288 0.973187
0.638 -0.077336 0.992769
0.639 -0.0763239 1.0121
0.64 -0.0752927 1.03118
0.641 -0.0742427 1.05001
0.642 -0.0731741 1.06857
0.643 -0.0720873 1.08686
0.644 -0.0709824 1.10488
0.645 -0.0698598 1.12263
0.646 -0.0687197 1.14009
0.647 -0.0675624 1.15727
0.648 -0.0663882 1.17416
0.649 -0.0651975 1.19076
0.65 -0.0639904 1.20706
0.651 -0.0627674 1.22306
0.652 -0.0615286 1.23875
0.653 -0.0602745 1.25413
0.654 -0.0590053 1.2692
0.655 -0.0577213 1.28395
0.656 -0.0564229 1.29838
0.657 -0.0551104 1.31249
0.658 -0.0537842 1.32627
0.659 -0.0524445 1.33971
0.66 -0.0510916 1.35282
0.661 -0.049726 1.3656
0.662 -0.048348 1.37803
0.663 -0.0469579 1.39011
0.664 -0.0455561 1.40185
0.665 -0.0441428 1.41324
0.666 -0.0427185 1.42428
0.667 -0.0412836 1.43496
0.668 -0.0398383 1.44528
0.669 -0.0383831 1.45524
0.67 -0.0369182 1.46483
0.671 -0.0354442 1.47406
0.672 -0.0339612 1.48293
0.673 -0.0324698 1.49142
0.674 -0.0309703 1.49953
0.675 -0.029463 1.50728
0.676 -0.0279484 1.51464
0.677 -0.0264267 1.52163
0.678 -0.0248985 1.52824
0.679 -0.023364 1.53446
0.68 -0.0218237 1.5403
0.681 -0.020278 1.54576
0.682 -0.0187271 1.55083
0.683 -0.0171716 1.55551
0.684 -0.0156118 1.5598
0.685 -0.0140481 1.5637
0.686 -0.0124809 1.56722
0.687 -0.0109106 1.57034
0.688 -0.00933752 1.57306
0.689 -0.00776212 1.5754
0.69 -0.00618478 1.57734
0.691 -0.0046059 1.57889
0.692 -0.00302586 1.58004
0.693 -0.00144507 1.58079
0.694 0.000136087 1.58115
0.695 0.00171721 1.58112
0.696 0.0032979 1.58069
0.697 0.00487777 1.57987
0.698 0.00645641 1.57865
0.699 0.00803345 1.57703
0.7 0.00960847 1.57502
0.701 0.0111811 1.57262
0.702 0.0127509 1.56983
0.703 0.0143176 1.56664
0.704 0.0158806 1.56306
0.705 0.0174397 1.55909
0.706 0.0189944 1.55473
0.707 0.0205444 1.54998
0.708 0.0220893 1.54485
0.709 0.0236286 1.53932
0.71 0.025162 1.53342
0.711 0.0266891 1.52713
0.712 0.0282096 1.52045
0.713 0.029723 1.5134
0.714 0.031229 1.50597
0.715 0.0327271 1.49816
0.716 0.0342171 1.48998
0.717 0.0356985 1.48143
0.718 0.037171 1.4725
0.719 0.0386342 1.46321
0.72 0.0400878 1.45355
0.721 0.0415313 1.44353
0.722 0.0429645 1.43315
0.723 0.0443869 1.4224
0.724 0.0457982 1.41131
0.725 0.047198 1.39986
0.726 0.0485861 1.38806
0.727 0.049962 1.37591
0.728 0.0513254 1.36342
0.729 0.052676 1.35059
0.73 0.0540134 1.33742
0.731 0.0553374 1.32392
0.732 0.0566474 1.31008
0.733 0.0579434 1.29592
0.734 0.0592248 1.28144
0.735 0.0604914 1.26663
0.736 0.0617429 1.25151
0.737 0.062979 1.23607
0.738 0.0641993 1.22033
0.739 0.0654036 1.20428
0.74 0.0665915 1.18793
0.741 0.0677628 1.17128
0.742 0.0689172 1.15434
0.743 0.0700543 1.13711
0.744 0.0711739 1.11959
0.745 0.0722757 1.1018
0.746 0.0733594 1.08373
0.747 0.0744248 1.06539
0.748 0.0754716 1.04679
0.749 0.0764995 1.02792
0.75 0.0775083 1.00879
0.751 0.0784977 0.989416
0.752 0.0794675 0.969792
0.753 0.0804174 0.949925
0.754 0.0813472 0.929821
0.755 0.0822567 0.909484
0.756 0.0831456 0.88892
0.757 0.0840138 0.868133
0.758 0.0848609 0.84713
0.759 0.0856868 0.825915
0.76 0.0864913 0.804493
0.761 0.0872742 0.78287
0.762 0.0880352 0.761052
0.763 0.0887743 0.739043
0.764 0.0894911 0.716849
0.765 0.0901856 0.694476
0.766 0.0908575 0.67193
0.767 0.0915067 0.649216
0.768 0.0921331 0.626339
0.769 0.0927364 0.603306
0.77 0.0933165 0.580122
0.771 0.0938733 0.556792
0.772 0.0944066 0.533324
0.773 0.0949163 0.509722
0.774 0.0954023 0.485993
0.775 0.0958645 0.462143
0.776 0.0963027 0.438177
0.777 0.0967168 0.414101
0.778 0.0971067 0.389922
0.779 0.0974723 0.365645
0.78 0.0978136 0.341277
0.781 0.0981304 0.316824
0.782 0.0984227 0.292291
0.783 0.0986904 0.267685
0.784 0.0989334 0.243013
0.785 0.0991517 0.218279
0.786 0.0993452 0.193491
0.787 0.0995138 0.168655
0.788 0.0996576 0.143777
0.789 0.0997765 0.118862
0.79 0.0998704 0.0939182
0.791 0.0999394 0.0689506
0.792 0.0999833 0.0439657
0.793 0.100002 0.0189699
0.794 0.0999963 -0.00603068
0.795 0.0999652 -0.0310297
0.796 0.0999092 -0.0560211
0.797 0.0998282 -0.0809984
0.798 0.0997223 -0.105955
0.799 0.0995914 -0.130886
0.8 0.0994356 -0.155784
0.801 0.0992549 -0.180643
0.802 0.0990495 -0.205456
0.803 0.0988193 -0.230219
0.804 0.0985643 -0.254924
0.805 0.0982848 -0.279565
0.806 0.0979806 -0.304136
0.807 0.097652 -0.328631
0.808 0.097299 -0.353044
0.809 0.0969216 -0.377369
0.81 0.09652 -0.401599
0.811 0.0960943 -0.425729
0.812 0.0956445 -0.449753
0.813 0.0951709 -0.473664
0.814 0.0946734 -0.497457
0.815 0.0941523 -0.521125
0.816 0.0936076 -0.544663
0.817 0.0930395 -0.568065
0.818 0.0924482 -0.591325
0.819 0.0918338 -0.614437
0.82 0.0911964 -0.637395
0.821 0.0905362 -0.660194
0.822 0.0898534 -0.682828
0.823 0.0891481 -0.705292
0.824 0.0884205 -0.727579
0.825 0.0876708 -0.749684
0.826 0.0868992 -0.771602
0.827 0.0861059 -0.793326
0.828 0.085291 -0.814853
0.829 0.0844549 -0.836176
0.83 0.0835976 -0.857289
0.831 0.0827194 -0.878189
0.832 0.0818205 -0.898869
0.833 0.0809012 -0.919324
0.834 0.0799616 -0.939549
0.835 0.0790021 -0.959539
0.836 0.0780228 -0.97929
0.837 0.077024 -0.998796
0.838 0.076006 -1.01805
0.839 0.0749689 -1.03705
0.84 0.0739131 -1.0558
0.841 0.0728388 -1.07427
0.842 0.0717463 -1.09248
0.843 0.0706359 -1.11042
0.844 0.0695079 -1.12808
0.845 0.0683624 -1.14546
0.846 0.0671998 -1.16255
0.847 0.0660205 -1.17935
0.848 0.0648246 -1.19585
0.849 0.0636126 -1.21206
0.85 0.0623846 -1.22796
0.851 0.0611411 -1.24356
0.852 0.0598822 -1.25884
0.853 0.0586084 -1.27381
0.854 0.05732 -1.28846
0.855 0.0560172 -1.30279
0.856 0.0547004 -1.3168
0.857 0.0533699 -1.33047
0.858 0.0520261 -1.34382
0.859 0.0506692 -1.35682
0.86 0.0492998 -1.36949
0.861 0.0479179 -1.38182
0.862 0.0465241 -1.3938
0.863 0.0451187 -1.40543
0.864 0.043702 -1.41671
0.865 0.0422744 -1.42763
0.866 0.0408362 -1.4382
0.867 0.0393878 -1.44841
0.868 0.0379295 -1.45826
0.869 0.0364618 -1.46774
0.87 0.0349849 -1.47685
0.871 0.0334993 -1.4856
0.872 0.0320053 -1.49397
0.873 0.0305034 -1.50198
0.874 0.0289938 -1.5096
0.875 0.0274769 -1.51685
0.876 0.0259532 -1.52372
0.877 0.024423 -1.53021
0.878 0.0228867 -1.53631
0.879 0.0213446 -1.54204
0.88 0.0197973 -1.54737
0.881 0.018245 -1.55232
0.882 0.0166881 -1.55688
0.883 0.015127 -1.56105
0.884 0.0135622 -1.56484
0.885 0.011994 -1.56823
0.886 0.0104227 -1.57122
0.887 0.0088489 -1.57383
0.888 0.00727286 -1.57604
0.889 0.00569499 -1.57786
0.89 0.00411571 -1.57928
0.891 0.0025354 -1.58031
0.892 0.000954448 -1.58095
0.893 -0.000626738 -1.58119
0.894 -0.00220777 -1.58103
0.895 -0.00378824 -1.58048
0.896 -0.00536778 -1.57953
0.897 -0.00694596 -1.57819
0.898 -0.00852242 -1.57645
0.899 -0.0100967 -1.57432
0.9 -0.0116685 -1.5718
0.901 -0.0132374 -1.56888
0.902 -0.014803 -1.56557
0.903 -0.0163649 -1.56187
0.904 -0.0179226 -1.55778
0.905 -0.0194759 -1.5533
0.906 -0.0210244 -1.54843
0.907 -0.0225675 -1.54317
0.908 -0.0241051 -1.53753
0.909 -0.0256366 -1.5315
0.91 -0.0271617 -1.5251
0.911 -0.02868 -1.51831
0.912 -0.0301911 -1.51114
0.913 -0.0316947 -1.50359
0.914 -0.0331904 -1.49566
0.915 -0.0346777 -1.48737
0.916 -0.0361564 -1.4787
0.917 -0.0376261 -1.46966
0.918 -0.0390863 -1.46025
0.919 -0.0405368 -1.45048
0.92 -0.0419772 -1.44035
0.921 -0.043407 -1.42985
0.922 -0.044826 -1.419
0.923 -0.0462338 -1.40779
0.924 -0.04763 -1.39623
0.925 -0.0490144 -1.38433
0.926 -0.0503864 -1.37207
0.927 -0.0517459 -1.35948
0.928 -0.0530925 -1.34654
0.929 -0.0544257 -1.33327
0.93 -0.0557454 -1.31966
0.931 -0.0570511 -1.30572
0.932 -0.0583426 -1.29146
0.933 -0.0596194 -1.27688
0.934 -0.0608814 -1.26197
0.935 -0.0621282 -1.24675
0.936 -0.0633594 -1.23122
0.937 -0.0645748 -1.21538
0.938 -0.065774 -1.19924
0.939 -0.0669568 -1.18279
0.94 -0.0681228 -1.16605
0.941 -0.0692719 -1.14902
0.942 -0.0704036 -1.1317
0.943 -0.0715177 -1.1141
0.944 -0.0726139 -1.09622
0.945 -0.073692 -1.07807
0.946 -0.0747516 -1.05965
0.947 -0.0757926 -1.04096
0.948 -0.0768146 -1.02201
0.949 -0.0778174 -1.00281
0.95 -0.0788007 -0.983353
0.951 -0.0797644 -0.963653
0.952 -0.0807081 -0.943712
0.953 -0.0816316 -0.923535
0.954 -0.0825348 -0.903127
0.955 -0.0834173 -0.882493
0.956 -0.0842789 -0.861639
0.957 -0.0851195 -0.840569
0.958 -0.0859388 -0.819289
0.959 -0.0867366 -0.797805
0.96 -0.0875127 -0.77612
0.961 -0.0882669 -0.754242
0.962 -0.0889991 -0.732175
0.963 -0.089709 -0.709926
0.964 -0.0903965 -0.687498
0.965 -0.0910614 -0.664899
0.966 -0.0917036 -0.642134
0.967 -0.0923228 -0.619208
0.968 -0.0929189 -0.596127
0.969 -0.0934918 -0.572898
0.97 -0.0940413 -0.549525
0.971 -0.0945673 -0.526014
0.972 -0.0950697 -0.502373
0.973 -0.0955483 -0.478605
0.974 -0.096003 -0.454718
0.975 -0.0964337 -0.430717
0.976 -0.0968403 -0.406609
0.977 -0.0972227 -0.382399
0.978 -0.0975808 -0.358093
0.979 -0.0979145 -0.333698
0.98 -0.0982238 -0.309219
0.981 -0.0985084 -0.284663
0.982 -0.0987685 -0.260036
0.983 -0.0990038 -0.235344
0.984 -0.0992144 -0.210593
0.985 -0.0994002 -0.18579
0.986 -0.0995611 -0.160939
0.987 -0.0996972 -0.136049
0.988 -0.0998083 -0.111125
0.989 -0.0998945 -0.0861728
0.99 -0.0999557 -0.0611992
0.991 -0.0999919 -0.0362103
0.992 -0.100003 -0.0112123
0.993 -0.0999893 0.0137885
0.994 -0.0999505 0.0387858
0.995 -0.0998867 0.0637734
0.996 -0.099798 0.0887451
0.997 -0.0996843 0.113695
0.998 -0.0995457 0.138616
0.999 -0.0993822 0.163502
1 -0.0991938 0.188348
1.001 -0.0989807 0.213146
1.002 -0.0987428 0.237891
1.003 -0.0984802 0.262577
1.004 -0.098193 0.287197
1.005 -0.0978813 0.311745
1.006 -0.0975451 0.336216
1.007 -0.0971845 0.360602
1.008 -0.0967996 0.384898
1.009 -0.0963905 0.409098
1.01 -0.0959573 0.433195
1.011 -0.0955001 0.457185
1.012 -0.095019 0.48106
1.013 -0.0945142 0.504815
1.014 -0.0939858 0.528443
1.015 -0.0934338 0.55194
1.016 -0.0928585 0.575298
1.017 -0.09226 0.598513
1.018 -0.0916384 0.621578
1.019 -0.090994 0.644487
1.02 -0.0903267 0.667236
1.021 -0.0896369 0.689817
1.022 -0.0889247 0.712227
1.023 -0.0881902 0.734458
1.024 -0.0874337 0.756505
1.025 -0.0866553 0.778364
1.026 -0.0858553 0.800028
1.027 -0.0850338 0.821492
1.028 -0.0841911 0.84275
1.029 -0.0833273 0.863798
1.03 -0.0824427 0.88463
1.031 -0.0815374 0.90524
1.032 -0.0806118 0.925625
1.033 -0.079666 0.945778
1.034 -0.0787003 0.965694
1.035 -0.0777149 0.985369
1.036 -0.0767101 1.0048
1.037 -0.0756862 1.02398
1.038 -0.0746433 1.0429
1.039 -0.0735817 1.06156
1.04 -0.0725018 1.07995
1.041 -0.0714037 1.09808
1.042 -0.0702878 1.11593
1.043 -0.0691543 1.1335
1.044 -0.0680035 1.15079
1.045 -0.0668357 1.16779
1.046 -0.0656512 1.1845
1.047 -0.0644503 1.20091
1.048 -0.0632332 1.21703
1.049 -0.0620004 1.23283
1.05 -0.0607521 1.24833
1.051 -0.0594885 1.26352
1.052 -0.0582102 1.27839
1.053 -0.0569172 1.29295
1.054 -0.05561 1.30718
1.055 -0.054289 1.32108
1.056 -0.0529543 1.33465
1.057 -0.0516064 1.34789
1.058 -0.0502456 1.36079
1.059 -0.0488723 1.37335
1.06 -0.0474867 1.38557
1.061 -0.0460893 1.39744
1.062 -0.0446803 1.40896
1.063 -0.0432602 1.42013
1.064 -0.0418292 1.43095
1.065 -0.0403878 1.44141
1.066 -0.0389363 1.4515
1.067 -0.0374751 1.46124
1.068 -0.0360045 1.47061
1.069 -0.0345249 1.47961
1.07 -0.0330366 1.48824
1.071 -0.0315401 1.4965
1.072 -0.0300357 1.50438
1.073 -0.0285238 1.51189
1.074 -0.0270048 1.51902
1.075 -0.025479 1.52577
1.076 -0.0239469 1.53214
1.077 -0.0224088 1.53813
1.078 -0.020865 1.54373
1.079 -0.0193161 1.54895
1.08 -0.0177623 1.55378
1.081 -0.0162041 1.55822
1.082 -0.0146418 1.56227
1.083 -0.0130759 1.56593
1.084 -0.0115067 1.5692
1.085 -0.00993462 1.57208
1.086 -0.00836006 1.57456
1.087 -0.00678341 1.57665
1.088 -0.00520507 1.57835
1.089 -0.00362542 1.57965
1.09 -0.00204487 1.58055
1.091 -0.000463806 1.58106
1.092 0.00111737 1.58118
1.093 0.00269827 1.5809
1.094 0.0042785 1.58023
1.095 0.00585766 1.57916
1.096 0.00743535 1.57769
1.097 0.00901118 1.57583
1.098 0.0105848 1.57358
1.099 0.0121557 1.57093
1.1 0.0137236 1.5679
1.101 0.0152881 1.56446
1.102 0.0168487 1.56064
1.103 0.0184051 1.55643
1.104 0.019957 1.55183
1.105 0.0215038 1.54684
1.106 0.0230453 1.54146
1.107 0.024581 1.5357
1.108 0.0261105 1.52956
1.109 0.0276335 1.52303
1.11 0.0291497 1.51612
1.111 0.0306585 1.50883
1.112 0.0321597 1.50117
1.113 0.0336528 1.49313
1.114 0.0351375 1.48472
1.115 0.0366134 1.47593
1.116 0.0380802 1.46678
1.117 0.0395375 1.45726
1.118 0.0409849 1.44737
1.119 0.042422 1.43713
1.12 0.0438485 1.42652
1.121 0.0452641 1.41556
1.122 0.0466683 1.40424
1.123 0.0480609 1.39258
1.124 0.0494414 1.38056
1.125 0.0508096 1.3682
1.126 0.0521651 1.3555
1.127 0.0535076 1.34246
1.128 0.0548367 1.32908
1.129 0.0561521 1.31537
1.13 0.0574534 1.30133
1.131 0.0587404 1.28697
1.132 0.0600126 1.27228
1.133 0.0612699 1.25728
1.134 0.0625119 1.24196
1.135 0.0637382 1.22634
1.136 0.0649486 1.2104
1.137 0.0661428 1.19416
1.138 0.0673204 1.17763
1.139 0.0684812 1.1608
1.14 0.0696249 1.14368
1.141 0.0707512 1.12627
1.142 0.0718598 1.10858
1.143 0.0729504 1.09062
1.144 0.0740228 1.07238
1.145 0.0750766 1.05388
1.146 0.0761117 1.03511
1.147 0.0771278 1.01608
1.148 0.0781246 0.996797
1.149 0.0791019 0.977266
1.15 0.0800594 0.957491
1.151 0.0809969 0.937476
1.152 0.0819141 0.917227
1.153 0.0828108 0.896748
1.154 0.0836869 0.876045
1.155 0.084542 0.855124
1.156 0.085376 0.833988
1.157 0.0861886 0.812644
1.158 0.0869797 0.791097
1.159 0.0877491 0.769352
1.16 0.0884965 0.747415
1.161 0.0892218 0.725291
1.162 0.0899248 0.702985
1.163 0.0906053 0.680504
1.164 0.0912631 0.657853
1.165 0.0918982 0.635037
1.166 0.0925102 0.612062
1.167 0.0930992 0.588935
1.168 0.0936648 0.56566
1.169 0.0942071 0.542244
1.17 0.0947258 0.518692
1.171 0.0952208 0.495011
1.172 0.095692 0.471205
1.173 0.0961392 0.447282
1.174 0.0965625 0.423248
1.175 0.0969616 0.399107
1.176 0.0973365 0.374867
1.177 0.097687 0.350532
1.178 0.0980131 0.326111
1.179 0.0983147 0.301607
1.18 0.0985917 0.277029
1.181 0.0988441 0.252381
1.182 0.0990718 0.22767
1.183 0.0992747 0.202902
1.184 0.0994528 0.178083
1.185 0.099606 0.15322
1.186 0.0997343 0.128318
1.187 0.0998377 0.103385
1.188 0.0999161 0.0784254
1.189 0.0999696 0.0534464
1.19 0.099998 0.028454
1.191 0.100001 0.00345448
1.192 0.0999799 -0.0215459
1.193 0.0999334 -0.0465409
1.194 0.0998619 -0.0715242
1.195 0.0997654 -0.0964897
1.196 0.099644 -0.121431
1.197 0.0994976 -0.146342
1.198 0.0993264 -0.171216
1.199 0.0991304 -0.196048
1.2 0.0989095 -0.220831
1.201 0.098664 -0.245558
1.202 0.0983937 -0.270224
1.203 0.0980989 -0.294822
1.204 0.0977796 -0.319347
1.205 0.0974358 -0.343792
1.206 0.0970676 -0.368151
1.207 0.0966752 -0.392418
1.208 0.0962586 -0.416587
1.209 0.095818 -0.440651
1.21 0.0953534 -0.464606
1.211 0.0948649 -0.488444
1.212 0.0943528 -0.51216
1.213 0.093817 -0.535749
1.214 0.0932578 -0.559203
1.215 0.0926753 -0.582517
1.216 0.0920696 -0.605686
1.217 0.0914409 -0.628704
1.218 0.0907893 -0.651564
1.219 0.0901151 -0.674261
1.22 0.0894183 -0.69679
1.221 0.0886991 -0.719144
1.222 0.0879578 -0.741319
1.223 0.0871945 -0.763309
1.224 0.0864094 -0.785107
1.225 0.0856027 -0.80671
1.226 0.0847746 -0.82811
1.227 0.0839253 -0.849304
1.228 0.083055 -0.870285
1.229 0.0821639 -0.891049
1.23 0.0812524 -0.91159
1.231 0.0803205 -0.931903
1.232 0.0793685 -0.951983
1.233 0.0783966 -0.971825
1.234 0.0774052 -0.991425
1.235 0.0763944 -1.01078
1.236 0.0753646 -1.02987
1.237 0.0743159 -1.04872
1.238 0.0732486 -1.06729
1.239 0.072163 -1.08561
1.24 0.0710593 -1.10365
1.241 0.0699379 -1.12141
1.242 0.068799 -1.1389
1.243 0.0676429 -1.1561
1.244 0.0664699 -1.17301
1.245 0.0652803 -1.18962
1.246 0.0640743 -1.20594
1.247 0.0628524 -1.22196
1.248 0.0616147 -1.23768
1.249 0.0603616 -1.25308
1.25 0.0590934 -1.26817
1.251 0.0578105 -1.28294
1.252 0.0565131 -1.2974
1.253 0.0552016 -1.31152
1.254 0.0538762 -1.32533
1.255 0.0525374 -1.33879
1.256 0.0511855 -1.35193
1.257 0.0498208 -1.36472
1.258 0.0484436 -1.37718
1.259 0.0470543 -1.38929
1.26 0.0456533 -1.40105
1.261 0.0442408 -1.41247
1.262 0.0428173 -1.42353
1.263 0.041383 -1.43423
1.264 0.0399385 -1.44458
1.265 0.0384839 -1.45456
1.266 0.0370197 -1.46418
1.267 0.0355463 -1.47344
1.268 0.034064 -1.48233
1.269 0.0325731 -1.49084
1.27 0.0310741 -1.49898
1.271 0.0295674 -1.50675
1.272 0.0280532 -1.51414
1.273 0.0265321 -1.52116
1.274 0.0250043 -1.52779
1.275 0.0234702 -1.53404
1.276 0.0219303 -1.53991
1.277 0.0203849 -1.54539
1.278 0.0188344 -1.55049
1.279 0.0172792 -1.5552
1.28 0.0157197 -1.55952
1.281 0.0141563 -1.56345
1.282 0.0125893 -1.56699
1.283 0.0110192 -1.57013
1.284 0.00944628 -1.57289
1.285 0.00787103 -1.57525
1.286 0.00629381 -1.57722
1.287 0.00471502 -1.57879
1.288 0.00313505 -1.57997
1.289 0.0015543 -1.58075
1.29 -2.68469e-05 -1.58114
1.291 -0.00160798 -1.58114
1.292 -0.00318872 -1.58073
1.293 -0.00476865 -1.57994
1.294 -0.0063474 -1.57874
1.295 -0.00792455 -1.57716
1.296 -0.00949973 -1.57518
1.297 -0.0110725 -1.5728
1.298 -0.0126426 -1.57003
1.299 -0.0142094 -1.56687
1.3 -0.0157728 -1.56332
1.301 -0.0173321 -1.55938
1.302 -0.0188872 -1.55504
1.303 -0.0204375 -1.55032
1.304 -0.0219827 -1.54521
1.305 -0.0235224 -1.53972
1.306 -0.0250563 -1.53384
1.307 -0.0265838 -1.52757
1.308 -0.0281048 -1.52093
1.309 -0.0296187 -1.5139
1.31 -0.0311252 -1.5065
1.311 -0.0326239 -1.49871
1.312 -0.0341144 -1.49056
1.313 -0.0355965 -1.48203
1.314 -0.0370696 -1.47313
1.315 -0.0385335 -1.46386
1.316 -0.0399877 -1.45423
1.317 -0.0414319 -1.44423
1.318 -0.0428658 -1.43387
1.319 -0.044289 -1.42316
1.32 -0.045701 -1.41209
1.321 -0.0471017 -1.40066
1.322 -0.0484906 -1.38889
1.323 -0.0498673 -1.37676
1.324 -0.0512316 -1.3643
1.325 -0.0525831 -1.35149
1.326 -0.0539215 -1.33834
1.327 -0.0552463 -1.32486
1.328 -0.0565574 -1.31105
1.329 -0.0578543 -1.29691
1.33 -0.0591367 -1.28245
1.331 -0.0604044 -1.26766
1.332 -0.061657 -1.25256
1.333 -0.0628941 -1.23715
1.334 -0.0641155 -1.22142
1.335 -0.0653209 -1.2054
1.336 -0.06651 -1.18907
1.337 -0.0676824 -1.17244
1.338 -0.068838 -1.15552
1.339 -0.0699763 -1.13831
1.34 -0.0710971 -1.12081
1.341 -0.0722001 -1.10304
1.342 -0.0732851 -1.08499
1.343 -0.0743518 -1.06667
1.344 -0.0753999 -1.04808
1.345 -0.0764291 -1.02923
1.346 -0.0774392 -1.01012
1.347 -0.07843 -0.990763
1.348 -0.0794011 -0.971156
1.349 -0.0803524 -0.951305
1.35 -0.0812836 -0.931217
1.351 -0.0821945 -0.910896
1.352 -0.0830849 -0.890348
1.353 -0.0839545 -0.869576
1.354 -0.0848031 -0.848588
1.355 -0.0856304 -0.827387
1.356 -0.0864364 -0.805979
1.357 -0.0872208 -0.78437
1.358 -0.0879834 -0.762565
1.359 -0.0887239 -0.740569
1.36 -0.0894423 -0.718388
1.361 -0.0901383 -0.696028
1.362 -0.0908118 -0.673493
1.363 -0.0914626 -0.65079
1.364 -0.0920905 -0.627924
1.365 -0.0926955 -0.604902
1.366 -0.0932772 -0.581728
1.367 -0.0938356 -0.558409
1.368 -0.0943705 -0.53495
1.369 -0.0948819 -0.511357
1.37 -0.0953695 -0.487637
1.371 -0.0958333 -0.463794
1.372 -0.0962732 -0.439836
1.373 -0.0966889 -0.415768
1.374 -0.0970805 -0.391595
1.375 -0.0974479 -0.367325
1.376 -0.0977908 -0.342963
1.377 -0.0981093 -0.318516
1.378 -0.0984033 -0.293988
1.379 -0.0986727 -0.269387
1.38 -0.0989174 -0.244719
1.381 -0.0991374 -0.21999
1.382 -0.0993326 -0.195206
1.383 -0.099503 -0.170372
1.384 -0.0996485 -0.145497
1.385 -0.0997691 -0.120585
1.386 -0.0998647 -0.0956423
1.387 -0.0999354 -0.0706761
1.388 -0.0999811 -0.0456923
1.389 -0.100002 -0.020697
1.39 -0.0999975 0.00430345
1.391 -0.0999682 0.0293028
1.392 -0.0999139 0.0542949
1.393 -0.0998346 0.0792733
1.394 -0.0997304 0.104232
1.395 -0.0996012 0.129165
1.396 -0.0994471 0.154065
1.397 -0.0992682 0.178927
1.398 -0.0990645 0.203744
1.399 -0.098836 0.22851
1.4 -0.0985827 0.253219
1.401 -0.0983049 0.277865
1.402 -0.0980024 0.302441
1.403 -0.0976755 0.326941
1.404 -0.0973241 0.35136
1.405 -0.0969484 0.375691
1.406 -0.0965485 0.399928
1.407 -0.0961245 0.424066
1.408 -0.0956764 0.448097
1.409 -0.0952043 0.472016
1.41 -0.0947085 0.495817
1.411 -0.094189 0.519494
1.412 -0.093646 0.543041
1.413 -0.0930795 0.566453
1.414 -0.0924898 0.589723
1.415 -0.091877 0.612845
1.416 -0.0912412 0.635814
1.417 -0.0905825 0.658625
1.418 -0.0899013 0.68127
1.419 -0.0891975 0.703745
1.42 -0.0884715 0.726045
1.421 -0.0877233 0.748163
1.422 -0.0869532 0.770094
1.423 -0.0861614 0.791832
1.424 -0.085348 0.813372
1.425 -0.0845133 0.834709
1.426 -0.0836575 0.855838
1.427 -0.0827807 0.876752
1.428 -0.0818833 0.897447
1.429 -0.0809653 0.917918
1.43 -0.0800272 0.938159
1.431 -0.079069 0.958166
1.432 -0.0780911 0.977933
1.433 -0.0770936 0.997456
1.434 -0.0760769 1.01673
1.435 -0.0750412 1.03575
1.436 -0.0739866 1.05451
1.437 -0.0729136 1.07301
1.438 -0.0718224 1.09123
1.439 -0.0707132 1.10919
1.44 -0.0695863 1.12687
1.441 -0.0684421 1.14426
1.442 -0.0672807 1.16138
1.443 -0.0661025 1.1782
1.444 -0.0649078 1.19472
1.445 -0.0636968 1.21095
1.446 -0.06247 1.22687
1.447 -0.0612275 1.24249
1.448 -0.0599697 1.2578
1.449 -0.0586969 1.27279
1.45 -0.0574094 1.28746
1.451 -0.0561076 1.30182
1.452 -0.0547918 1.31584
1.453 -0.0534622 1.32954
1.454 -0.0521193 1.34291
1.455 -0.0507634 1.35594
1.456 -0.0493948 1.36863
1.457 -0.0480138 1.38098
1.458 -0.0466208 1.39298
1.459 -0.0452162 1.40463
1.46 -0.0438002 1.41594
1.461 -0.0423734 1.42689
1.462 -0.0409359 1.43748
1.463 -0.0394882 1.44772
1.464 -0.0380306 1.45759
1.465 -0.0365635 1.46709
1.466 -0.0350872 1.47624
1.467 -0.0336022 1.48501
1.468 -0.0321088 1.49341
1.469 -0.0306074 1.50144
1.47 -0.0290983 1.50909
1.471 -0.0275819 1.51636
1.472 -0.0260587 1.52326
1.473 -0.0245289 1.52977
1.474 -0.022993 1.5359
1.475 -0.0214514 1.54165
1.476 -0.0199043 1.54702
1.477 -0.0183523 1.55199
1.478 -0.0167958 1.55658
1.479 -0.015235 1.56078
1.48 -0.0136704 1.56459
1.481 -0.0121024 1.568
1.482 -0.0105314 1.57103
1.483 -0.0089577 1.57366
1.484 -0.0073818 1.5759
1.485 -0.00580405 1.57775
1.486 -0.00422485 1.5792
1.487 -0.0026446 1.58026
1.488 -0.00106368 1.58092
1.489 0.000517499 1.58118
1.49 0.00209855 1.58105
1.491 0.00367908 1.58053
1.492 0.00525869 1.57961
1.493 0.00683698 1.57829
1.494 0.00841357 1.57658
1.495 0.00998805 1.57448
1.496 0.01156 1.57198
1.497 0.0131291 1.56909
1.498 0.0146949 1.56581
1.499 0.0162571 1.56214
1.5 0.0178152 1.55807
1.501 0.0193688 1.55362
1.502 0.0209175 1.54878
1.503 0.0224611 1.54355
1.504 0.023999 1.53793
1.505 0.025531 1.53193
1.506 0.0270565 1.52555
1.507 0.0285753 1.51879
1.508 0.0300869 1.51164
1.509 0.0315911 1.50412
1.51 0.0330873 1.49622
1.511 0.0345752 1.48795
1.512 0.0360545 1.47931
1.513 0.0375248 1.47029
1.514 0.0389858 1.46091
1.515 0.0404369 1.45117
1.516 0.041878 1.44106
1.517 0.0433086 1.43059
1.518 0.0447283 1.41976
1.519 0.0461369 1.40858
1.52 0.047534 1.39704
1.521 0.0489191 1.38516
1.522 0.050292 1.37293
1.523 0.0516524 1.36036
1.524 0.0529998 1.34744
1.525 0.054334 1.33419
1.526 0.0556547 1.32061
1.527 0.0569613 1.3067
1.528 0.0582538 1.29246
1.529 0.0595317 1.27789
1.53 0.0607947 1.26301
1.531 0.0620425 1.24781
1.532 0.0632748 1.2323
1.533 0.0644913 1.21648
1.534 0.0656917 1.20036
1.535 0.0668756 1.18394
1.536 0.0680428 1.16722
1.537 0.069193 1.15021
1.538 0.0703259 1.13291
1.539 0.0714413 1.11533
1.54 0.0725387 1.09747
1.541 0.0736181 1.07933
1.542 0.074679 1.06093
1.543 0.0757213 1.04226
1.544 0.0767446 1.02333
1.545 0.0777487 1.00414
1.546 0.0787334 0.984705
1.547 0.0796985 0.965022
1.548 0.0806436 0.945097
1.549 0.0815685 0.924936
1.55 0.082473 0.904544
1.551 0.083357 0.883926
1.552 0.08422 0.863087
1.553 0.0850621 0.842032
1.554 0.0858828 0.820766
1.555 0.0866821 0.799295
1.556 0.0874598 0.777625
1.557 0.0882155 0.75576
1.558 0.0889492 0.733706
1.559 0.0896607 0.711469
1.56 0.0903497 0.689053
1.561 0.0910162 0.666466
1.562 0.0916599 0.643712
1.563 0.0922807 0.620797
1.564 0.0928785 0.597727
1.565 0.093453 0.574507
1.566 0.0940041 0.551144
1.567 0.0945317 0.527643
1.568 0.0950358 0.50401
1.569 0.095516 0.480251
1.57 0.0959724 0.456372
1.571 0.0964048 0.432379
1.572 0.096813 0.408278
1.573 0.0971971 0.384074
1.574 0.0975569 0.359775
1.575 0.0978923 0.335386
1.576 0.0982032 0.310913
1.577 0.0984895 0.286362
1.578 0.0987513 0.26174
1.579 0.0989883 0.237052
1.58 0.0992006 0.212305
1.581 0.0993881 0.187505
1.582 0.0995508 0.162658
1.583 0.0996886 0.13777
1.584 0.0998014 0.112848
1.585 0.0998893 0.0878974
1.586 0.0999522 0.0629251
1.587 0.0999902 0.0379371
1.588 0.100003 0.0129395
1.589 0.0999911 -0.0120613
1.59 0.099954 -0.037059
1.591 0.099892 -0.0620475
1.592 0.0998049 -0.0870205
1.593 0.099693 -0.111972
1.594 0.0995561 -0.136895
1.595 0.0993943 -0.161784
1.596 0.0992076 -0.186633
1.597 0.0989962 -0.211434
1.598 0.09876 -0.236184
1.599 0.0984992 -0.260874
1.6 0.0982137 -0.285498
1.601 0.0979036 -0.310052
1.602 0.0975691 -0.334528
1.603 0.0972102 -0.35892
1.604 0.0968269 -0.383222
1.605 0.0964195 -0.407429
1.606 0.095988 -0.431534
1.607 0.0955324 -0.455531
1.608 0.095053 -0.479414
1.609 0.0945499 -0.503177
1.61 0.094023 -0.526815
1.611 0.0934727 -0.550321
1.612 0.092899 -0.573689
1.613 0.0923021 -0.596914
1.614 0.0916821 -0.619989
1.615 0.0910392 -0.64291
1.616 0.0903735 -0.665669
1.617 0.0896853 -0.688263
1.618 0.0889746 -0.710684
1.619 0.0882417 -0.732928
1.62 0.0874867 -0.754988
1.621 0.0867098 -0.77686
1.622 0.0859113 -0.798537
1.623 0.0850913 -0.820015
1.624 0.08425 -0.841288
1.625 0.0833876 -0.862351
1.626 0.0825044 -0.883197
1.627 0.0816006 -0.903824
1.628 0.0806764 -0.924224
1.629 0.079732 -0.944393
1.63 0.0787677 -0.964326
1.631 0.0777837 -0.984018
1.632 0.0767802 -1.00346
1.633 0.0757575 -1.02266
1.634 0.0747159 -1.0416
1.635 0.0736557 -1.06028
1.636 0.072577 -1.07869
1.637 0.0714801 -1.09684
1.638 0.0703654 -1.11471
1.639 0.0692331 -1.1323
1.64 0.0680835 -1.1496
1.641 0.0669169 -1.16663
1.642 0.0657335 -1.18335
1.643 0.0645338 -1.19979
1.644 0.0633178 -1.21592
1.645 0.0620861 -1.23175
1.646 0.0608388 -1.24727
1.647 0.0595763 -1.26248
1.648 0.0582989 -1.27738
1.649 0.057007 -1.29195
1.65 0.0557008 -1.3062
1.651 0.0543807 -1.32013
1.652 0.0530469 -1.33372
1.653 0.0517 -1.34699
1.654 0.05034 -1.35991
1.655 0.0489676 -1.3725
1.656 0.0475828 -1.38474
1.657 0.0461862 -1.39663
1.658 0.044778 -1.40818
1.659 0.0433586 -1.41937
1.66 0.0419284 -1.43021
1.661 0.0404877 -1.4407
1.662 0.0390369 -1.45082
1.663 0.0375763 -1.46058
1.664 0.0361064 -1.46997
1.665 0.0346274 -1.479
1.666 0.0331397 -1.48765
1.667 0.0316438 -1.49594
1.668 0.0301399 -1.50385
1.669 0.0286285 -1.51139
1.67 0.02711 -1.51854
1.671 0.0255847 -1.52532
1.672 0.024053 -1.53172
1.673 0.0225152 -1.53773
1.674 0.0209719 -1.54336
1.675 0.0194233 -1.5486
1.676 0.0178698 -1.55346
1.677 0.0163119 -1.55792
1.678 0.0147499 -1.562
1.679 0.0131842 -1.56569
1.68 0.0116152 -1.56899
1.681 0.0100433 -1.57189
1.682 0.00846892 -1.5744
1.683 0.0068924 -1.57652
1.684 0.00531416 -1.57824
1.685 0.00373459 -1.57957
1.686 0.00215409 -1.5805
1.687 0.000573045 -1.58104
1.688 -0.00100814 -1.58118
1.689 -0.00258907 -1.58093
1.69 -0.00416936 -1.58029
1.691 -0.0057486 -1.57924
1.692 -0.00732641 -1.57781
1.693 -0.00890238 -1.57597
1.694 -0.0104761 -1.57375
1.695 -0.0120473 -1.57113
1.696 -0.0136154 -1.56812
1.697 -0.0151801 -1.56471
1.698 -0.016741 -1.56092
1.699 -0.0182977 -1.55673
1.7 -0.0198499 -1.55216
1.701 -0.0213971 -1.5472
1.702 -0.0229389 -1.54185
1.703 -0.0244751 -1.53611
1.704 -0.0260051 -1.52999
1.705 -0.0275285 -1.52349
1.706 -0.0290452 -1.51661
1.707 -0.0305545 -1.50935
1.708 -0.0320562 -1.50171
1.709 -0.0335499 -1.4937
1.71 -0.0350352 -1.48531
1.711 -0.0365118 -1.47655
1.712 -0.0379792 -1.46742
1.713 -0.0394371 -1.45793
1.714 -0.0408852 -1.44807
1.715 -0.042323 -1.43785
1.716 -0.0437503 -1.42727
1.717 -0.0451666 -1.41633
1.718 -0.0465717 -1.40504
1.719 -0.0479651 -1.39339
1.72 -0.0493465 -1.3814
1.721 -0.0507155 -1.36907
1.722 -0.0520719 -1.35639
1.723 -0.0534153 -1.34337
1.724 -0.0547453 -1.33002
1.725 -0.0560616 -1.31633
1.726 -0.0573639 -1.30231
1.727 -0.0586519 -1.28797
1.728 -0.0599252 -1.27331
1.729 -0.0611836 -1.25833
1.73 -0.0624266 -1.24303
1.731 -0.063654 -1.22743
1.732 -0.0648655 -1.21151
1.733 -0.0660608 -1.1953
1.734 -0.0672396 -1.17878
1.735 -0.0684016 -1.16197
1.736 -0.0695464 -1.14487
1.737 -0.0706739 -1.12748
1.738 -0.0717837 -1.10982
1.739 -0.0728756 -1.09187
1.74 -0.0739493 -1.07365
1.741 -0.0750044 -1.05516
1.742 -0.0760408 -1.03641
1.743 -0.0770582 -1.0174
1.744 -0.0780564 -0.998137
1.745 -0.079035 -0.978623
1.746 -0.0799939 -0.958865
1.747 -0.0809327 -0.938866
1.748 -0.0818514 -0.918633
1.749 -0.0827495 -0.89817
1.75 -0.083627 -0.877483
1.751 -0.0844836 -0.856576
1.752 -0.085319 -0.835455
1.753 -0.0861332 -0.814125
1.754 -0.0869258 -0.792592
1.755 -0.0876966 -0.770861
1.756 -0.0884456 -0.748936
1.757 -0.0891724 -0.726825
1.758 -0.0898769 -0.704532
1.759 -0.090559 -0.682063
1.76 -0.0912184 -0.659423
1.761 -0.091855 -0.636618
1.762 -0.0924687 -0.613655
1.763 -0.0930592 -0.590537
1.764 -0.0936265 -0.567273
1.765 -0.0941704 -0.543866
1.766 -0.0946907 -0.520323
1.767 -0.0951873 -0.496651
1.768 -0.0956602 -0.472854
1.769 -0.0961091 -0.448939
1.77 -0.096534 -0.424912
1.771 -0.0969348 -0.400778
1.772 -0.0973114 -0.376544
1.773 -0.0976636 -0.352216
1.774 -0.0979914 -0.327801
1.775 -0.0982947 -0.303303
1.776 -0.0985734 -0.278729
1.777 -0.0988275 -0.254086
1.778 -0.0990569 -0.229379
1.779 -0.0992615 -0.204615
1.78 -0.0994413 -0.179799
1.781 -0.0995962 -0.154939
1.782 -0.0997263 -0.13004
1.783 -0.0998314 -0.105108
1.784 -0.0999115 -0.0801505
1.785 -0.0999667 -0.0551726
1.786 -0.0999969 -0.0301809
1.787 -0.100002 -0.00518171
1.788 -0.0999822 0.0198188
1.789 -0.0999374 0.0448144
1.79 -0.0998676 0.0697987
1.791 -0.0997729 0.0947656
1.792 -0.0996531 0.119709
1.793 -0.0995085 0.144622
1.794 -0.099339 0.169499
1.795 -0.0991447 0.194334
1.796 -0.0989256 0.21912
1.797 -0.0986817 0.243852
1.798 -0.0984132 0.268522
1.799 -0.0981201 0.293125
1.8 -0.0978024 0.317655
1.801 -0.0974603 0.342106
1.802 -0.0970938 0.366471
1.803 -0.0967031 0.390744
1.804 -0.0962882 0.41492
1.805 -0.0958492 0.438992
1.806 -0.0953862 0.462955
1.807 -0.0948994 0.486801
1.808 -0.0943889 0.510526
1.809 -0.0938548 0.534123
1.81 -0.0932972 0.557587
1.811 -0.0927163 0.580911
1.812 -0.0921122 0.60409
1.813 -0.0914851 0.627118
1.814 -0.0908351 0.64999
1.815 -0.0901624 0.672698
1.816 -0.0894671 0.695239
1.817 -0.0887495 0.717606
1.818 -0.0880097 0.739793
1.819 -0.087248 0.761796
1.82 -0.0864643 0.783608
1.821 -0.0856591 0.805224
1.822 -0.0848325 0.826638
1.823 -0.0839846 0.847847
1.824 -0.0831158 0.868843
1.825 -0.0822262 0.889622
1.826 -0.081316 0.910178
1.827 -0.0803855 0.930507
1.828 -0.0794349 0.950604
1.829 -0.0784644 0.970462
1.83 -0.0774743 0.990078
1.831 -0.0764649 1.00945
1.832 -0.0754363 1.02856
1.833 -0.0743889 1.04742
1.834 -0.0733229 1.06602
1.835 -0.0722385 1.08435
1.836 -0.0711361 1.10241
1.837 -0.0700159 1.12019
1.838 -0.0688782 1.1377
1.839 -0.0677233 1.15492
1.84 -0.0665515 1.17185
1.841 -0.065363 1.18849
1.842 -0.0641582 1.20483
1.843 -0.0629373 1.22087
1.844 -0.0617007 1.2366
1.845 -0.0604487 1.25203
1.846 -0.0591815 1.26714
1.847 -0.0578996 1.28193
1.848 -0.0566032 1.29641
1.849 -0.0552926 1.31056
1.85 -0.0539682 1.32438
1.851 -0.0526304 1.33787
1.852 -0.0512793 1.35103
1.853 -0.0499155 1.36385
1.854 -0.0485392 1.37633
1.855 -0.0471507 1.38847
1.856 -0.0457504 1.40025
1.857 -0.0443387 1.41169
1.858 -0.042916 1.42278
1.859 -0.0414825 1.4335
1.86 -0.0400386 1.44388
1.861 -0.0385847 1.45388
1.862 -0.0371212 1.46353
1.863 -0.0356484 1.47281
1.864 -0.0341666 1.48172
1.865 -0.0326764 1.49026
1.866 -0.0311779 1.49843
1.867 -0.0296717 1.50623
1.868 -0.0281581 1.51365
1.869 -0.0266374 1.52069
1.87 -0.02511 1.52735
1.871 -0.0235764 1.53362
1.872 -0.0220369 1.53952
1.873 -0.0204919 1.54503
1.874 -0.0189417 1.55015
1.875 -0.0173868 1.55488
1.876 -0.0158276 1.55923
1.877 -0.0142644 1.56319
1.878 -0.0126977 1.56675
1.879 -0.0111277 1.56993
1.88 -0.00955502 1.57271
1.881 -0.00797992 1.5751
1.882 -0.00640283 1.57709
1.883 -0.00482413 1.5787
1.884 -0.00324423 1.5799
1.885 -0.00166352 1.58071
1.886 -8.23933e-05 1.58113
1.887 0.00149876 1.58115
1.888 0.00307953 1.58077
1.889 0.00465953 1.58
1.89 0.00623837 1.57884
1.891 0.00781565 1.57728
1.892 0.00939098 1.57533
1.893 0.010964 1.57298
1.894 0.0125342 1.57024
1.895 0.0141013 1.5671
1.896 0.0156649 1.56358
1.897 0.0172245 1.55966
1.898 0.0187799 1.55536
1.899 0.0203306 1.55066
1.9 0.0218761 1.54558
1.901 0.0234162 1.54011
1.902 0.0249505 1.53425
1.903 0.0264785 1.52802
1.904 0.0279999 1.5214
1.905 0.0295143 1.5144
1.906 0.0310213 1.50702
1.907 0.0325206 1.49926
1.908 0.0340117 1.49113
1.909 0.0354944 1.48263
1.91 0.0369681 1.47376
1.911 0.0384326 1.46452
1.912 0.0398875 1.45491
1.913 0.0413325 1.44494
1.914 0.0427671 1.4346
1.915 0.044191 1.42391
1.916 0.0456038 1.41286
1.917 0.0470053 1.40146
1.918 0.048395 1.38971
1.919 0.0497726 1.37761
1.92 0.0511378 1.36517
1.921 0.0524902 1.35238
1.922 0.0538294 1.33926
1.923 0.0551552 1.3258
1.924 0.0564673 1.31202
1.925 0.0577652 1.2979
1.926 0.0590486 1.28346
1.927 0.0603173 1.26869
1.928 0.0615709 1.25362
1.929 0.0628091 1.23822
1.93 0.0640317 1.22252
1.931 0.0652382 1.20651
1.932 0.0664284 1.1902
1.933 0.067602 1.1736
1.934 0.0687587 1.1567
1.935 0.0698982 1.13951
1.936 0.0710202 1.12203
1.937 0.0721245 1.10428
1.938 0.0732107 1.08625
1.939 0.0742787 1.06794
1.94 0.075328 1.04937
1.941 0.0763586 1.03054
1.942 0.07737 1.01145
1.943 0.0783621 0.992109
1.944 0.0793347 0.972518
1.945 0.0802874 0.952684
1.946 0.08122 0.932613
1.947 0.0821323 0.912308
1.948 0.083024 0.891774
1.949 0.0838951 0.871018
1.95 0.0847451 0.850045
1.951 0.085574 0.828858
1.952 0.0863814 0.807465
1.953 0.0871673 0.78587
1.954 0.0879314 0.764078
1.955 0.0886735 0.742095
1.956 0.0893934 0.719927
1.957 0.090091 0.697578
1.958 0.090766 0.675055
1.959 0.0914184 0.652364
1.96 0.0920479 0.629509
1.961 0.0926544 0.606497
1.962 0.0932377 0.583334
1.963 0.0937978 0.560024
1.964 0.0943343 0.536575
1.965 0.0948473 0.512991
1.966 0.0953366 0.489279
1.967 0.0958021 0.465445
1.968 0.0962435 0.441495
1.969 0.096661 0.417434
1.97 0.0970543 0.393269
1.971 0.0974233 0.369005
1.972 0.0977679 0.344649
1.973 0.0980881 0.320207
1.974 0.0983838 0.295685
1.975 0.0986549 0.271089
1.976 0.0989013 0.246426
1.977 0.099123 0.2217
1.978 0.0993199 0.196919
1.979 0.099492 0.17209
1.98 0.0996392 0.147217
1.981 0.0997615 0.122307
1.982 0.0998589 0.0973663
1.983 0.0999313 0.0724016
1.984 0.0999787 0.0474188
1.985 0.100001 0.0224241
1.986 0.0999986 -0.00257621
1.987 0.099971 -0.0275759
1.988 0.0999184 -0.0525686
1.989 0.0998409 -0.0775482
1.99 0.0997384 -0.102508
1.991 0.0996109 -0.127443
1.992 0.0994586 -0.152346
1.993 0.0992814 -0.17721
1.994 0.0990793 -0.202031
1.995 0.0988525 -0.226801
1.996 0.098601 -0.251514
1.997 0.0983249 -0.276164
1.998 0.0980241 -0.300745
1.999 0.0976989 -0.325251
2 0.0973492 -0.349676
