0 0.1 0
0.01 0.09875 -0.248438
0.02 0.0950312 -0.490664
0.03 0.0889367 -0.720624
0.04 0.0806188 -0.932568
0.05 0.0702854 -1.1212
0.06 0.0581948 -1.2818
0.07 0.0446494 -1.41035
0.08 0.0299877 -1.50365
0.09 0.0145764 -1.55936
0.1 -0.00119939 -1.57608
0.11 -0.0169452 -1.5534
0.12 -0.0322673 -1.49188
0.13 -0.0467828 -1.39307
0.14 -0.0601287 -1.25943
0.15 -0.0719713 -1.0943
0.16 -0.0820147 -0.901821
0.17 -0.0900078 -0.686793
0.18 -0.0957506 -0.454595
0.19 -0.0990997 -0.211032
0.2 -0.0999712 0.0378066
0.21 -0.0983435 0.2857
0.22 -0.0942572 0.526451
0.23 -0.0878145 0.754041
0.24 -0.0791764 0.962779
0.25 -0.0685589 1.14745
0.26 -0.0562274 1.30343
0.27 -0.0424903 1.42683
0.28 -0.0276909 1.51456
0.29 -0.0121992 1.56442
0.3 0.00359748 1.57517
0.31 0.0193042 1.54654
0.32 0.0345283 1.47925
0.33 0.0488892 1.37498
0.34 0.0620279 1.23633
0.35 0.0736159 1.06678
0.36 0.0833635 0.870554
0.37 0.091027 0.652566
0.38 0.0964148 0.418264
0.39 0.0993923 0.173505
0.4 0.0998849 -0.0755914
0.41 0.0978805 -0.322798
0.42 0.093429 -0.561935
0.43 0.0866418 -0.787023
0.44 0.0776885 -0.992436
0.45 0.066793 -1.17304
0.46 0.0542277 -1.32431
0.47 0.0403068 -1.44248
0.48 0.0253781 -1.52459
0.49 0.00981499 -1.56858
0.5 -0.00599349 -1.57336
0.51 -0.0216521 -1.5388
0.52 -0.0367695 -1.46577
0.53 -0.0509676 -1.3561
0.54 -0.0638915 -1.21253
0.55 -0.0752181 -1.03864
0.56 -0.0846643 -0.838787
0.57 -0.0919939 -0.617964
0.58 -0.0970236 -0.381693
0.59 -0.0996277 -0.135878
0.6 -0.0997412 0.113333
0.61 -0.0973611 0.35971
0.62 -0.092547 0.597096
0.63 -0.0854192 0.819553
0.64 -0.0761559 1.02152
0.65 -0.0649887 1.19795
0.66 -0.0521968 1.34443
0.67 -0.0381 1.45731
0.68 -0.0230507 1.53374
0.69 -0.00742514 1.57184
0.7 0.00838606 1.57064
0.71 0.0239876 1.53017
0.72 0.0389895 1.45145
0.73 0.0530166 1.33644
0.74 0.0657183 1.18802
0.75 0.0767771 1.0099
0.76 0.0859164 0.806537
0.77 0.0929078 0.583007
0.78 0.0975765 0.344901
0.79 0.0998058 0.0981735
0.8 0.09954 -0.151009
0.81 0.0967857 -0.396416
0.82 0.0916117 -0.631913
0.83 0.0841474 -0.851611
0.84 0.0745795 -1.05002
0.85 0.063147 -1.22218
0.86 0.0501359 -1.36378
0.87 0.0358714 -1.47129
0.88 0.0207101 -1.54202
0.89 0.00503103 -1.57419
0.9 -0.0107738 -1.56702
0.91 -0.0263093 -1.52066
0.92 -0.041187 -1.43629
0.93 -0.0550351 -1.31601
0.94 -0.0675073 -1.16284
0.95 -0.0782918 -0.980587
0.96 -0.087119 -0.773823
0.97 -0.0937683 -0.547714
0.98 -0.0980733 -0.307912
0.99 -0.0999265 -0.0604121
1 -0.0992816 0.188598
1.01 -0.0961546 0.432893
1.02 -0.0906237 0.666366
1.03 -0.0828272 0.88318
1.04 -0.0729601 1.07791
1.05 -0.061269 1.2457
1.06 -0.0480461 1.38234
1.07 -0.0336221 1.48443
1.08 -0.0183575 1.5494
1.09 -0.00263401 1.57564
1.1 0.0131553 1.56249
1.11 0.0286158 1.51028
1.12 0.0433609 1.42031
1.13 0.057022 1.29483
1.14 0.0692575 1.13698
1.15 0.0797615 0.950705
1.16 0.0882716 0.740664
1.17 0.0945748 0.512106
1.18 0.0985137 0.270745
1.19 0.0999897 0.0226159
1.2 0.098966 -0.226079
1.21 0.0954681 -0.469121
1.22 0.0895836 -0.700436
1.23 0.0814594 -0.91424
1.24 0.0712988 -1.10519
1.25 0.0593557 -1.26851
1.26 0.0459287 -1.40011
1.27 0.0313534 -1.49671
1.28 0.0159944 -1.5559
1.29 0.000235481 -1.57619
1.3 -0.0155293 -1.55707
1.31 -0.0309059 -1.49902
1.32 -0.0455098 -1.4035
1.33 -0.058976 -1.2729
1.34 -0.0709678 -1.11047
1.35 -0.0811853 -0.920276
1.36 -0.0893733 -0.707078
1.37 -0.0953269 -0.476203
1.38 -0.0988973 -0.233423
1.39 -0.0999954 0.0151932
1.4 -0.0985935 0.263429
1.41 -0.0947268 0.50508
1.42 -0.0884919 0.734103
1.43 -0.0800447 0.944774
1.44 -0.0695964 1.13183
1.45 -0.0574082 1.29058
1.46 -0.0437848 1.41707
1.47 -0.0290668 1.50814
1.48 -0.0136221 1.5615
1.49 0.00216318 1.57582
1.5 0.0178944 1.55075
1.51 0.0331782 1.48691
1.52 0.0476325 1.3859
1.53 0.0608961 1.25023
1.54 0.0726372 1.08332
1.55 0.0825624 0.889318
1.56 0.0904236 0.673086
1.57 0.0960241 0.440026
1.58 0.0992241 0.195966
1.59 0.0999435 -0.0529937
1.6 0.0981642 -0.300628
1.61 0.0939309 -0.540747
1.62 0.0873493 -0.767347
1.63 0.0785839 -0.974764
1.64 0.067854 -1.15781
1.65 0.0554277 -1.31191
1.66 0.0416157 -1.43322
1.67 0.0267634 -1.51869
1.68 0.0112419 -1.5662
1.69 -0.00456061 -1.57455
1.7 -0.0202491 -1.54354
1.71 -0.0354314 -1.47394
1.72 -0.0497278 -1.36749
1.73 -0.0627811 -1.22685
1.74 -0.0742649 -1.05554
1.75 -0.083892 -0.857848
1.76 -0.0914219 -0.638706
1.77 -0.0966661 -0.403596
1.78 -0.0994938 -0.158396
1.79 -0.0998341 0.0907636
1.8 -0.0976785 0.337654
1.81 -0.093081 0.576104
1.82 -0.0861564 0.80015
1.83 -0.077078 1.00419
1.84 -0.0660726 1.18313
1.85 -0.0534153 1.33249
1.86 -0.0394227 1.44854
1.87 -0.0244446 1.52837
1.88 -0.00885527 1.57
1.89 0.0069554 1.57237
1.9 0.0225922 1.53544
1.91 0.0376642 1.46012
1.92 0.0517945 1.34829
1.93 0.0646301 1.20276
1.94 0.0758498 1.02716
1.95 0.0851733 0.825885
1.96 0.0923675 0.603959
1.97 0.0972525 0.366934
1.98 0.0997062 0.120735
1.99 0.0996672 -0.128481
2 0.0971366 -0.374486
2.01 0.0921775 -0.611129
2.02 0.084914 -0.832493
2.03 0.0755276 -1.03305
2.04 0.0642531 -1.20777
2.05 0.0513722 -1.3523
2.06 0.037207 -1.46303
2.07 0.0221117 -1.53718
2.08 0.00646354 -1.57289
2.09 -0.0093462 -1.56929
2.1 -0.0249223 -1.52646
2.11 -0.0398753 -1.44546
2.12 -0.0538314 -1.32832
2.13 -0.0664418 -1.17798
2.14 -0.0773911 -0.998192
2.15 -0.0864056 -0.793446
2.16 -0.09326 -0.568864
2.17 -0.0977829 -0.33006
2.18 -0.0998612 -0.0830052
2.19 -0.099443 0.166125
2.2 -0.0965387 0.411102
2.21 -0.091221 0.645802
2.22 -0.0836227 0.864357
2.23 -0.0739338 1.0613
2.24 -0.0623967 1.23172
2.25 -0.0492995 1.37134
2.26 -0.0349699 1.47667
2.27 -0.0197661 1.54509
2.28 -0.00406809 1.57489
2.29 0.0117316 1.56531
2.3 0.027238 1.51659
2.31 0.0420635 1.42997
2.32 0.0558374 1.30759
2.33 0.0682153 1.15252
2.34 0.0788879 0.968646
2.35 0.0875882 0.760551
2.36 0.0940989 0.533442
2.37 0.0982571 0.292997
2.38 0.0999588 0.0452272
2.39 0.0991616 -0.203673
2.4 0.0958854 -0.447482
2.41 0.090212 -0.680104
2.42 0.0822833 -0.895723
2.43 0.0722975 -1.08895
2.44 0.0605043 -1.25495
2.45 0.0471985 -1.38958
2.46 0.0327127 -1.48947
2.47 0.0174091 -1.55212
2.48 0.0016703 -1.57597
2.49 -0.0141103 -1.56042
2.5 -0.0295381 -1.50586
2.51 -0.0442275 -1.41365
2.52 -0.0578112 -1.2861
2.53 -0.0699496 -1.1264
2.54 -0.0803392 -0.938543
2.55 -0.0887204 -0.727218
2.56 -0.0948836 -0.497713
2.57 -0.0986747 -0.255765
2.58 -0.0999989 -0.00742322
2.59 -0.0988231 0.241104
2.6 -0.0951768 0.483604
2.61 -0.0891511 0.714014
2.62 -0.0808965 0.926574
2.63 -0.0706196 1.11597
2.64 -0.0585772 1.27746
2.65 -0.0450703 1.40702
2.66 -0.0304367 1.50141
2.67 -0.0150421 1.55826
2.68 0.000728449 1.57615
2.69 0.0164808 1.55464
2.7 0.0318212 1.49426
2.71 0.046366 1.39653
2.72 0.0597517 1.26388
2.73 0.0716436 1.09963
2.74 0.0817444 0.907899
2.75 0.0898015 0.693467
2.76 0.0956137 0.461698
2.77 0.0990355 0.218386
2.78 0.0999814 -0.0303851
2.79 0.0984278 -0.278397
2.8 0.0944135 -0.519448
2.81 0.0880388 -0.747514
2.82 0.0794632 -0.956891
2.83 0.068901 -1.14235
2.84 0.0566163 -1.29924
2.85 0.0429162 -1.42366
2.86 0.0281431 -1.51248
2.87 0.0126665 -1.56349
2.88 -0.00312678 -1.57542
2.89 -0.0188419 -1.54796
2.9 -0.034086 -1.4818
2.91 -0.0484779 -1.37859
2.92 -0.0616578 -1.24092
2.93 -0.0732963 -1.07223
2.94 -0.0831025 -0.876733
2.95 -0.090831 -0.659316
2.96 -0.0962888 -0.425416
2.97 -0.0993393 -0.180881
2.98 -0.0999064 0.0681759
2.99 -0.0979758 0.315529
3 -0.0935958 0.554993
3.01 -0.086876 0.780583
3.02 -0.0779842 0.986658
3.03 -0.0671428 1.16807
3.04 -0.0546228 1.32027
3.05 -0.0407373 1.43947
3.06 -0.0258334 1.52269
3.07 -0.0102836 1.56783
3.08 0.00552331 1.57378
3.09 0.0211921 1.54039
3.1 0.0363311 1.46849
3.11 0.0505618 1.35987
3.12 0.0635285 1.21726
3.13 0.074907 1.04421
3.14 0.0844127 0.845063
3.15 0.0918082 0.624786
3.16 0.0969085 0.388891
3.17 0.099586 0.143273
3.18 0.0997739 -0.105927
3.19 0.0974675 -0.352479
3.2 0.0927243 -0.590219
3.21 0.0856631 -0.813203
3.22 0.0764603 -1.01586
3.23 0.0653459 -1.19312
3.24 0.052598 -1.34055
3.25 0.038535 -1.45446
3.26 0.0235087 -1.53202
3.27 0.00789472 -1.57127
3.28 -0.00791667 -1.57124
3.29 -0.0235301 -1.53193
3.3 -0.0385554 -1.45433
3.31 -0.0526167 -1.34036
3.32 -0.0653626 -1.19289
3.33 -0.0764745 -1.01559
3.34 -0.0856744 -0.812906
3.35 -0.0927326 -0.589897
3.36 -0.0974724 -0.352141
3.37 -0.0997754 -0.105581
3.38 -0.099584 0.143618
3.39 -0.096903 0.389227
3.4 -0.0917995 0.625105
3.41 -0.0844009 0.845356
3.42 -0.0748924 1.04447
3.43 -0.0635115 1.21748
3.44 -0.0505428 1.36004
3.45 -0.0363106 1.46861
3.46 -0.0211706 1.54046
3.47 -0.00550133 1.5738
3.48 0.0103055 1.5678
3.49 0.0258546 1.5226
3.5 0.0407574 1.43933
3.51 0.0546413 1.32008
3.52 0.0671591 1.16783
3.53 0.077998 0.986388
3.54 0.0868869 0.780282
3.55 0.0936036 0.554668
3.56 0.0979802 0.315189
3.57 0.0999074 0.0678292
3.58 0.0993368 -0.181226
3.59 0.0962828 -0.425751
3.6 0.0908218 -0.659631
3.61 0.0830902 -0.877021
3.62 0.0732814 -1.07249
3.63 0.0616405 -1.24114
3.64 0.0484586 -1.37876
3.65 0.0340653 -1.48192
3.66 0.0188203 -1.54802
3.67 0.00310478 -1.57543
3.68 -0.0126883 -1.56345
3.69 -0.0281642 -1.51238
3.7 -0.042936 -1.42351
3.71 -0.0566344 -1.29905
3.72 -0.068917 -1.14211
3.73 -0.0794766 -0.956615
3.74 -0.0880493 -0.747208
3.75 -0.0944207 -0.519121
3.76 -0.0984317 -0.278055
3.77 -0.0999818 -0.0300382
3.78 -0.0990324 0.21873
3.79 -0.0956072 0.462029
3.8 -0.0897919 0.693778
3.81 -0.0817317 0.908183
3.82 -0.0716282 1.09988
3.83 -0.059734 1.26409
3.84 -0.0463465 1.39669
3.85 -0.0318003 1.49437
3.86 -0.0164591 1.55469
3.87 -0.000706437 1.57615
3.88 0.0150639 1.5582
3.89 0.0304576 1.5013
3.9 0.0450899 1.40687
3.91 0.058595 1.27726
3.92 0.0706352 1.11572
3.93 0.0809095 0.926293
3.94 0.089161 0.713705
3.95 0.0951836 0.483274
3.96 0.0988265 0.240761
3.97 0.0999988 -0.00777019
3.98 0.0986711 -0.256108
3.99 0.0948766 -0.498042
4 0.0887103 -0.727526
4.01 0.0803261 -0.938821
4.02 0.0699338 -1.12665
4.03 0.0577932 -1.2863
4.04 0.0442077 -1.41381
4.05 0.0295171 -1.50596
4.06 0.0140885 -1.56047
4.07 -0.00169231 -1.57596
4.08 -0.0174308 -1.55206
4.09 -0.0327335 -1.48936
4.1 -0.0472179 -1.38942
4.11 -0.0605218 -1.25474
4.12 -0.0723127 -1.0887
4.13 -0.0822958 -0.895437
4.14 -0.0902215 -0.679791
4.15 -0.0958916 -0.447149
4.16 -0.0991645 -0.203329
4.17 -0.0999582 0.0455741
4.18 -0.098253 0.293338
4.19 -0.0940914 0.533769
4.2 -0.0875776 0.760855
4.21 -0.0788743 0.96892
4.22 -0.0681992 1.15276
4.23 -0.0558191 1.30778
4.24 -0.0420435 1.43011
4.25 -0.0272168 1.51669
4.26 -0.0117098 1.56535
4.27 0.00409009 1.57487
4.28 0.0197877 1.54502
4.29 0.0349906 1.47655
4.3 0.0493187 1.37116
4.31 0.0624139 1.2315
4.32 0.0739487 1.06105
4.33 0.0836348 0.864066
4.34 0.09123 0.645485
4.35 0.0965445 0.410767
4.36 0.0994453 0.16578
4.37 0.0998601 -0.0833517
4.38 0.0977783 -0.3304
4.39 0.0932521 -0.569188
4.4 0.0863946 -0.793746
4.41 0.0773772 -0.998461
4.42 0.0664253 -1.17821
4.43 0.0538129 -1.32851
4.44 0.0398551 -1.4456
4.45 0.024901 -1.52654
4.46 0.00932428 -1.56932
4.47 -0.00648551 -1.57287
4.48 -0.0221332 -1.5371
4.49 -0.0372275 -1.4629
4.5 -0.0513911 -1.35212
4.51 -0.06427 -1.20755
4.52 -0.0755421 -1.03278
4.53 -0.0849256 -0.832198
4.54 -0.092186 -0.610809
4.55 -0.0971418 -0.374149
4.56 -0.099669 -0.128136
4.57 -0.0997045 0.121081
4.58 -0.0972474 0.367271
4.59 -0.0923591 0.604279
4.6 -0.0851618 0.82618
4.61 -0.0758355 1.02743
4.62 -0.0646133 1.20299
4.63 -0.0517757 1.34847
4.64 -0.0376438 1.46025
4.65 -0.0225707 1.53552
4.66 -0.00693344 1.5724
4.67 0.00887719 1.56997
4.68 0.0244659 1.52829
4.69 0.039443 1.4484
4.7 0.0534339 1.33231
4.71 0.0660891 1.1829
4.72 0.077092 1.00393
4.73 0.0861676 0.799851
4.74 0.093089 0.575781
4.75 0.0976832 0.337315
4.76 0.0998353 0.0904172
4.77 0.0994916 -0.158741
4.78 0.0966605 -0.403931
4.79 0.0914129 -0.639023
4.8 0.08388 -0.858139
4.81 0.0742501 -1.0558
4.82 0.062764 -1.22707
4.83 0.0497087 -1.36766
4.84 0.0354108 -1.47406
4.85 0.0202275 -1.54361
4.86 0.00453862 -1.57457
4.87 -0.0112638 -1.56616
4.88 -0.0267846 -1.5186
4.89 -0.0416358 -1.43307
4.9 -0.055446 -1.31172
4.91 -0.0678702 -1.15758
4.92 -0.0785976 -0.974491
4.93 -0.08736 -0.767044
4.94 -0.0939384 -0.540421
4.95 -0.0981684 -0.300288
4.96 -0.0999442 -0.0526469
4.97 -0.0992214 0.19631
4.98 -0.096018 0.440359
4.99 -0.0904142 0.6734
5 -0.08255 0.889605
