0 0.1 0
0.001 0.0999875 -0.024989
0.002 0.09995 -0.0499517
0.003 0.0998876 -0.074882
0.004 0.0998003 -0.0997736
0.005 0.0996881 -0.12462
0.006 0.0995511 -0.149416
0.007 0.0993893 -0.174155
0.008 0.0992028 -0.19883
0.009 0.0989916 -0.223436
0.01 0.0987559 -0.247966
0.011 0.0984957 -0.272415
0.012 0.0982111 -0.296776
0.013 0.0979022 -0.321044
0.014 0.0975691 -0.345212
0.015 0.0972118 -0.369274
0.016 0.0968306 -0.393225
0.017 0.0964254 -0.417058
0.018 0.0959965 -0.440768
0.019 0.0955439 -0.464349
0.02 0.0950678 -0.487795
0.021 0.0945684 -0.511101
0.022 0.0940457 -0.53426
0.023 0.0934999 -0.557267
0.024 0.0929312 -0.580116
0.025 0.0923397 -0.602803
0.026 0.0917256 -0.62532
0.027 0.0910891 -0.647663
0.028 0.0904304 -0.669827
0.029 0.0897495 -0.691805
0.03 0.0890468 -0.713593
0.031 0.0883224 -0.735185
0.032 0.0875765 -0.756576
0.033 0.0868093 -0.777761
0.034 0.0860211 -0.798734
0.035 0.0852119 -0.819492
0.036 0.0843822 -0.840027
0.037 0.083532 -0.860337
0.038 0.0826616 -0.880415
0.039 0.0817712 -0.900258
0.04 0.0808611 -0.919859
0.041 0.0799316 -0.939215
0.042 0.0789828 -0.95832
0.043 0.078015 -0.977171
0.044 0.0770285 -0.995763
0.045 0.0760236 -1.01409
0.046 0.0750004 -1.03215
0.047 0.0739594 -1.04994
0.048 0.0729007 -1.06745
0.049 0.0718246 -1.08468
0.05 0.0707314 -1.10162
0.051 0.0696214 -1.11828
0.052 0.0684949 -1.13464
0.053 0.0673522 -1.15071
0.054 0.0661936 -1.16648
0.055 0.0650194 -1.18194
0.056 0.0638298 -1.1971
0.057 0.0626253 -1.21194
0.058 0.061406 -1.22647
0.059 0.0601724 -1.24068
0.06 0.0589248 -1.25457
0.061 0.0576634 -1.26813
0.062 0.0563886 -1.28137
0.063 0.0551008 -1.29428
0.064 0.0538002 -1.30685
0.065 0.0524872 -1.31908
0.066 0.0511621 -1.33098
0.067 0.0498254 -1.34253
0.068 0.0484772 -1.35374
0.069 0.047118 -1.36461
0.07 0.0457481 -1.37512
0.071 0.0443679 -1.38528
0.072 0.0429777 -1.39509
0.073 0.0415778 -1.40454
0.074 0.0401687 -1.41363
0.075 0.0387507 -1.42236
0.076 0.0373241 -1.43073
0.077 0.0358893 -1.43873
0.078 0.0344468 -1.44637
0.079 0.0329967 -1.45364
0.08 0.0315396 -1.46054
0.081 0.0300758 -1.46707
0.082 0.0286056 -1.47323
0.083 0.0271294 -1.47902
0.084 0.0256477 -1.48443
0.085 0.0241607 -1.48946
0.086 0.0226689 -1.49413
0.087 0.0211726 -1.49841
0.088 0.0196722 -1.50231
0.089 0.0181681 -1.50584
0.09 0.0166606 -1.50899
0.091 0.0151502 -1.51176
0.092 0.0136372 -1.51414
0.093 0.0121221 -1.51615
0.094 0.0106051 -1.51778
0.095 0.00908664 -1.51903
0.096 0.00756715 -1.51989
0.097 0.00604698 -1.52038
0.098 0.00452652 -1.52048
0.099 0.00300614 -1.52021
0.1 0.00148623 -1.51955
0.101 -3.28433e-05 -1.51852
0.102 -0.00155069 -1.51711
0.103 -0.00306693 -1.51532
0.104 -0.0045812 -1.51315
0.105 -0.00609311 -1.51061
0.106 -0.00760229 -1.50769
0.107 -0.00910836 -1.50439
0.108 -0.010611 -1.50073
0.109 -0.0121097 -1.49669
0.11 -0.0136042 -1.49228
0.111 -0.0150941 -1.4875
0.112 -0.0165791 -1.48235
0.113 -0.0180587 -1.47684
0.114 -0.0195326 -1.47096
0.115 -0.0210005 -1.46472
0.116 -0.0224619 -1.45812
0.117 -0.0239166 -1.45116
0.118 -0.0253641 -1.44384
0.119 -0.0268042 -1.43616
0.12 -0.0282363 -1.42814
0.121 -0.0296603 -1.41976
0.122 -0.0310758 -1.41104
0.123 -0.0324823 -1.40197
0.124 -0.0338796 -1.39255
0.125 -0.0352673 -1.3828
0.126 -0.0366451 -1.37271
0.127 -0.0380126 -1.36228
0.128 -0.0393695 -1.35152
0.129 -0.0407155 -1.34044
0.13 -0.0420503 -1.32902
0.131 -0.0433735 -1.31728
0.132 -0.0446847 -1.30523
0.133 -0.0459838 -1.29286
0.134 -0.0472703 -1.28017
0.135 -0.048544 -1.26717
0.136 -0.0498046 -1.25387
0.137 -0.0510517 -1.24027
0.138 -0.052285 -1.22636
0.139 -0.0535043 -1.21216
0.14 -0.0547092 -1.19767
0.141 -0.0558996 -1.18289
0.142 -0.0570749 -1.16783
0.143 -0.0582351 -1.15249
0.144 -0.0593798 -1.13687
0.145 -0.0605088 -1.12098
0.146 -0.0616217 -1.10482
0.147 -0.0627183 -1.0884
0.148 -0.0637984 -1.07172
0.149 -0.0648617 -1.05479
0.15 -0.0659079 -1.03761
0.151 -0.0669368 -1.02018
0.152 -0.0679482 -1.00251
0.153 -0.0689418 -0.984602
0.154 -0.0699173 -0.966463
0.155 -0.0708746 -0.948098
0.156 -0.0718134 -0.929511
0.157 -0.0727336 -0.910706
0.158 -0.0736348 -0.891688
0.159 -0.0745169 -0.872463
0.16 -0.0753796 -0.853036
0.161 -0.0762229 -0.83341
0.162 -0.0770464 -0.813593
0.163 -0.07785 -0.793587
0.164 -0.0786335 -0.7734
0.165 -0.0793967 -0.753035
0.166 -0.0801395 -0.732498
0.167 -0.0808617 -0.711795
0.168 -0.0815631 -0.69093
0.169 -0.0822435 -0.66991
0.17 -0.0829028 -0.648738
0.171 -0.0835409 -0.627422
0.172 -0.0841576 -0.605966
0.173 -0.0847528 -0.584375
0.174 -0.0853263 -0.562656
0.175 -0.0858781 -0.540814
0.176 -0.0864079 -0.518854
0.177 -0.0869157 -0.496782
0.178 -0.0874014 -0.474603
0.179 -0.0878649 -0.452323
0.18 -0.0883061 -0.429949
0.181 -0.0887248 -0.407484
0.182 -0.089121 -0.384936
0.183 -0.0894946 -0.36231
0.184 -0.0898456 -0.339611
0.185 -0.0901738 -0.316846
0.186 -0.0904793 -0.294019
0.187 -0.0907618 -0.271137
0.188 -0.0910215 -0.248206
0.189 -0.0912582 -0.225231
0.19 -0.091472 -0.202219
0.191 -0.0916627 -0.179174
0.192 -0.0918303 -0.156103
0.193 -0.0919749 -0.133011
0.194 -0.0920963 -0.109904
0.195 -0.0921947 -0.0867888
0.196 -0.0922699 -0.06367
0.197 -0.092322 -0.0405539
0.198 -0.092351 -0.0174461
0.199 -0.0923569 0.00564762
0.2 -0.0923397 0.0287214
0.201 -0.0922995 0.0517696
0.202 -0.0922362 0.0747864
0.203 -0.0921499 0.0977662
0.204 -0.0920407 0.120703
0.205 -0.0919085 0.143591
0.206 -0.0917535 0.166426
0.207 -0.0915757 0.1892
0.208 -0.0913751 0.211909
0.209 -0.0911519 0.234547
0.21 -0.0909061 0.257108
0.211 -0.0906377 0.279587
0.212 -0.0903469 0.301977
0.213 -0.0900338 0.324275
0.214 -0.0896984 0.346474
0.215 -0.0893409 0.368568
0.216 -0.0889613 0.390553
0.217 -0.0885598 0.412422
0.218 -0.0881365 0.434171
0.219 -0.0876915 0.455794
0.22 -0.087225 0.477286
0.221 -0.086737 0.498641
0.222 -0.0862277 0.519854
0.223 -0.0856973 0.540921
0.224 -0.0851459 0.561836
0.225 -0.0845737 0.582594
0.226 -0.0839808 0.603189
0.227 -0.0833674 0.623617
0.228 -0.0827336 0.643873
0.229 -0.0820797 0.663952
0.23 -0.0814058 0.683849
0.231 -0.0807121 0.703559
0.232 -0.0799987 0.723078
0.233 -0.079266 0.7424
0.234 -0.078514 0.761521
0.235 -0.077743 0.780437
0.236 -0.0769532 0.799143
0.237 -0.0761448 0.817634
0.238 -0.075318 0.835905
0.239 -0.074473 0.853954
0.24 -0.0736102 0.871774
0.241 -0.0727296 0.889363
0.242 -0.0718315 0.906715
0.243 -0.0709162 0.923826
0.244 -0.0699839 0.940693
0.245 -0.0690349 0.957312
0.246 -0.0680694 0.973678
0.247 -0.0670877 0.989787
0.248 -0.0660899 1.00564
0.249 -0.0650765 1.02122
0.25 -0.0640476 1.03654
0.251 -0.0630035 1.05159
0.252 -0.0619445 1.06636
0.253 -0.0608709 1.08085
0.254 -0.0597829 1.09506
0.255 -0.0586808 1.10899
0.256 -0.057565 1.12263
0.257 -0.0564357 1.13597
0.258 -0.0552931 1.14903
0.259 -0.0541377 1.16178
0.26 -0.0529697 1.17424
0.261 -0.0517893 1.18639
0.262 -0.050597 1.19823
0.263 -0.049393 1.20977
0.264 -0.0481776 1.22099
0.265 -0.0469511 1.2319
0.266 -0.0457139 1.2425
0.267 -0.0444662 1.25277
0.268 -0.0432084 1.26272
0.269 -0.0419409 1.27235
0.27 -0.0406638 1.28166
0.271 -0.0393777 1.29063
0.272 -0.0380827 1.29928
0.273 -0.0367792 1.3076
0.274 -0.0354676 1.31558
0.275 -0.0341482 1.32322
0.276 -0.0328213 1.33053
0.277 -0.0314872 1.3375
0.278 -0.0301464 1.34414
0.279 -0.0287991 1.35043
0.28 -0.0274456 1.35638
0.281 -0.0260864 1.36198
0.282 -0.0247218 1.36724
0.283 -0.0233521 1.37215
0.284 -0.0219776 1.37672
0.285 -0.0205987 1.38094
0.286 -0.0192158 1.38481
0.287 -0.0178292 1.38833
0.288 -0.0164393 1.3915
0.289 -0.0150464 1.39432
0.29 -0.0136508 1.39679
0.291 -0.0122529 1.39891
0.292 -0.0108531 1.40068
0.293 -0.00945164 1.4021
0.294 -0.00804898 1.40316
0.295 -0.00664543 1.40388
0.296 -0.00524134 1.40424
0.297 -0.00383707 1.40425
0.298 -0.00243295 1.40391
0.299 -0.00102936 1.40322
0.3 0.000373374 1.40218
0.301 0.00177489 1.40079
0.302 0.00317484 1.39905
0.303 0.00457288 1.39697
0.304 0.00596866 1.39453
0.305 0.00736183 1.39175
0.306 0.00875205 1.38863
0.307 0.010139 1.38515
0.308 0.0115222 1.38134
0.309 0.0129015 1.37718
0.31 0.0142765 1.37269
0.311 0.0156468 1.36785
0.312 0.0170121 1.36267
0.313 0.018372 1.35716
0.314 0.0197263 1.35132
0.315 0.0210746 1.34514
0.316 0.0224165 1.33863
0.317 0.0237517 1.33179
0.318 0.0250799 1.32462
0.319 0.0264008 1.31713
0.32 0.0277141 1.30932
0.321 0.0290194 1.30118
0.322 0.0303163 1.29273
0.323 0.0316047 1.28395
0.324 0.0328841 1.27487
0.325 0.0341543 1.26547
0.326 0.035415 1.25577
0.327 0.0366658 1.24576
0.328 0.0379064 1.23544
0.329 0.0391366 1.22483
0.33 0.040356 1.21392
0.331 0.0415643 1.20271
0.332 0.0427613 1.19121
0.333 0.0439466 1.17942
0.334 0.04512 1.16735
0.335 0.0462812 1.155
0.336 0.0474299 1.14236
0.337 0.0485659 1.12946
0.338 0.0496888 1.11627
0.339 0.0507983 1.10283
0.34 0.0518943 1.08911
0.341 0.0529765 1.07514
0.342 0.0540445 1.06091
0.343 0.0550982 1.04642
0.344 0.0561373 1.03168
0.345 0.0571615 1.0167
0.346 0.0581706 1.00148
0.347 0.0591644 0.986015
0.348 0.0601425 0.970318
0.349 0.0611049 0.954392
0.35 0.0620512 0.93824
0.351 0.0629813 0.921867
0.352 0.0638949 0.905276
0.353 0.0647918 0.888472
0.354 0.0656718 0.87146
0.355 0.0665347 0.854244
0.356 0.0673802 0.836827
0.357 0.0682082 0.819216
0.358 0.0690186 0.801414
0.359 0.069811 0.783426
0.36 0.0705854 0.765257
0.361 0.0713415 0.746911
0.362 0.0720791 0.728393
0.363 0.0727982 0.709707
0.364 0.0734985 0.69086
0.365 0.0741799 0.671854
0.366 0.0748421 0.652696
0.367 0.0754852 0.63339
0.368 0.0761089 0.613942
0.369 0.076713 0.594355
0.37 0.0772975 0.574636
0.371 0.0778623 0.554789
0.372 0.0784071 0.534819
0.373 0.0789319 0.514731
0.374 0.0794365 0.494531
0.375 0.0799209 0.474224
0.376 0.0803849 0.453814
0.377 0.0808285 0.433307
0.378 0.0812515 0.412708
0.379 0.0816539 0.392022
0.38 0.0820355 0.371255
0.381 0.0823964 0.350412
0.382 0.0827363 0.329498
0.383 0.0830553 0.308519
0.384 0.0833533 0.287479
0.385 0.0836303 0.266384
0.386 0.0838861 0.245239
0.387 0.0841207 0.22405
0.388 0.0843342 0.202822
0.389 0.0845264 0.18156
0.39 0.0846973 0.16027
0.391 0.0848469 0.138957
0.392 0.0849752 0.117626
0.393 0.0850822 0.0962831
0.394 0.0851678 0.0749329
0.395 0.085232 0.0535811
0.396 0.0852749 0.032233
0.397 0.0852965 0.0108939
0.398 0.0852967 -0.0104309
0.399 0.0852756 -0.031736
0.4 0.0852333 -0.0530162
0.401 0.0851696 -0.0742661
0.402 0.0850847 -0.0954804
0.403 0.0849787 -0.116654
0.404 0.0848514 -0.137781
0.405 0.0847031 -0.158857
0.406 0.0845337 -0.179877
0.407 0.0843434 -0.200835
0.408 0.0841321 -0.221726
0.409 0.0839 -0.242544
0.41 0.083647 -0.263286
0.411 0.0833734 -0.283945
0.412 0.0830792 -0.304517
0.413 0.0827644 -0.324996
0.414 0.0824292 -0.345377
0.415 0.0820737 -0.365656
0.416 0.0816979 -0.385827
0.417 0.0813021 -0.405886
0.418 0.0808862 -0.425827
0.419 0.0804505 -0.445646
0.42 0.079995 -0.465338
0.421 0.0795198 -0.484897
0.422 0.0790252 -0.50432
0.423 0.0785112 -0.523602
0.424 0.0779781 -0.542737
0.425 0.0774258 -0.561721
0.426 0.0768547 -0.580549
0.427 0.0762648 -0.599218
0.428 0.0756563 -0.617721
0.429 0.0750294 -0.636056
0.43 0.0743842 -0.654217
0.431 0.073721 -0.6722
0.432 0.0730399 -0.69
0.433 0.0723411 -0.707614
0.434 0.0716247 -0.725037
0.435 0.0708911 -0.742265
0.436 0.0701403 -0.759294
0.437 0.0693725 -0.776119
0.438 0.0685881 -0.792737
0.439 0.0677871 -0.809143
0.44 0.0669699 -0.825335
0.441 0.0661365 -0.841307
0.442 0.0652873 -0.857056
0.443 0.0644225 -0.872578
0.444 0.0635423 -0.887869
0.445 0.0626468 -0.902927
0.446 0.0617365 -0.917747
0.447 0.0608114 -0.932326
0.448 0.0598719 -0.94666
0.449 0.0589182 -0.960746
0.45 0.0579505 -0.974581
0.451 0.0569691 -0.988161
0.452 0.0559743 -1.00148
0.453 0.0549662 -1.01454
0.454 0.0539453 -1.02734
0.455 0.0529116 -1.03987
0.456 0.0518656 -1.05213
0.457 0.0508075 -1.06412
0.458 0.0497375 -1.07583
0.459 0.0486559 -1.08727
0.46 0.047563 -1.09842
0.461 0.0464591 -1.10929
0.462 0.0453445 -1.11987
0.463 0.0442195 -1.13017
0.464 0.0430843 -1.14018
0.465 0.0419392 -1.14989
0.466 0.0407846 -1.1593
0.467 0.0396207 -1.16842
0.468 0.0384479 -1.17724
0.469 0.0372663 -1.18576
0.47 0.0360764 -1.19398
0.471 0.0348785 -1.20189
0.472 0.0336728 -1.2095
0.473 0.0324596 -1.21679
0.474 0.0312393 -1.22378
0.475 0.0300121 -1.23045
0.476 0.0287785 -1.23681
0.477 0.0275386 -1.24286
0.478 0.0262929 -1.2486
0.479 0.0250415 -1.25401
0.48 0.0237849 -1.25911
0.481 0.0225234 -1.26389
0.482 0.0212573 -1.26835
0.483 0.0199868 -1.27249
0.484 0.0187124 -1.27631
0.485 0.0174343 -1.2798
0.486 0.0161529 -1.28297
0.487 0.0148685 -1.28583
0.488 0.0135814 -1.28835
0.489 0.0122919 -1.29055
0.49 0.0110004 -1.29243
0.491 0.00970713 -1.29399
0.492 0.0084125 -1.29522
0.493 0.00711681 -1.29612
0.494 0.00582037 -1.2967
0.495 0.00452352 -1.29696
0.496 0.00322657 -1.29689
0.497 0.00192985 -1.29649
0.498 0.000633688 -1.29578
0.499 -0.000661597 -1.29474
0.5 -0.00195568 -1.29338
0.501 -0.00324824 -1.29169
0.502 -0.00453896 -1.28968
0.503 -0.0058275 -1.28736
0.504 -0.00711357 -1.28471
0.505 -0.00839682 -1.28175
0.506 -0.00967695 -1.27846
0.507 -0.0109536 -1.27486
0.508 -0.0122266 -1.27095
0.509 -0.0134954 -1.26672
0.51 -0.0147599 -1.26217
0.511 -0.0160197 -1.25732
0.512 -0.0172744 -1.25215
0.513 -0.0185239 -1.24668
0.514 -0.0197677 -1.2409
0.515 -0.0210056 -1.23481
0.516 -0.0222372 -1.22842
0.517 -0.0234623 -1.22173
0.518 -0.0246805 -1.21473
0.519 -0.0258917 -1.20744
0.52 -0.0270953 -1.19986
0.521 -0.0282913 -1.19198
0.522 -0.0294792 -1.1838
0.523 -0.0306588 -1.17534
0.524 -0.0318298 -1.16659
0.525 -0.0329919 -1.15756
0.526 -0.0341448 -1.14825
0.527 -0.0352883 -1.13865
0.528 -0.036422 -1.12878
0.529 -0.0375458 -1.11864
0.53 -0.0386592 -1.10822
0.531 -0.0397621 -1.09753
0.532 -0.0408542 -1.08658
0.533 -0.0419352 -1.07537
0.534 -0.0430048 -1.0639
0.535 -0.0440629 -1.05217
0.536 -0.0451091 -1.04018
0.537 -0.0461432 -1.02795
0.538 -0.0471649 -1.01547
0.539 -0.048174 -1.00274
0.54 -0.0491703 -0.989778
0.541 -0.0501535 -0.976575
0.542 -0.0511234 -0.963139
0.543 -0.0520797 -0.949474
0.544 -0.0530223 -0.935582
0.545 -0.0539508 -0.921467
0.546 -0.0548651 -0.907133
0.547 -0.055765 -0.892584
0.548 -0.0566502 -0.877824
0.549 -0.0575206 -0.862856
0.55 -0.0583759 -0.847684
0.551 -0.0592159 -0.832313
0.552 -0.0600404 -0.816746
0.553 -0.0608493 -0.800987
0.554 -0.0616423 -0.785041
0.555 -0.0624193 -0.768911
0.556 -0.0631801 -0.752603
0.557 -0.0639245 -0.736119
0.558 -0.0646523 -0.719464
0.559 -0.0653633 -0.702643
0.56 -0.0660575 -0.68566
0.561 -0.0667346 -0.668518
0.562 -0.0673945 -0.651224
0.563 -0.068037 -0.633781
0.564 -0.068662 -0.616193
0.565 -0.0692693 -0.598465
0.566 -0.0698589 -0.580602
0.567 -0.0704305 -0.562608
0.568 -0.0709841 -0.544488
0.569 -0.0715194 -0.526247
0.57 -0.0720365 -0.507888
0.571 -0.0725352 -0.489417
0.572 -0.0730153 -0.470839
0.573 -0.0734768 -0.452158
0.574 -0.0739196 -0.433379
0.575 -0.0743435 -0.414506
0.576 -0.0747486 -0.395546
0.577 -0.0751346 -0.376501
0.578 -0.0755016 -0.357377
0.579 -0.0758493 -0.33818
0.58 -0.0761779 -0.318913
0.581 -0.0764871 -0.299582
0.582 -0.076777 -0.280192
0.583 -0.0770475 -0.260747
0.584 -0.0772985 -0.241253
0.585 -0.07753 -0.221714
0.586 -0.0777419 -0.202135
0.587 -0.0779343 -0.182521
0.588 -0.078107 -0.162877
0.589 -0.07826 -0.143208
0.59 -0.0783934 -0.12352
0.591 -0.078507 -0.103816
0.592 -0.078601 -0.0841016
0.593 -0.0786752 -0.0643823
0.594 -0.0787298 -0.0446626
0.595 -0.0787646 -0.0249476
0.596 -0.0787797 -0.00524204
0.597 -0.0787751 0.014449
0.598 -0.0787508 0.0341207
0.599 -0.0787068 0.0537682
0.6 -0.0786432 0.0733865
0.601 -0.0785601 0.0929708
0.602 -0.0784573 0.112516
0.603 -0.078335 0.132018
0.604 -0.0781933 0.151471
0.605 -0.0780321 0.17087
0.606 -0.0778516 0.190212
0.607 -0.0776517 0.20949
0.608 -0.0774326 0.228701
0.609 -0.0771943 0.247839
0.61 -0.076937 0.2669
0.611 -0.0766606 0.285879
0.612 -0.0763652 0.304771
0.613 -0.0760511 0.323572
0.614 -0.0757181 0.342278
0.615 -0.0753665 0.360882
0.616 -0.0749964 0.379382
0.617 -0.0746078 0.397772
0.618 -0.0742009 0.416048
0.619 -0.0737758 0.434205
0.62 -0.0733325 0.45224
0.621 -0.0728713 0.470147
0.622 -0.0723923 0.487922
0.623 -0.0718955 0.505561
0.624 -0.0713812 0.523059
0.625 -0.0708494 0.540413
0.626 -0.0703004 0.557618
0.627 -0.0697343 0.574669
0.628 -0.0691511 0.591564
0.629 -0.0685512 0.608297
0.63 -0.0679346 0.624865
0.631 -0.0673015 0.641263
0.632 -0.0666521 0.657488
0.633 -0.0659866 0.673536
0.634 -0.0653051 0.689403
0.635 -0.0646079 0.705084
0.636 -0.063895 0.720577
0.637 -0.0631668 0.735878
0.638 -0.0624233 0.750982
0.639 -0.0616649 0.765887
0.64 -0.0608916 0.780588
0.641 -0.0601038 0.795082
0.642 -0.0593015 0.809366
0.643 -0.0584851 0.823437
0.644 -0.0576547 0.83729
0.645 -0.0568106 0.850924
0.646 -0.0559529 0.864333
0.647 -0.055082 0.877516
0.648 -0.054198 0.890469
0.649 -0.0533011 0.903189
0.65 -0.0523917 0.915674
0.651 -0.0514699 0.927919
0.652 -0.0505359 0.939923
0.653 -0.0495901 0.951682
0.654 -0.0486326 0.963194
0.655 -0.0476638 0.974457
0.656 -0.0466838 0.985466
0.657 -0.045693 0.996221
0.658 -0.0446915 1.00672
0.659 -0.0436796 1.01696
0.66 -0.0426576 1.02693
0.661 -0.0416258 1.03664
0.662 -0.0405844 1.04608
0.663 -0.0395338 1.05526
0.664 -0.038474 1.06416
0.665 -0.0374055 1.07279
0.666 -0.0363285 1.08115
0.667 -0.0352433 1.08923
0.668 -0.0341502 1.09703
0.669 -0.0330494 1.10454
0.67 -0.0319412 1.11178
0.671 -0.0308259 1.11874
0.672 -0.0297038 1.1254
0.673 -0.0285752 1.13179
0.674 -0.0274403 1.13788
0.675 -0.0262995 1.14369
0.676 -0.025153 1.1492
0.677 -0.0240012 1.15442
0.678 -0.0228443 1.15935
0.679 -0.0216826 1.16399
0.68 -0.0205164 1.16833
0.681 -0.019346 1.17238
0.682 -0.0181718 1.17613
0.683 -0.0169939 1.17958
0.684 -0.0158127 1.18274
0.685 -0.0146285 1.1856
0.686 -0.0134416 1.18816
0.687 -0.0122523 1.19042
0.688 -0.0110609 1.19238
0.689 -0.00986763 1.19404
0.69 -0.00867289 1.1954
0.691 -0.00747693 1.19646
0.692 -0.00628007 1.19722
0.693 -0.00508258 1.19769
0.694 -0.00388479 1.19785
0.695 -0.00268699 1.19771
0.696 -0.00148947 1.19728
0.697 -0.000292532 1.19654
0.698 0.000903518 1.19551
0.699 0.00209839 1.19418
0.7 0.00329177 1.19255
0.701 0.00448339 1.19062
0.702 0.00567292 1.1884
0.703 0.00686009 1.18589
0.704 0.0080446 1.18308
0.705 0.00922615 1.17997
0.706 0.0104044 1.17657
0.707 0.0115792 1.17289
0.708 0.0127501 1.16891
0.709 0.0139169 1.16464
0.71 0.0150793 1.16009
0.711 0.016237 1.15525
0.712 0.0173897 1.15012
0.713 0.0185371 1.14471
0.714 0.019679 1.13902
0.715 0.0208151 1.13305
0.716 0.021945 1.1268
0.717 0.0230686 1.12028
0.718 0.0241855 1.11348
0.719 0.0252955 1.1064
0.72 0.0263982 1.09906
0.721 0.0274935 1.09145
0.722 0.028581 1.08357
0.723 0.0296605 1.07542
0.724 0.0307318 1.06702
0.725 0.0317945 1.05835
0.726 0.0328484 1.04943
0.727 0.0338933 1.04025
0.728 0.0349288 1.03082
0.729 0.0359548 1.02113
0.73 0.036971 1.01121
0.731 0.0379771 1.00103
0.732 0.038973 0.990616
0.733 0.0399583 0.979961
0.734 0.0409328 0.96907
0.735 0.0418963 0.957945
0.736 0.0428486 0.94659
0.737 0.0437894 0.935007
0.738 0.0447186 0.9232
0.739 0.0456358 0.911172
0.74 0.0465408 0.898926
0.741 0.0474336 0.886465
0.742 0.0483137 0.873792
0.743 0.0491811 0.860911
0.744 0.0500355 0.847825
0.745 0.0508767 0.834538
0.746 0.0517045 0.821052
0.747 0.0525187 0.807373
0.748 0.0533191 0.793503
0.749 0.0541056 0.779445
0.75 0.054878 0.765204
0.751 0.055636 0.750783
0.752 0.0563795 0.736186
0.753 0.0571083 0.721416
0.754 0.0578223 0.706479
0.755 0.0585212 0.691376
0.756 0.059205 0.676113
0.757 0.0598734 0.660693
0.758 0.0605263 0.645121
0.759 0.0611636 0.629399
0.76 0.061785 0.613533
0.761 0.0623906 0.597527
0.762 0.06298 0.581383
0.763 0.0635533 0.565108
0.764 0.0641102 0.548704
0.765 0.0646507 0.532176
0.766 0.0651745 0.515528
0.767 0.0656817 0.498765
0.768 0.066172 0.481891
0.769 0.0666454 0.46491
0.77 0.0671018 0.447826
0.771 0.0675411 0.430644
0.772 0.0679631 0.413368
0.773 0.0683678 0.396002
0.774 0.068755 0.378552
0.775 0.0691248 0.361021
0.776 0.0694771 0.343413
0.777 0.0698116 0.325734
0.778 0.0701285 0.307988
0.779 0.0704276 0.290179
0.78 0.0707088 0.272311
0.781 0.0709722 0.25439
0.782 0.0712176 0.23642
0.783 0.071445 0.218404
0.784 0.0716544 0.200349
0.785 0.0718457 0.182258
0.786 0.0720189 0.164136
0.787 0.072174 0.145988
0.788 0.0723109 0.127817
0.789 0.0724296 0.109629
0.79 0.0725301 0.0914284
0.791 0.0726125 0.0732193
0.792 0.0726766 0.0550065
0.793 0.0727225 0.0367946
0.794 0.0727502 0.018588
0.795 0.0727596 0.000391255
0.796 0.0727509 -0.017791
0.797 0.0727241 -0.0359542
0.798 0.072679 -0.054094
0.799 0.0726159 -0.0722057
0.8 0.0725346 -0.0902849
0.801 0.0724353 -0.108327
0.802 0.072318 -0.126328
0.803 0.0721827 -0.144282
0.804 0.0720295 -0.162187
0.805 0.0718583 -0.180036
0.806 0.0716694 -0.197826
0.807 0.0714627 -0.215553
0.808 0.0712383 -0.233211
0.809 0.0709963 -0.250798
0.81 0.0707368 -0.268307
0.811 0.0704597 -0.285735
0.812 0.0701653 -0.303078
0.813 0.0698536 -0.320331
0.814 0.0695247 -0.337491
0.815 0.0691786 -0.354552
0.816 0.0688156 -0.371512
0.817 0.0684357 -0.388364
0.818 0.0680389 -0.405107
0.819 0.0676255 -0.421734
0.82 0.0671955 -0.438243
0.821 0.066749 -0.45463
0.822 0.0662863 -0.470889
0.823 0.0658073 -0.487018
0.824 0.0653123 -0.503012
0.825 0.0648013 -0.518868
0.826 0.0642746 -0.534581
0.827 0.0637322 -0.550149
0.828 0.0631743 -0.565566
0.829 0.0626011 -0.58083
0.83 0.0620127 -0.595936
0.831 0.0614093 -0.610881
0.832 0.060791 -0.625662
0.833 0.060158 -0.640275
0.834 0.0595105 -0.654716
0.835 0.0588487 -0.668981
0.836 0.0581726 -0.683068
0.837 0.0574826 -0.696974
0.838 0.0567787 -0.710693
0.839 0.0560613 -0.724225
0.84 0.0553304 -0.737564
0.841 0.0545862 -0.750709
0.842 0.053829 -0.763655
0.843 0.053059 -0.7764
0.844 0.0522763 -0.788941
0.845 0.0514812 -0.801275
0.846 0.0506738 -0.813399
0.847 0.0498544 -0.82531
0.848 0.0490232 -0.837005
0.849 0.0481805 -0.848481
0.85 0.0473264 -0.859737
0.851 0.0464611 -0.870768
0.852 0.0455849 -0.881573
0.853 0.044698 -0.892149
0.854 0.0438007 -0.902494
0.855 0.0428931 -0.912605
0.856 0.0419755 -0.922479
0.857 0.0410482 -0.932116
0.858 0.0401114 -0.941511
0.859 0.0391653 -0.950664
0.86 0.0382102 -0.959572
0.861 0.0372462 -0.968233
0.862 0.0362738 -0.976646
0.863 0.035293 -0.984807
0.864 0.0343042 -0.992716
0.865 0.0333077 -1.00037
0.866 0.0323036 -1.00777
0.867 0.0312922 -1.01491
0.868 0.0302739 -1.02179
0.869 0.0292487 -1.02841
0.87 0.0282171 -1.03477
0.871 0.0271793 -1.04086
0.872 0.0261355 -1.04669
0.873 0.025086 -1.05226
0.874 0.0240311 -1.05755
0.875 0.022971 -1.06258
0.876 0.021906 -1.06734
0.877 0.0208364 -1.07182
0.878 0.0197624 -1.07604
0.879 0.0186844 -1.07998
0.88 0.0176026 -1.08365
0.881 0.0165172 -1.08705
0.882 0.0154285 -1.09017
0.883 0.0143369 -1.09302
0.884 0.0132426 -1.09559
0.885 0.0121458 -1.09789
0.886 0.0110469 -1.09991
0.887 0.00994611 -1.10165
0.888 0.0088437 -1.10312
0.889 0.00773997 -1.10431
0.89 0.00663518 -1.10522
0.891 0.00552962 -1.10586
0.892 0.00442356 -1.10622
0.893 0.00331727 -1.1063
0.894 0.00221105 -1.10611
0.895 0.00110515 -1.10564
0.896 -1.31534e-07 -1.10489
0.897 -0.00110453 -1.10387
0.898 -0.00220778 -1.10257
0.899 -0.00330958 -1.101
0.9 -0.00440968 -1.09916
0.901 -0.0055078 -1.09704
0.902 -0.00660367 -1.09465
0.903 -0.007697 -1.09198
0.904 -0.00878754 -1.08905
0.905 -0.00987502 -1.08585
0.906 -0.0109592 -1.08238
0.907 -0.0120397 -1.07864
0.908 -0.0131163 -1.07463
0.909 -0.0141889 -1.07036
0.91 -0.015257 -1.06582
0.911 -0.0163204 -1.06103
0.912 -0.0173789 -1.05597
0.913 -0.0184323 -1.05065
0.914 -0.0194801 -1.04507
0.915 -0.0205223 -1.03924
0.916 -0.0215585 -1.03315
0.917 -0.0225885 -1.0268
0.918 -0.0236121 -1.02021
0.919 -0.0246289 -1.01337
0.92 -0.0256387 -1.00628
0.921 -0.0266413 -0.998938
0.922 -0.0276365 -0.991357
0.923 -0.028624 -0.983534
0.924 -0.0296035 -0.975472
0.925 -0.0305748 -0.967173
0.926 -0.0315378 -0.958638
0.927 -0.032492 -0.949871
0.928 -0.0334374 -0.940873
0.929 -0.0343737 -0.931647
0.93 -0.0353006 -0.922196
0.931 -0.036218 -0.912522
0.932 -0.0371256 -0.902628
0.933 -0.0380232 -0.892516
0.934 -0.0389106 -0.882189
0.935 -0.0397875 -0.87165
0.936 -0.0406538 -0.860902
0.937 -0.0415092 -0.849947
0.938 -0.0423536 -0.838788
0.939 -0.0431868 -0.827429
0.94 -0.0440084 -0.815872
0.941 -0.0448184 -0.804121
0.942 -0.0456166 -0.792177
0.943 -0.0464027 -0.780046
0.944 -0.0471766 -0.767729
0.945 -0.0479381 -0.75523
0.946 -0.048687 -0.742553
0.947 -0.0494232 -0.7297
0.948 -0.0501464 -0.716675
0.949 -0.0508565 -0.703481
0.95 -0.0515533 -0.690122
0.951 -0.0522367 -0.676601
0.952 -0.0529064 -0.662922
0.953 -0.0535624 -0.649089
0.954 -0.0542046 -0.635104
0.955 -0.0548326 -0.620971
0.956 -0.0554465 -0.606695
0.957 -0.0560459 -0.592279
0.958 -0.056631 -0.577726
0.959 -0.0572014 -0.56304
0.96 -0.057757 -0.548225
0.961 -0.0582978 -0.533286
0.962 -0.0588235 -0.518225
0.963 -0.0593342 -0.503046
0.964 -0.0598296 -0.487754
0.965 -0.0603096 -0.472352
0.966 -0.0607743 -0.456845
0.967 -0.0612233 -0.441235
0.968 -0.0616567 -0.425528
0.969 -0.0620743 -0.409728
0.97 -0.0624761 -0.393837
0.971 -0.062862 -0.377861
0.972 -0.0632318 -0.361803
0.973 -0.0635856 -0.345667
0.974 -0.0639231 -0.329458
0.975 -0.0642444 -0.31318
0.976 -0.0645495 -0.296836
0.977 -0.0648381 -0.280432
0.978 -0.0651103 -0.26397
0.979 -0.065366 -0.247456
0.98 -0.0656052 -0.230892
0.981 -0.0658278 -0.214285
0.982 -0.0660338 -0.197637
0.983 -0.0662231 -0.180953
0.984 -0.0663957 -0.164237
0.985 -0.0665515 -0.147494
0.986 -0.0666906 -0.130727
0.987 -0.066813 -0.113941
0.988 -0.0669185 -0.0971398
0.989 -0.0670072 -0.0803277
0.99 -0.0670792 -0.063509
0.991 -0.0671343 -0.0466879
0.992 -0.0671725 -0.0298686
0.993 -0.067194 -0.0130552
0.994 -0.0671987 0.00374791
0.995 -0.0671865 0.0205367
0.996 -0.0671576 0.0373069
0.997 -0.0671119 0.0540544
0.998 -0.0670495 0.070775
0.999 -0.0669704 0.0874645
1 -0.0668746 0.104119
1.001 -0.0667621 0.120734
1.002 -0.0666331 0.137305
1.003 -0.0664875 0.153829
1.004 -0.0663255 0.170302
1.005 -0.066147 0.186718
1.006 -0.0659521 0.203075
1.007 -0.0657408 0.219368
1.008 -0.0655133 0.235593
1.009 -0.0652697 0.251746
1.01 -0.0650099 0.267824
1.011 -0.064734 0.283822
1.012 -0.0644423 0.299735
1.013 -0.0641346 0.315562
1.014 -0.0638112 0.331297
1.015 -0.063472 0.346936
1.016 -0.0631173 0.362476
1.017 -0.0627471 0.377913
1.018 -0.0623615 0.393244
1.019 -0.0619607 0.408464
1.02 -0.0615446 0.423569
1.021 -0.0611136 0.438557
1.022 -0.0606676 0.453423
1.023 -0.0602068 0.468164
1.024 -0.0597313 0.482776
1.025 -0.0592413 0.497256
1.026 -0.0587368 0.5116
1.027 -0.0582181 0.525805
1.028 -0.0576853 0.539867
1.029 -0.0571384 0.553783
1.03 -0.0565777 0.567549
1.031 -0.0560034 0.581162
1.032 -0.0554155 0.59462
1.033 -0.0548142 0.607918
1.034 -0.0541997 0.621053
1.035 -0.0535721 0.634023
1.036 -0.0529317 0.646824
1.037 -0.0522785 0.659453
1.038 -0.0516129 0.671907
1.039 -0.0509348 0.684183
1.04 -0.0502445 0.696279
1.041 -0.0495423 0.70819
1.042 -0.0488282 0.719916
1.043 -0.0481025 0.731452
1.044 -0.0473654 0.742796
1.045 -0.046617 0.753945
1.046 -0.0458576 0.764897
1.047 -0.0450873 0.775649
1.048 -0.0443063 0.786199
1.049 -0.0435149 0.796544
1.05 -0.0427133 0.806681
1.051 -0.0419017 0.816609
1.052 -0.0410802 0.826325
1.053 -0.0402491 0.835826
1.054 -0.0394086 0.845111
1.055 -0.0385589 0.854177
1.056 -0.0377003 0.863023
1.057 -0.036833 0.871646
1.058 -0.0359571 0.880044
1.059 -0.0350729 0.888216
1.06 -0.0341807 0.896159
1.061 -0.0332807 0.903872
1.062 -0.0323731 0.911353
1.063 -0.0314581 0.9186
1.064 -0.0305359 0.925611
1.065 -0.0296069 0.932386
1.066 -0.0286713 0.938922
1.067 -0.0277292 0.945219
1.068 -0.0267809 0.951274
1.069 -0.0258267 0.957087
1.07 -0.0248668 0.962656
1.071 -0.0239015 0.96798
1.072 -0.0229309 0.973057
1.073 -0.0219554 0.977888
1.074 -0.0209752 0.98247
1.075 -0.0199906 0.986803
1.076 -0.0190017 0.990886
1.077 -0.0180089 0.994719
1.078 -0.0170124 0.998299
1.079 -0.0160124 1.00163
1.08 -0.0150092 1.0047
1.081 -0.0140031 1.00752
1.082 -0.0129942 1.01009
1.083 -0.011983 1.0124
1.084 -0.0109695 1.01446
1.085 -0.00995411 1.01627
1.086 -0.00893705 1.01781
1.087 -0.00791857 1.01911
1.088 -0.00689893 1.02014
1.089 -0.00587837 1.02092
1.09 -0.00485716 1.02145
1.091 -0.00383556 1.02172
1.092 -0.00281381 1.02173
1.093 -0.00179218 1.02149
1.094 -0.000770918 1.02099
1.095 0.000249722 1.02024
1.096 0.00126948 1.01924
1.097 0.00228811 1.01798
1.098 0.00330535 1.01646
1.099 0.00432095 1.0147
1.1 0.00533466 1.01268
1.101 0.00634623 1.01041
1.102 0.0073554 1.00789
1.103 0.00836193 1.00512
1.104 0.00936556 1.0021
1.105 0.010366 0.998835
1.106 0.0113631 0.995321
1.107 0.0123566 0.991561
1.108 0.0133462 0.987556
1.109 0.0143316 0.983308
1.11 0.0153127 0.978818
1.111 0.0162892 0.974086
1.112 0.0172608 0.969115
1.113 0.0182273 0.963906
1.114 0.0191885 0.95846
1.115 0.0201442 0.952778
1.116 0.021094 0.946864
1.117 0.0220378 0.940717
1.118 0.0229754 0.93434
1.119 0.0239064 0.927735
1.12 0.0248308 0.920903
1.121 0.0257482 0.913847
1.122 0.0266584 0.906568
1.123 0.0275612 0.899068
1.124 0.0284565 0.891349
1.125 0.0293439 0.883414
1.126 0.0302232 0.875265
1.127 0.0310943 0.866903
1.128 0.031957 0.858331
1.129 0.0328109 0.849552
1.13 0.033656 0.840567
1.131 0.034492 0.83138
1.132 0.0353187 0.821992
1.133 0.0361359 0.812406
1.134 0.0369434 0.802625
1.135 0.0377411 0.792651
1.136 0.0385287 0.782487
1.137 0.039306 0.772136
1.138 0.0400729 0.761599
1.139 0.0408291 0.750881
1.14 0.0415746 0.739984
1.141 0.042309 0.728911
1.142 0.0430323 0.717665
1.143 0.0437443 0.706248
1.144 0.0444448 0.694663
1.145 0.0451336 0.682915
1.146 0.0458106 0.671005
1.147 0.0464755 0.658937
1.148 0.0471284 0.646714
1.149 0.0477689 0.634339
1.15 0.048397 0.621816
1.151 0.0490125 0.609147
1.152 0.0496153 0.596336
1.153 0.0502051 0.583386
1.154 0.050782 0.570301
1.155 0.0513457 0.557084
1.156 0.0518961 0.543738
1.157 0.0524331 0.530267
1.158 0.0529566 0.516674
1.159 0.0534664 0.502963
1.16 0.0539625 0.489137
1.161 0.0544447 0.4752
1.162 0.0549129 0.461156
1.163 0.0553669 0.447007
1.164 0.0558068 0.432758
1.165 0.0562324 0.418413
1.166 0.0566436 0.403974
1.167 0.0570403 0.389446
1.168 0.0574225 0.374832
1.169 0.05779 0.360136
1.17 0.0581427 0.345362
1.171 0.0584807 0.330513
1.172 0.0588037 0.315594
1.173 0.0591118 0.300608
1.174 0.0594049 0.285558
1.175 0.0596829 0.27045
1.176 0.0599458 0.255286
1.177 0.0601935 0.24007
1.178 0.0604259 0.224806
1.179 0.0606431 0.209498
1.18 0.0608449 0.194151
1.181 0.0610314 0.178767
1.182 0.0612024 0.16335
1.183 0.0613581 0.147905
1.184 0.0614982 0.132436
1.185 0.0616229 0.116945
1.186 0.0617321 0.101438
1.187 0.0618258 0.0859184
1.188 0.061904 0.0703893
1.189 0.0619666 0.0548551
1.19 0.0620137 0.0393196
1.191 0.0620452 0.0237866
1.192 0.0620613 0.0082602
1.193 0.0620618 -0.00725591
1.194 0.0620467 -0.0227578
1.195 0.0620162 -0.0382416
1.196 0.0619703 -0.0537034
1.197 0.0619088 -0.0691395
1.198 0.061832 -0.084546
1.199 0.0617398 -0.099919
1.2 0.0616322 -0.115255
1.201 0.0615093 -0.130549
1.202 0.0613711 -0.145799
1.203 0.0612177 -0.161
1.204 0.0610491 -0.176149
1.205 0.0608654 -0.191242
1.206 0.0606666 -0.206275
1.207 0.0604529 -0.221244
1.208 0.0602242 -0.236146
1.209 0.0599806 -0.250977
1.21 0.0597223 -0.265733
1.211 0.0594492 -0.280412
1.212 0.0591615 -0.295008
1.213 0.0588592 -0.309519
1.214 0.0585424 -0.323941
1.215 0.0582113 -0.338271
1.216 0.0578659 -0.352505
1.217 0.0575064 -0.366639
1.218 0.0571327 -0.38067
1.219 0.0567451 -0.394595
1.22 0.0563435 -0.40841
1.221 0.0559283 -0.422112
1.222 0.0554994 -0.435698
1.223 0.0550569 -0.449164
1.224 0.0546011 -0.462506
1.225 0.0541319 -0.475723
1.226 0.0536497 -0.48881
1.227 0.0531544 -0.501765
1.228 0.0526462 -0.514583
1.229 0.0521252 -0.527263
1.23 0.0515917 -0.539801
1.231 0.0510457 -0.552195
1.232 0.0504874 -0.56444
1.233 0.0499169 -0.576534
1.234 0.0493343 -0.588475
1.235 0.04874 -0.600259
1.236 0.0481339 -0.611883
1.237 0.0475163 -0.623346
1.238 0.0468872 -0.634643
1.239 0.046247 -0.645773
1.24 0.0455958 -0.656733
1.241 0.0449336 -0.667519
1.242 0.0442608 -0.678131
1.243 0.0435774 -0.688564
1.244 0.0428837 -0.698817
1.245 0.0421798 -0.708887
1.246 0.041466 -0.718772
1.247 0.0407424 -0.728469
1.248 0.0400091 -0.737977
1.249 0.0392665 -0.747292
1.25 0.0385146 -0.756414
1.251 0.0377537 -0.765339
1.252 0.036984 -0.774065
1.253 0.0362056 -0.782591
1.254 0.0354189 -0.790915
1.255 0.0346239 -0.799035
1.256 0.0338209 -0.806948
1.257 0.0330101 -0.814653
1.258 0.0321916 -0.822149
1.259 0.0313658 -0.829433
1.26 0.0305328 -0.836504
1.261 0.0296929 -0.843361
1.262 0.0288462 -0.850001
1.263 0.027993 -0.856423
1.264 0.0271334 -0.862627
1.265 0.0262678 -0.868609
1.266 0.0253963 -0.87437
1.267 0.0245191 -0.879908
1.268 0.0236365 -0.885222
1.269 0.0227487 -0.89031
1.27 0.021856 -0.895171
1.271 0.0209585 -0.899805
1.272 0.0200565 -0.90421
1.273 0.0191501 -0.908386
1.274 0.0182398 -0.912332
1.275 0.0173255 -0.916046
1.276 0.0164077 -0.919529
1.277 0.0154866 -0.922779
1.278 0.0145623 -0.925795
1.279 0.0136351 -0.928578
1.28 0.0127052 -0.931127
1.281 0.0117729 -0.933441
1.282 0.0108384 -0.93552
1.283 0.00990192 -0.937363
1.284 0.00896373 -0.938971
1.285 0.00802406 -0.940343
1.286 0.00708313 -0.941478
1.287 0.00614118 -0.942378
1.288 0.00519845 -0.943041
1.289 0.00425518 -0.943468
1.29 0.00331159 -0.943659
1.291 0.00236794 -0.943614
1.292 0.00142444 -0.943333
1.293 0.000481348 -0.942817
1.294 -0.000461113 -0.942066
1.295 -0.0014027 -0.941079
1.296 -0.00234319 -0.939859
1.297 -0.00328234 -0.938404
1.298 -0.00421992 -0.936716
1.299 -0.0051557 -0.934796
1.3 -0.00608944 -0.932643
1.301 -0.00702091 -0.930259
1.302 -0.00794988 -0.927644
1.303 -0.00887612 -0.9248
1.304 -0.0097994 -0.921727
1.305 -0.0107195 -0.918426
1.306 -0.0116362 -0.914898
1.307 -0.0125492 -0.911144
1.308 -0.0134584 -0.907166
1.309 -0.0143635 -0.902964
1.31 -0.0152642 -0.89854
1.311 -0.0161605 -0.893895
1.312 -0.017052 -0.88903
1.313 -0.0179385 -0.883947
1.314 -0.0188198 -0.878647
1.315 -0.0196957 -0.873132
1.316 -0.020566 -0.867403
1.317 -0.0214304 -0.861461
1.318 -0.0222888 -0.85531
1.319 -0.023141 -0.848949
1.32 -0.0239867 -0.842381
1.321 -0.0248257 -0.835608
1.322 -0.0256578 -0.828632
1.323 -0.0264829 -0.821454
1.324 -0.0273007 -0.814077
1.325 -0.028111 -0.806502
1.326 -0.0289136 -0.798732
1.327 -0.0297084 -0.790768
1.328 -0.0304951 -0.782613
1.329 -0.0312735 -0.774269
1.33 -0.0320435 -0.765738
1.331 -0.0328049 -0.757023
1.332 -0.0335575 -0.748125
1.333 -0.0343011 -0.739048
1.334 -0.0350356 -0.729793
1.335 -0.0357607 -0.720363
1.336 -0.0364762 -0.710761
1.337 -0.0371821 -0.700989
1.338 -0.0378782 -0.691049
1.339 -0.0385642 -0.680945
1.34 -0.03924 -0.670679
1.341 -0.0399055 -0.660253
1.342 -0.0405604 -0.64967
1.343 -0.0412048 -0.638934
1.344 -0.0418383 -0.628047
1.345 -0.0424608 -0.617011
1.346 -0.0430722 -0.60583
1.347 -0.0436724 -0.594507
1.348 -0.0442612 -0.583044
1.349 -0.0448385 -0.571444
1.35 -0.045404 -0.559711
1.351 -0.0459578 -0.547848
1.352 -0.0464997 -0.535857
1.353 -0.0470295 -0.523741
1.354 -0.0475471 -0.511505
1.355 -0.0480525 -0.49915
1.356 -0.0485454 -0.486681
1.357 -0.0490258 -0.4741
1.358 -0.0494936 -0.461411
1.359 -0.0499486 -0.448616
1.36 -0.0503908 -0.43572
1.361 -0.05082 -0.422725
1.362 -0.0512362 -0.409635
1.363 -0.0516392 -0.396452
1.364 -0.0520291 -0.383182
1.365 -0.0524056 -0.369826
1.366 -0.0527687 -0.356388
1.367 -0.0531183 -0.342872
1.368 -0.0534544 -0.329282
1.369 -0.0537769 -0.31562
1.37 -0.0540856 -0.301889
1.371 -0.0543806 -0.288095
1.372 -0.0546618 -0.274239
1.373 -0.0549291 -0.260326
1.374 -0.0551824 -0.24636
1.375 -0.0554218 -0.232342
1.376 -0.0556471 -0.218278
1.377 -0.0558583 -0.204171
1.378 -0.0560554 -0.190023
1.379 -0.0562384 -0.17584
1.38 -0.0564071 -0.161624
1.381 -0.0565616 -0.147379
1.382 -0.0567018 -0.133109
1.383 -0.0568278 -0.118816
1.384 -0.0569395 -0.104506
1.385 -0.0570368 -0.0901807
1.386 -0.0571198 -0.0758444
1.387 -0.0571885 -0.0615006
1.388 -0.0572428 -0.0471529
1.389 -0.0572828 -0.0328049
1.39 -0.0573084 -0.0184602
1.391 -0.0573197 -0.00412238
1.392 -0.0573167 0.010205
1.393 -0.0572993 0.0245184
1.394 -0.0572677 0.0388143
1.395 -0.0572217 0.053089
1.396 -0.0571615 0.067339
1.397 -0.057087 0.0815608
1.398 -0.0569984 0.0957508
1.399 -0.0568955 0.109906
1.4 -0.0567786 0.124022
1.401 -0.0566475 0.138095
1.402 -0.0565024 0.152123
1.403 -0.0563433 0.166102
1.404 -0.0561702 0.180028
1.405 -0.0559832 0.193898
1.406 -0.0557824 0.207708
1.407 -0.0555678 0.221456
1.408 -0.0553395 0.235137
1.409 -0.0550976 0.248748
1.41 -0.0548421 0.262286
1.411 -0.054573 0.275748
1.412 -0.0542906 0.289131
1.413 -0.0539948 0.30243
1.414 -0.0536858 0.315643
1.415 -0.0533636 0.328767
1.416 -0.0530283 0.341798
1.417 -0.05268 0.354733
1.418 -0.0523188 0.367569
1.419 -0.0519449 0.380303
1.42 -0.0515583 0.392932
1.421 -0.0511591 0.405453
1.422 -0.0507474 0.417862
1.423 -0.0503234 0.430157
1.424 -0.0498871 0.442334
1.425 -0.0494387 0.454392
1.426 -0.0489784 0.466326
1.427 -0.0485061 0.478134
1.428 -0.0480222 0.489813
1.429 -0.0475266 0.50136
1.43 -0.0470195 0.512773
1.431 -0.0465011 0.524049
1.432 -0.0459714 0.535184
1.433 -0.0454307 0.546177
1.434 -0.0448791 0.557025
1.435 -0.0443167 0.567725
1.436 -0.0437437 0.578274
1.437 -0.0431602 0.58867
1.438 -0.0425664 0.598911
1.439 -0.0419625 0.608994
1.44 -0.0413485 0.618917
1.441 -0.0407247 0.628678
1.442 -0.0400912 0.638273
1.443 -0.0394482 0.647701
1.444 -0.0387959 0.65696
1.445 -0.0381343 0.666047
1.446 -0.0374638 0.674961
1.447 -0.0367845 0.683699
1.448 -0.0360965 0.692259
1.449 -0.0354 0.700639
1.45 -0.0346953 0.708837
1.451 -0.0339824 0.716851
1.452 -0.0332616 0.724681
1.453 -0.0325331 0.732322
1.454 -0.031797 0.739775
1.455 -0.0310536 0.747037
1.456 -0.030303 0.754106
1.457 -0.0295455 0.760981
1.458 -0.0287811 0.76766
1.459 -0.0280102 0.774143
1.46 -0.0272329 0.780426
1.461 -0.0264494 0.78651
1.462 -0.02566 0.792392
1.463 -0.0248647 0.798072
1.464 -0.0240639 0.803547
1.465 -0.0232577 0.808818
1.466 -0.0224463 0.813882
1.467 -0.02163 0.818738
1.468 -0.0208089 0.823386
1.469 -0.0199833 0.827825
1.47 -0.0191533 0.832053
1.471 -0.0183193 0.83607
1.472 -0.0174813 0.839875
1.473 -0.0166396 0.843467
1.474 -0.0157944 0.846845
1.475 -0.014946 0.850009
1.476 -0.0140945 0.852958
1.477 -0.0132401 0.855691
1.478 -0.0123831 0.858208
1.479 -0.0115238 0.860509
1.48 -0.0106622 0.862593
1.481 -0.00979866 0.86446
1.482 -0.00893335 0.866109
1.483 -0.00806651 0.867541
1.484 -0.00719834 0.868755
1.485 -0.00632907 0.86975
1.486 -0.00545892 0.870528
1.487 -0.00458809 0.871087
1.488 -0.00371681 0.871428
1.489 -0.00284531 0.871551
1.49 -0.00197379 0.871456
1.491 -0.00110247 0.871144
1.492 -0.000231571 0.870614
1.493 0.000638687 0.869866
1.494 0.00150809 0.868903
1.495 0.00237642 0.867722
1.496 0.00324346 0.866326
1.497 0.004109 0.864715
1.498 0.00497282 0.862888
1.499 0.00583471 0.860848
1.5 0.00669444 0.858594
1.501 0.00755182 0.856127
1.502 0.00840663 0.853448
1.503 0.00925865 0.850559
1.504 0.0101077 0.847458
1.505 0.0109535 0.844149
1.506 0.0117959 0.840631
1.507 0.0126347 0.836907
1.508 0.0134696 0.832975
1.509 0.0143006 0.828839
1.51 0.0151273 0.824499
1.511 0.0159495 0.819957
1.512 0.0167671 0.815213
1.513 0.0175799 0.810269
1.514 0.0183876 0.805127
1.515 0.0191901 0.799788
1.516 0.0199871 0.794253
1.517 0.0207785 0.788524
1.518 0.0215641 0.782603
1.519 0.0223436 0.77649
1.52 0.023117 0.770189
1.521 0.023884 0.7637
1.522 0.0246443 0.757026
1.523 0.0253979 0.750167
1.524 0.0261446 0.743127
1.525 0.0268841 0.735907
1.526 0.0276164 0.728508
1.527 0.0283411 0.720934
1.528 0.0290582 0.713185
1.529 0.0297674 0.705264
1.53 0.0304686 0.697174
1.531 0.0311617 0.688915
1.532 0.0318464 0.680491
1.533 0.0325226 0.671904
1.534 0.0331902 0.663156
1.535 0.0338489 0.654249
1.536 0.0344986 0.645185
1.537 0.0351392 0.635968
1.538 0.0357705 0.626599
1.539 0.0363924 0.617081
1.54 0.0370046 0.607416
1.541 0.0376071 0.597607
1.542 0.0381998 0.587657
1.543 0.0387824 0.577568
1.544 0.0393549 0.567343
1.545 0.039917 0.556984
1.546 0.0404688 0.546494
1.547 0.04101 0.535876
1.548 0.0415405 0.525133
1.549 0.0420602 0.514266
1.55 0.042569 0.503281
1.551 0.0430667 0.492178
1.552 0.0435533 0.480961
1.553 0.0440286 0.469632
1.554 0.0444925 0.458196
1.555 0.044945 0.446654
1.556 0.0453858 0.43501
1.557 0.045815 0.423266
1.558 0.0462323 0.411426
1.559 0.0466378 0.399493
1.56 0.0470313 0.387469
1.561 0.0474127 0.375358
1.562 0.047782 0.363163
1.563 0.048139 0.350887
1.564 0.0484837 0.338533
1.565 0.048816 0.326105
1.566 0.0491359 0.313605
1.567 0.0494432 0.301036
1.568 0.0497379 0.288402
1.569 0.05002 0.275707
1.57 0.0502893 0.262952
1.571 0.0505459 0.250142
1.572 0.0507896 0.23728
1.573 0.0510204 0.224369
1.574 0.0512383 0.211412
1.575 0.0514432 0.198413
1.576 0.0516351 0.185374
1.577 0.051814 0.1723
1.578 0.0519797 0.159193
1.579 0.0521324 0.146056
1.58 0.0522718 0.132894
1.581 0.0523981 0.119709
1.582 0.0525112 0.106504
1.583 0.0526111 0.0932838
1.584 0.0526978 0.0800506
1.585 0.0527712 0.0668079
1.586 0.0528314 0.0535592
1.587 0.0528784 0.0403076
1.588 0.052912 0.0270566
1.589 0.0529325 0.0138094
1.59 0.0529397 0.000569357
1.591 0.0529336 -0.0126602
1.592 0.0529143 -0.0258761
1.593 0.0528819 -0.0390749
1.594 0.0528362 -0.0522534
1.595 0.0527774 -0.0654083
1.596 0.0527054 -0.0785364
1.597 0.0526203 -0.0916343
1.598 0.0525221 -0.104699
1.599 0.0524109 -0.117727
1.6 0.0522867 -0.130715
1.601 0.0521495 -0.14366
1.602 0.0519994 -0.156559
1.603 0.0518364 -0.169408
1.604 0.0516606 -0.182205
1.605 0.051472 -0.194946
1.606 0.0512707 -0.207628
1.607 0.0510568 -0.220248
1.608 0.0508302 -0.232803
1.609 0.0505912 -0.245289
1.61 0.0503397 -0.257705
1.611 0.0500758 -0.270046
1.612 0.0497996 -0.28231
1.613 0.0495112 -0.294493
1.614 0.0492107 -0.306593
1.615 0.0488981 -0.318607
1.616 0.0485735 -0.330531
1.617 0.048237 -0.342364
1.618 0.0478888 -0.354101
1.619 0.0475289 -0.365741
1.62 0.0471573 -0.37728
1.621 0.0467743 -0.388715
1.622 0.0463799 -0.400044
1.623 0.0459743 -0.411264
1.624 0.0455575 -0.422372
1.625 0.0451296 -0.433366
1.626 0.0446908 -0.444243
1.627 0.0442411 -0.455
1.628 0.0437808 -0.465634
1.629 0.0433099 -0.476144
1.63 0.0428286 -0.486527
1.631 0.0423369 -0.496779
1.632 0.041835 -0.506899
1.633 0.0413231 -0.516885
1.634 0.0408013 -0.526733
1.635 0.0402697 -0.536442
1.636 0.0397285 -0.546009
1.637 0.0391778 -0.555432
1.638 0.0386177 -0.564708
1.639 0.0380484 -0.573836
1.64 0.03747 -0.582814
1.641 0.0368828 -0.591638
1.642 0.0362868 -0.600308
1.643 0.0356822 -0.60882
1.644 0.0350692 -0.617174
1.645 0.0344479 -0.625367
1.646 0.0338186 -0.633397
1.647 0.0331812 -0.641262
1.648 0.0325361 -0.648961
1.649 0.0318833 -0.656491
1.65 0.0312232 -0.663852
1.651 0.0305557 -0.67104
1.652 0.0298811 -0.678055
1.653 0.0291996 -0.684895
1.654 0.0285114 -0.691559
1.655 0.0278166 -0.698044
1.656 0.0271154 -0.70435
1.657 0.0264079 -0.710474
1.658 0.0256945 -0.716416
1.659 0.0249752 -0.722175
1.66 0.0242502 -0.727748
1.661 0.0235197 -0.733135
1.662 0.022784 -0.738335
1.663 0.0220431 -0.743345
1.664 0.0212974 -0.748166
1.665 0.0205469 -0.752797
1.666 0.0197918 -0.757235
1.667 0.0190325 -0.761481
1.668 0.0182689 -0.765533
1.669 0.0175015 -0.76939
1.67 0.0167302 -0.773052
1.671 0.0159554 -0.776518
1.672 0.0151773 -0.779787
1.673 0.0143959 -0.782859
1.674 0.0136116 -0.785732
1.675 0.0128245 -0.788407
1.676 0.0120349 -0.790883
1.677 0.0112428 -0.793159
1.678 0.0104486 -0.795235
1.679 0.00965241 -0.797111
1.68 0.00885445 -0.798786
1.681 0.00805491 -0.80026
1.682 0.007254 -0.801533
1.683 0.00645191 -0.802604
1.684 0.00564886 -0.803475
1.685 0.00484503 -0.804143
1.686 0.00404064 -0.804611
1.687 0.00323588 -0.804876
1.688 0.00243095 -0.804941
1.689 0.00162606 -0.804804
1.69 0.00082141 -0.804466
1.691 1.7196e-05 -0.803928
1.692 -0.000786379 -0.803189
1.693 -0.00158911 -0.802249
1.694 -0.00239081 -0.801111
1.695 -0.00319127 -0.799772
1.696 -0.00399029 -0.798235
1.697 -0.00478767 -0.7965
1.698 -0.00558322 -0.794567
1.699 -0.00637674 -0.792438
1.7 -0.00716803 -0.790111
1.701 -0.0079569 -0.78759
1.702 -0.00874315 -0.784873
1.703 -0.00952658 -0.781962
1.704 -0.010307 -0.778859
1.705 -0.0110842 -0.775563
1.706 -0.0118581 -0.772076
1.707 -0.0126283 -0.768399
1.708 -0.0133948 -0.764533
1.709 -0.0141573 -0.760479
1.71 -0.0149157 -0.756238
1.711 -0.0156697 -0.751811
1.712 -0.0164193 -0.747201
1.713 -0.0171641 -0.742407
1.714 -0.017904 -0.737431
1.715 -0.0186389 -0.732275
1.716 -0.0193685 -0.726941
1.717 -0.0200927 -0.721428
1.718 -0.0208113 -0.71574
1.719 -0.0215241 -0.709878
1.72 -0.022231 -0.703843
1.721 -0.0229318 -0.697637
1.722 -0.0236262 -0.691262
1.723 -0.0243142 -0.684718
1.724 -0.0249956 -0.67801
1.725 -0.0256702 -0.671136
1.726 -0.0263378 -0.664101
1.727 -0.0269983 -0.656906
1.728 -0.0276516 -0.649552
1.729 -0.0282974 -0.642041
1.73 -0.0289356 -0.634376
1.731 -0.0295661 -0.626559
1.732 -0.0301887 -0.618592
1.733 -0.0308032 -0.610476
1.734 -0.0314096 -0.602214
1.735 -0.0320076 -0.593808
1.736 -0.0325972 -0.585261
1.737 -0.0331781 -0.576574
1.738 -0.0337503 -0.56775
1.739 -0.0343135 -0.558791
1.74 -0.0348678 -0.5497
1.741 -0.0354129 -0.540479
1.742 -0.0359487 -0.531129
1.743 -0.0364751 -0.521655
1.744 -0.036992 -0.512058
1.745 -0.0374992 -0.502341
1.746 -0.0379966 -0.492506
1.747 -0.0384842 -0.482555
1.748 -0.0389617 -0.472492
1.749 -0.0394291 -0.462319
1.75 -0.0398863 -0.452039
1.751 -0.0403331 -0.441654
1.752 -0.0407696 -0.431167
1.753 -0.0411954 -0.42058
1.754 -0.0416107 -0.409897
1.755 -0.0420152 -0.39912
1.756 -0.0424089 -0.388252
1.757 -0.0427917 -0.377295
1.758 -0.0431635 -0.366253
1.759 -0.0435242 -0.355128
1.76 -0.0438737 -0.343924
1.761 -0.044212 -0.332642
1.762 -0.044539 -0.321286
1.763 -0.0448545 -0.30986
1.764 -0.0451587 -0.298364
1.765 -0.0454512 -0.286804
1.766 -0.0457322 -0.275181
1.767 -0.0460016 -0.263498
1.768 -0.0462592 -0.251759
1.769 -0.0465051 -0.239967
1.77 -0.0467391 -0.228124
1.771 -0.0469613 -0.216233
1.772 -0.0471716 -0.204298
1.773 -0.0473699 -0.192322
1.774 -0.0475562 -0.180307
1.775 -0.0477305 -0.168256
1.776 -0.0478927 -0.156173
1.777 -0.0480428 -0.144061
1.778 -0.0481808 -0.131922
1.779 -0.0483067 -0.11976
1.78 -0.0484203 -0.107578
1.781 -0.0485218 -0.0953792
1.782 -0.0486111 -0.0831659
1.783 -0.0486882 -0.0709416
1.784 -0.048753 -0.0587093
1.785 -0.0488056 -0.0464722
1.786 -0.0488459 -0.0342332
1.787 -0.048874 -0.0219955
1.788 -0.0488899 -0.00976201
1.789 -0.0488936 0.0024641
1.79 -0.048885 0.0146798
1.791 -0.0488642 0.0268821
1.792 -0.0488312 0.0390679
1.793 -0.0487861 0.0512342
1.794 -0.0487288 0.0633779
1.795 -0.0486593 0.0754962
1.796 -0.0485778 0.0875858
1.797 -0.0484842 0.0996439
1.798 -0.0483785 0.111667
1.799 -0.0482608 0.123654
1.8 -0.0481312 0.135599
1.801 -0.0479897 0.147501
1.802 -0.0478362 0.159357
1.803 -0.047671 0.171163
1.804 -0.0474939 0.182918
1.805 -0.0473051 0.194617
1.806 -0.0471047 0.206258
1.807 -0.0468927 0.217838
1.808 -0.0466691 0.229355
1.809 -0.046434 0.240805
1.81 -0.0461875 0.252185
1.811 -0.0459296 0.263494
1.812 -0.0456605 0.274728
1.813 -0.0453802 0.285884
1.814 -0.0450888 0.296959
1.815 -0.0447863 0.307952
1.816 -0.0444729 0.318859
1.817 -0.0441486 0.329678
1.818 -0.0438136 0.340405
1.819 -0.0434678 0.351039
1.82 -0.0431115 0.361576
1.821 -0.0427447 0.372015
1.822 -0.0423675 0.382353
1.823 -0.04198 0.392586
1.824 -0.0415824 0.402714
1.825 -0.0411747 0.412732
1.826 -0.040757 0.42264
1.827 -0.0403294 0.432434
1.828 -0.0398921 0.442112
1.829 -0.0394452 0.451672
1.83 -0.0389888 0.461111
1.831 -0.038523 0.470428
1.832 -0.038048 0.479619
1.833 -0.0375638 0.488684
1.834 -0.0370707 0.497619
1.835 -0.0365687 0.506422
1.836 -0.0360579 0.515092
1.837 -0.0355385 0.523626
1.838 -0.0350107 0.532023
1.839 -0.0344745 0.54028
1.84 -0.0339302 0.548395
1.841 -0.0333778 0.556367
1.842 -0.0328175 0.564193
1.843 -0.0322494 0.571872
1.844 -0.0316738 0.579402
1.845 -0.0310907 0.586781
1.846 -0.0305003 0.594008
1.847 -0.0299027 0.60108
1.848 -0.0292982 0.607997
1.849 -0.0286868 0.614756
1.85 -0.0280687 0.621356
1.851 -0.0274441 0.627796
1.852 -0.0268132 0.634073
1.853 -0.026176 0.640187
1.854 -0.0255329 0.646137
1.855 -0.0248838 0.65192
1.856 -0.0242291 0.657535
1.857 -0.0235688 0.662982
1.858 -0.0229032 0.668258
1.859 -0.0222323 0.673364
1.86 -0.0215565 0.678297
1.861 -0.0208758 0.683056
1.862 -0.0201904 0.687641
1.863 -0.0195006 0.692051
1.864 -0.0188064 0.696284
1.865 -0.0181081 0.70034
1.866 -0.0174058 0.704217
1.867 -0.0166997 0.707916
1.868 -0.01599 0.711434
1.869 -0.0152769 0.714772
1.87 -0.0145605 0.717929
1.871 -0.0138411 0.720903
1.872 -0.0131188 0.723696
1.873 -0.0123938 0.726305
1.874 -0.0116662 0.72873
1.875 -0.0109364 0.730972
1.876 -0.0102043 0.733029
1.877 -0.00947036 0.734901
1.878 -0.0087346 0.736588
1.879 -0.00799725 0.73809
1.88 -0.00725848 0.739406
1.881 -0.0065185 0.740536
1.882 -0.00577747 0.74148
1.883 -0.0050356 0.742238
1.884 -0.00429306 0.74281
1.885 -0.00355004 0.743196
1.886 -0.00280673 0.743396
1.887 -0.00206331 0.74341
1.888 -0.00131997 0.743238
1.889 -0.000576896 0.742881
1.89 0.000165729 0.742338
1.891 0.000907719 0.741611
1.892 0.00164889 0.740698
1.893 0.00238905 0.739601
1.894 0.00312803 0.73832
1.895 0.00386563 0.736856
1.896 0.00460168 0.735209
1.897 0.00533599 0.733379
1.898 0.00606838 0.731367
1.899 0.00679866 0.729175
1.9 0.00752667 0.726802
1.901 0.00825221 0.724249
1.902 0.00897511 0.721517
1.903 0.00969518 0.718607
1.904 0.0104123 0.71552
1.905 0.0111262 0.712257
1.906 0.0118367 0.708818
1.907 0.0125437 0.705204
1.908 0.0132471 0.701418
1.909 0.0139465 0.697459
1.91 0.0146419 0.693329
1.911 0.0153331 0.689029
1.912 0.0160199 0.68456
1.913 0.0167022 0.679924
1.914 0.0173797 0.675122
1.915 0.0180524 0.670155
1.916 0.01872 0.665024
1.917 0.0193824 0.659731
1.918 0.0200394 0.654278
1.919 0.0206909 0.648665
1.92 0.0213367 0.642895
1.921 0.0219766 0.636969
1.922 0.0226105 0.630888
1.923 0.0232383 0.624654
1.924 0.0238598 0.61827
1.925 0.0244748 0.611736
1.926 0.0250832 0.605054
1.927 0.0256849 0.598227
1.928 0.0262796 0.591255
1.929 0.0268673 0.584142
1.93 0.0274479 0.576888
1.931 0.0280211 0.569495
1.932 0.0285868 0.561967
1.933 0.029145 0.554303
1.934 0.0296954 0.546508
1.935 0.0302379 0.538582
1.936 0.0307725 0.530528
1.937 0.0312989 0.522348
1.938 0.0318172 0.514043
1.939 0.032327 0.505617
1.94 0.0328283 0.497072
1.941 0.0333211 0.488409
1.942 0.0338051 0.47963
1.943 0.0342803 0.470739
1.944 0.0347466 0.461738
1.945 0.0352038 0.452628
1.946 0.0356518 0.443413
1.947 0.0360906 0.434094
1.948 0.0365199 0.424673
1.949 0.0369399 0.415155
1.95 0.0373502 0.40554
1.951 0.0377509 0.395832
1.952 0.0381419 0.386032
1.953 0.038523 0.376144
1.954 0.0388941 0.36617
1.955 0.0392553 0.356112
1.956 0.0396063 0.345973
1.957 0.0399472 0.335756
1.958 0.0402778 0.325463
1.959 0.0405981 0.315097
1.96 0.040908 0.304661
1.961 0.0412074 0.294157
1.962 0.0414963 0.283587
1.963 0.0417745 0.272956
1.964 0.0420422 0.262264
1.965 0.042299 0.251516
1.966 0.0425452 0.240713
1.967 0.0427805 0.229859
1.968 0.0430049 0.218956
1.969 0.0432184 0.208007
1.97 0.0434209 0.197015
1.971 0.0436124 0.185983
1.972 0.0437928 0.174912
1.973 0.0439622 0.163807
1.974 0.0441204 0.15267
1.975 0.0442675 0.141504
1.976 0.0444034 0.130311
1.977 0.0445281 0.119094
1.978 0.0446416 0.107857
1.979 0.0447438 0.096602
1.98 0.0448348 0.0853317
1.981 0.0449145 0.074049
1.982 0.0449829 0.0627569
1.983 0.04504 0.0514581
1.984 0.0450858 0.0401555
1.985 0.0451203 0.0288519
1.986 0.0451435 0.0175501
1.987 0.0451554 0.00625301
1.988 0.045156 -0.00503664
1.989 0.0451454 -0.016316
1.99 0.0451234 -0.0275823
1.991 0.0450902 -0.0388326
1.992 0.0450457 -0.0500643
1.993 0.0449901 -0.0612745
1.994 0.0449232 -0.0724604
1.995 0.0448452 -0.0836192
1.996 0.044756 -0.0947482
1.997 0.0446557 -0.105845
1.998 0.0445443 -0.116906
1.999 0.0444219 -0.127929
2 0.0442885 -0.138911
