0 0.1 0
0.001 0.0999875 -0.0249984
0.002 0.09995 -0.0499906
0.003 0.0998875 -0.0749703
0.004 0.0998001 -0.0999313
0.005 0.0996877 -0.124867
0.006 0.0995503 -0.149772
0.007 0.0993881 -0.174639
0.008 0.099201 -0.199463
0.009 0.0989892 -0.224237
0.01 0.0987526 -0.248954
0.011 0.0984913 -0.27361
0.012 0.0982054 -0.298197
0.013 0.0978949 -0.32271
0.014 0.0975599 -0.347141
0.015 0.0972006 -0.371486
0.016 0.096817 -0.395739
0.017 0.0964091 -0.419892
0.018 0.0959772 -0.44394
0.019 0.0955212 -0.467877
0.02 0.0950414 -0.491698
0.021 0.0945378 -0.515395
0.022 0.0940106 -0.538964
0.023 0.0934599 -0.562398
0.024 0.0928858 -0.585691
0.025 0.0922885 -0.608838
0.026 0.0916682 -0.631832
0.027 0.0910249 -0.654669
0.028 0.0903588 -0.677342
0.029 0.0896702 -0.699845
0.03 0.0889591 -0.722174
0.031 0.0882258 -0.744322
0.032 0.0874705 -0.766284
0.033 0.0866933 -0.788055
0.034 0.0858944 -0.809628
0.035 0.085074 -0.830999
0.036 0.0842324 -0.852163
0.037 0.0833697 -0.873113
0.038 0.0824862 -0.893845
0.039 0.081582 -0.914353
0.04 0.0806575 -0.934633
0.041 0.0797127 -0.95468
0.042 0.0787481 -0.974487
0.043 0.0777638 -0.994051
0.044 0.07676 -1.01337
0.045 0.075737 -1.03243
0.046 0.0746951 -1.05123
0.047 0.0736346 -1.06977
0.048 0.0725556 -1.08805
0.049 0.0714585 -1.10605
0.05 0.0703435 -1.12377
0.051 0.0692109 -1.14122
0.052 0.068061 -1.15838
0.053 0.0668942 -1.17525
0.054 0.0657106 -1.19182
0.055 0.0645105 -1.2081
0.056 0.0632944 -1.22408
0.057 0.0620624 -1.23975
0.058 0.0608149 -1.25511
0.059 0.0595522 -1.27015
0.06 0.0582746 -1.28488
0.061 0.0569824 -1.29929
0.062 0.055676 -1.31337
0.063 0.0543557 -1.32712
0.064 0.0530217 -1.34055
0.065 0.0516746 -1.35363
0.066 0.0503145 -1.36638
0.067 0.0489418 -1.37879
0.068 0.0475569 -1.39085
0.069 0.0461601 -1.40256
0.07 0.0447518 -1.41393
0.071 0.0433322 -1.42494
0.072 0.0419019 -1.43559
0.073 0.0404611 -1.44589
0.074 0.0390101 -1.45582
0.075 0.0375494 -1.46539
0.076 0.0360793 -1.4746
0.077 0.0346002 -1.48343
0.078 0.0331125 -1.4919
0.079 0.0316164 -1.49999
0.08 0.0301125 -1.5077
0.081 0.028601 -1.51504
0.082 0.0270824 -1.522
0.083 0.025557 -1.52858
0.084 0.0240252 -1.53478
0.085 0.0224875 -1.54059
0.086 0.0209441 -1.54602
0.087 0.0193954 -1.55107
0.088 0.0178419 -1.55572
0.089 0.016284 -1.55999
0.09 0.014722 -1.56386
0.091 0.0131562 -1.56735
0.092 0.0115873 -1.57044
0.093 0.0100154 -1.57314
0.094 0.00844098 -1.57545
0.095 0.00686448 -1.57736
0.096 0.00528626 -1.57888
0.097 0.00370672 -1.58
0.098 0.00212625 -1.58073
0.099 0.000545255 -1.58107
0.1 -0.00103588 -1.581
0.101 -0.00261675 -1.58055
0.102 -0.00419697 -1.5797
0.103 -0.00577615 -1.57845
0.104 -0.00735387 -1.57681
0.105 -0.00892976 -1.57477
0.106 -0.0105034 -1.57234
0.107 -0.0120745 -1.56952
0.108 -0.0136425 -1.56631
0.109 -0.0152071 -1.5627
0.11 -0.0167679 -1.5587
0.111 -0.0183245 -1.55432
0.112 -0.0198765 -1.54954
0.113 -0.0214236 -1.54438
0.114 -0.0229653 -1.53883
0.115 -0.0245012 -1.5329
0.116 -0.0260311 -1.52658
0.117 -0.0275544 -1.51988
0.118 -0.0290708 -1.5128
0.119 -0.03058 -1.50535
0.12 -0.0320815 -1.49752
0.121 -0.033575 -1.48931
0.122 -0.0350601 -1.48073
0.123 -0.0365365 -1.47178
0.124 -0.0380037 -1.46246
0.125 -0.0394614 -1.45278
0.126 -0.0409093 -1.44273
0.127 -0.0423469 -1.43233
0.128 -0.0437739 -1.42156
0.129 -0.04519 -1.41044
0.13 -0.0465948 -1.39897
0.131 -0.0479879 -1.38714
0.132 -0.0493691 -1.37497
0.133 -0.0507379 -1.36246
0.134 -0.052094 -1.34961
0.135 -0.0534371 -1.33642
0.136 -0.0547668 -1.32289
0.137 -0.0560829 -1.30903
0.138 -0.0573849 -1.29485
0.139 -0.0586726 -1.28034
0.14 -0.0599456 -1.26552
0.141 -0.0612036 -1.25037
0.142 -0.0624463 -1.23492
0.143 -0.0636734 -1.21915
0.144 -0.0648846 -1.20308
0.145 -0.0660796 -1.18671
0.146 -0.0672581 -1.17004
0.147 -0.0684197 -1.15308
0.148 -0.0695642 -1.13584
0.149 -0.0706914 -1.1183
0.15 -0.0718008 -1.10049
0.151 -0.0728924 -1.08241
0.152 -0.0739656 -1.06405
0.153 -0.0750204 -1.04543
0.154 -0.0760565 -1.02654
0.155 -0.0770735 -1.0074
0.156 -0.0780713 -0.988007
0.157 -0.0790495 -0.968367
0.158 -0.080008 -0.948484
0.159 -0.0809465 -0.928365
0.16 -0.0818648 -0.908014
0.161 -0.0827625 -0.887435
0.162 -0.0836396 -0.866635
0.163 -0.0844958 -0.845618
0.164 -0.0853309 -0.82439
0.165 -0.0861446 -0.802955
0.166 -0.0869368 -0.78132
0.167 -0.0877072 -0.75949
0.168 -0.0884558 -0.737469
0.169 -0.0891822 -0.715264
0.17 -0.0898863 -0.692881
0.171 -0.0905679 -0.670324
0.172 -0.0912269 -0.6476
0.173 -0.0918631 -0.624714
0.174 -0.0924764 -0.601671
0.175 -0.0930665 -0.578478
0.176 -0.0936333 -0.555141
0.177 -0.0941768 -0.531665
0.178 -0.0946966 -0.508055
0.179 -0.0951929 -0.484319
0.18 -0.0956653 -0.460462
0.181 -0.0961138 -0.436489
0.182 -0.0965383 -0.412408
0.183 -0.0969386 -0.388223
0.184 -0.0973147 -0.363942
0.185 -0.0976665 -0.339569
0.186 -0.0979938 -0.315112
0.187 -0.0982967 -0.290575
0.188 -0.098575 -0.265966
0.189 -0.0988286 -0.241291
0.19 -0.0990576 -0.216555
0.191 -0.0992618 -0.191765
0.192 -0.0994411 -0.166927
0.193 -0.0995956 -0.142048
0.194 -0.0997252 -0.117133
0.195 -0.0998299 -0.0921882
0.196 -0.0999096 -0.0672207
0.197 -0.0999643 -0.0422365
0.198 -0.0999941 -0.0172417
0.199 -0.0999988 0.00775742
0.2 -0.0999785 0.0327546
0.201 -0.0999333 0.0577436
0.202 -0.0998631 0.0827181
0.203 -0.0997679 0.107672
0.204 -0.0996477 0.132599
0.205 -0.0995027 0.157493
0.206 -0.0993327 0.182347
0.207 -0.099138 0.207156
0.208 -0.0989184 0.231913
0.209 -0.0986741 0.256612
0.21 -0.0984052 0.281247
0.211 -0.0981116 0.305812
0.212 -0.0977936 0.3303
0.213 -0.097451 0.354705
0.214 -0.0970842 0.379022
0.215 -0.096693 0.403244
0.216 -0.0962777 0.427366
0.217 -0.0958383 0.45138
0.218 -0.0953749 0.475282
0.219 -0.0948877 0.499065
0.22 -0.0943768 0.522723
0.221 -0.0938423 0.54625
0.222 -0.0932843 0.569641
0.223 -0.092703 0.592889
0.224 -0.0920985 0.61599
0.225 -0.091471 0.638936
0.226 -0.0908206 0.661722
0.227 -0.0901475 0.684343
0.228 -0.0894519 0.706793
0.229 -0.088734 0.729066
0.23 -0.0879938 0.751157
0.231 -0.0872316 0.77306
0.232 -0.0864477 0.79477
0.233 -0.0856421 0.816282
0.234 -0.0848151 0.837589
0.235 -0.0839669 0.858687
0.236 -0.0830977 0.87957
0.237 -0.0822078 0.900233
0.238 -0.0812973 0.920671
0.239 -0.0803664 0.940879
0.24 -0.0794155 0.960852
0.241 -0.0784447 0.980584
0.242 -0.0774544 1.00007
0.243 -0.0764446 1.01931
0.244 -0.0754157 1.03829
0.245 -0.074368 1.05701
0.246 -0.0733017 1.07547
0.247 -0.0722171 1.09366
0.248 -0.0711144 1.11158
0.249 -0.0699939 1.12922
0.25 -0.0688559 1.14657
0.251 -0.0677008 1.16364
0.252 -0.0665287 1.18042
0.253 -0.0653399 1.19691
0.254 -0.0641348 1.21309
0.255 -0.0629137 1.22897
0.256 -0.0616769 1.24455
0.257 -0.0604246 1.25981
0.258 -0.0591573 1.27476
0.259 -0.0578751 1.28938
0.26 -0.0565785 1.30369
0.261 -0.0552678 1.31767
0.262 -0.0539432 1.33132
0.263 -0.0526051 1.34464
0.264 -0.0512539 1.35762
0.265 -0.0498899 1.37027
0.266 -0.0485134 1.38257
0.267 -0.0471247 1.39452
0.268 -0.0457243 1.40613
0.269 -0.0443125 1.41738
0.27 -0.0428895 1.42828
0.271 -0.0414559 1.43883
0.272 -0.0400119 1.44901
0.273 -0.0385579 1.45883
0.274 -0.0370942 1.46829
0.275 -0.0356213 1.47738
0.276 -0.0341395 1.4861
0.277 -0.0326491 1.49445
0.278 -0.0311506 1.50242
0.279 -0.0296443 1.51002
0.28 -0.0281305 1.51724
0.281 -0.0266098 1.52408
0.282 -0.0250824 1.53055
0.283 -0.0235487 1.53663
0.284 -0.0220091 1.54232
0.285 -0.020464 1.54763
0.286 -0.0189139 1.55255
0.287 -0.0173589 1.55709
0.288 -0.0157997 1.56123
0.289 -0.0142365 1.56498
0.29 -0.0126697 1.56835
0.291 -0.0110998 1.57132
0.292 -0.00952708 1.5739
0.293 -0.00795199 1.57608
0.294 -0.00637491 1.57787
0.295 -0.00479624 1.57927
0.296 -0.00321637 1.58027
0.297 -0.0016357 1.58088
0.298 -5.46184e-05 1.58109
0.299 0.00152648 1.58091
0.3 0.00310719 1.58033
0.301 0.00468713 1.57935
0.302 0.0062659 1.57798
0.303 0.00784309 1.57622
0.304 0.00941833 1.57406
0.305 0.0109912 1.57151
0.306 0.0125614 1.56857
0.307 0.0141283 1.56523
0.308 0.0156918 1.5615
0.309 0.0172514 1.55738
0.31 0.0188066 1.55288
0.311 0.0203571 1.54798
0.312 0.0219025 1.5427
0.313 0.0234425 1.53703
0.314 0.0249766 1.53098
0.315 0.0265045 1.52454
0.316 0.0280257 1.51773
0.317 0.0295399 1.51053
0.318 0.0310468 1.50296
0.319 0.0325458 1.49501
0.32 0.0340368 1.48669
0.321 0.0355192 1.47799
0.322 0.0369928 1.46893
0.323 0.0384571 1.4595
0.324 0.0399118 1.4497
0.325 0.0413565 1.43954
0.326 0.0427908 1.42902
0.327 0.0442145 1.41815
0.328 0.0456271 1.40692
0.329 0.0470283 1.39534
0.33 0.0484178 1.38341
0.331 0.0497952 1.37113
0.332 0.0511601 1.35851
0.333 0.0525122 1.34555
0.334 0.0538512 1.33225
0.335 0.0551767 1.31863
0.336 0.0564884 1.30467
0.337 0.057786 1.29038
0.338 0.0590692 1.27578
0.339 0.0603376 1.26085
0.34 0.0615909 1.24561
0.341 0.0628288 1.23006
0.342 0.064051 1.2142
0.343 0.0652572 1.19803
0.344 0.0664471 1.18157
0.345 0.0676203 1.16481
0.346 0.0687767 1.14776
0.347 0.0699159 1.13043
0.348 0.0710375 1.11281
0.349 0.0721415 1.09491
0.35 0.0732274 1.07674
0.351 0.0742949 1.0583
0.352 0.075344 1.03959
0.353 0.0763741 1.02063
0.354 0.0773852 1.00141
0.355 0.078377 0.981938
0.356 0.0793491 0.962223
0.357 0.0803014 0.942266
0.358 0.0812336 0.922075
0.359 0.0821455 0.901652
0.36 0.0830369 0.881004
0.361 0.0839076 0.860136
0.362 0.0847572 0.839053
0.363 0.0855857 0.81776
0.364 0.0863927 0.796263
0.365 0.0871782 0.774567
0.366 0.0879419 0.752677
0.367 0.0886835 0.730598
0.368 0.0894031 0.708338
0.369 0.0901002 0.6859
0.37 0.0907749 0.66329
0.371 0.0914268 0.640515
0.372 0.0920559 0.61758
0.373 0.092662 0.59449
0.374 0.0932449 0.571252
0.375 0.0938045 0.547871
0.376 0.0943406 0.524352
0.377 0.0948532 0.500703
0.378 0.095342 0.476929
0.379 0.095807 0.453035
0.38 0.0962481 0.429028
0.381 0.0966651 0.404914
0.382 0.0970579 0.380699
0.383 0.0974265 0.356388
0.384 0.0977707 0.331989
0.385 0.0980905 0.307506
0.386 0.0983857 0.282946
0.387 0.0986563 0.258316
0.388 0.0989023 0.233621
0.389 0.0991236 0.208868
0.39 0.0993201 0.184063
0.391 0.0994917 0.159211
0.392 0.0996385 0.13432
0.393 0.0997604 0.109395
0.394 0.0998573 0.0844428
0.395 0.0999292 0.0594695
0.396 0.0999762 0.0344813
0.397 0.0999982 0.00948452
0.398 0.0999952 -0.0155146
0.399 0.0999672 -0.0405099
0.4 0.0999142 -0.0654951
0.401 0.0998362 -0.0904639
0.402 0.0997332 -0.11541
0.403 0.0996054 -0.140327
0.404 0.0994526 -0.16521
0.405 0.0992749 -0.190051
0.406 0.0990725 -0.214844
0.407 0.0988453 -0.239584
0.408 0.0985933 -0.264264
0.409 0.0983167 -0.288877
0.41 0.0980156 -0.313419
0.411 0.0976899 -0.337882
0.412 0.0973398 -0.362261
0.413 0.0969654 -0.386549
0.414 0.0965667 -0.41074
0.415 0.0961439 -0.434829
0.416 0.095697 -0.458809
0.417 0.0952263 -0.482675
0.418 0.0947317 -0.506419
0.419 0.0942134 -0.530038
0.42 0.0936716 -0.553523
0.421 0.0931064 -0.576871
0.422 0.0925179 -0.600074
0.423 0.0919062 -0.623127
0.424 0.0912716 -0.646024
0.425 0.0906142 -0.66876
0.426 0.0899341 -0.691328
0.427 0.0892315 -0.713724
0.428 0.0885067 -0.735941
0.429 0.0877596 -0.757974
0.43 0.0869907 -0.779818
0.431 0.0862 -0.801467
0.432 0.0853878 -0.822915
0.433 0.0845542 -0.844158
0.434 0.0836995 -0.86519
0.435 0.0828238 -0.886005
0.436 0.0819274 -0.906599
0.437 0.0810106 -0.926966
0.438 0.0800735 -0.947102
0.439 0.0791164 -0.967001
0.44 0.0781395 -0.986658
0.441 0.0771431 -1.00607
0.442 0.0761274 -1.02523
0.443 0.0750926 -1.04413
0.444 0.0740391 -1.06277
0.445 0.0729671 -1.08115
0.446 0.0718768 -1.09925
0.447 0.0707686 -1.11708
0.448 0.0696427 -1.13463
0.449 0.0684993 -1.1519
0.45 0.0673389 -1.16888
0.451 0.0661616 -1.18557
0.452 0.0649677 -1.20196
0.453 0.0637576 -1.21805
0.454 0.0625316 -1.23384
0.455 0.06129 -1.24931
0.456 0.060033 -1.26448
0.457 0.058761 -1.27933
0.458 0.0574743 -1.29386
0.459 0.0561733 -1.30806
0.46 0.0548582 -1.32194
0.461 0.0535294 -1.33549
0.462 0.0521872 -1.34871
0.463 0.050832 -1.36158
0.464 0.049464 -1.37412
0.465 0.0480837 -1.38631
0.466 0.0466914 -1.39816
0.467 0.0452874 -1.40966
0.468 0.0438721 -1.4208
0.469 0.0424458 -1.43159
0.47 0.0410089 -1.44203
0.471 0.0395618 -1.4521
0.472 0.0381047 -1.46181
0.473 0.0366381 -1.47115
0.474 0.0351624 -1.48012
0.475 0.0336779 -1.48873
0.476 0.032185 -1.49696
0.477 0.030684 -1.50482
0.478 0.0291753 -1.5123
0.479 0.0276594 -1.51941
0.48 0.0261365 -1.52613
0.481 0.0246071 -1.53247
0.482 0.0230716 -1.53843
0.483 0.0215302 -1.54401
0.484 0.0199835 -1.5492
0.485 0.0184318 -1.554
0.486 0.0168755 -1.55841
0.487 0.015315 -1.56244
0.488 0.0137507 -1.56607
0.489 0.0121829 -1.56931
0.49 0.010612 -1.57216
0.491 0.00903856 -1.57462
0.492 0.00746281 -1.57668
0.493 0.0058852 -1.57835
0.494 0.00430611 -1.57962
0.495 0.00272595 -1.5805
0.496 0.00114511 -1.58099
0.497 -0.00043602 -1.58107
0.498 -0.00201704 -1.58077
0.499 -0.00359756 -1.58007
0.5 -0.00517717 -1.57897
0.501 -0.00675549 -1.57748
0.502 -0.00833213 -1.57559
0.503 -0.00990668 -1.57331
0.504 -0.0114787 -1.57064
0.505 -0.013048 -1.56757
0.506 -0.0146139 -1.56411
0.507 -0.0161762 -1.56027
0.508 -0.0177344 -1.55603
0.509 -0.0192882 -1.5514
0.51 -0.0208372 -1.54638
0.511 -0.022381 -1.54098
0.512 -0.0239192 -1.53519
0.513 -0.0254514 -1.52902
0.514 -0.0269772 -1.52247
0.515 -0.0284963 -1.51553
0.516 -0.0300083 -1.50822
0.517 -0.0315128 -1.50053
0.518 -0.0330094 -1.49247
0.519 -0.0344977 -1.48403
0.52 -0.0359774 -1.47522
0.521 -0.0374481 -1.46604
0.522 -0.0389095 -1.4565
0.523 -0.0403611 -1.44659
0.524 -0.0418027 -1.43632
0.525 -0.0432338 -1.42569
0.526 -0.0446541 -1.4147
0.527 -0.0460632 -1.40336
0.528 -0.0474608 -1.39167
0.529 -0.0488465 -1.37963
0.53 -0.05022 -1.36725
0.531 -0.051581 -1.35452
0.532 -0.0529291 -1.34146
0.533 -0.0542639 -1.32806
0.534 -0.0555852 -1.31433
0.535 -0.0568926 -1.30027
0.536 -0.0581858 -1.28589
0.537 -0.0594644 -1.27118
0.538 -0.0607281 -1.25616
0.539 -0.0619767 -1.24082
0.54 -0.0632097 -1.22517
0.541 -0.064427 -1.20921
0.542 -0.0656282 -1.19296
0.543 -0.0668129 -1.1764
0.544 -0.067981 -1.15955
0.545 -0.069132 -1.14241
0.546 -0.0702658 -1.12499
0.547 -0.071382 -1.10728
0.548 -0.0724804 -1.0893
0.549 -0.0735606 -1.07105
0.55 -0.0746225 -1.05252
0.551 -0.0756657 -1.03374
0.552 -0.0766899 -1.01469
0.553 -0.077695 -0.995394
0.554 -0.0786807 -0.975847
0.555 -0.0796467 -0.956056
0.556 -0.0805928 -0.936026
0.557 -0.0815188 -0.915762
0.558 -0.0824244 -0.895269
0.559 -0.0833093 -0.874552
0.56 -0.0841735 -0.853617
0.561 -0.0850166 -0.832468
0.562 -0.0858384 -0.811111
0.563 -0.0866388 -0.789552
0.564 -0.0874175 -0.767795
0.565 -0.0881744 -0.745846
0.566 -0.0889092 -0.72371
0.567 -0.0896218 -0.701394
0.568 -0.090312 -0.678902
0.569 -0.0909796 -0.656241
0.57 -0.0916245 -0.633415
0.571 -0.0922464 -0.610431
0.572 -0.0928453 -0.587295
0.573 -0.093421 -0.564011
0.574 -0.0939733 -0.540587
0.575 -0.0945022 -0.517028
0.576 -0.0950074 -0.493339
0.577 -0.0954889 -0.469527
0.578 -0.0959465 -0.445598
0.579 -0.0963801 -0.421557
0.58 -0.0967896 -0.397411
0.581 -0.0971749 -0.373165
0.582 -0.0975359 -0.348826
0.583 -0.0978725 -0.3244
0.584 -0.0981847 -0.299893
0.585 -0.0984723 -0.275311
0.586 -0.0987353 -0.25066
0.587 -0.0989736 -0.225946
0.588 -0.0991872 -0.201176
0.589 -0.099376 -0.176356
0.59 -0.0995399 -0.151491
0.591 -0.099679 -0.126589
0.592 -0.0997931 -0.101655
0.593 -0.0998823 -0.0766955
0.594 -0.0999465 -0.0517169
0.595 -0.0999857 -0.0267253
0.596 -0.0999999 -0.00172713
0.597 -0.0999892 0.0232715
0.598 -0.0999534 0.0482643
0.599 -0.0998926 0.0732451
0.6 -0.0998069 0.0982075
0.601 -0.0996962 0.123145
0.602 -0.0995606 0.148053
0.603 -0.0994001 0.172923
0.604 -0.0992148 0.197749
0.605 -0.0990046 0.222527
0.606 -0.0987697 0.247249
0.607 -0.0985101 0.271909
0.608 -0.0982259 0.296501
0.609 -0.0979171 0.321019
0.61 -0.0975839 0.345456
0.611 -0.0972262 0.369807
0.612 -0.0968442 0.394066
0.613 -0.0964381 0.418227
0.614 -0.0960078 0.442282
0.615 -0.0955535 0.466227
0.616 -0.0950753 0.490056
0.617 -0.0945734 0.513762
0.618 -0.0940478 0.53734
0.619 -0.0934987 0.560783
0.62 -0.0929262 0.584086
0.621 -0.0923305 0.607243
0.622 -0.0917118 0.630249
0.623 -0.0910701 0.653096
0.624 -0.0904056 0.675781
0.625 -0.0897185 0.698296
0.626 -0.089009 0.720637
0.627 -0.0882772 0.742798
0.628 -0.0875234 0.764773
0.629 -0.0867477 0.786557
0.63 -0.0859503 0.808144
0.631 -0.0851314 0.829529
0.632 -0.0842912 0.850707
0.633 -0.08343 0.871672
0.634 -0.0825479 0.89242
0.635 -0.0816451 0.912944
0.636 -0.080722 0.93324
0.637 -0.0797786 0.953302
0.638 -0.0788154 0.973126
0.639 -0.0778324 0.992707
0.64 -0.07683 1.01204
0.641 -0.0758083 1.03112
0.642 -0.0747677 1.04994
0.643 -0.0737084 1.0685
0.644 -0.0726307 1.08679
0.645 -0.0715348 1.10481
0.646 -0.0704211 1.12256
0.647 -0.0692897 1.14002
0.648 -0.068141 1.1572
0.649 -0.0669753 1.17409
0.65 -0.0657929 1.19069
0.651 -0.0645939 1.20699
0.652 -0.0633789 1.22298
0.653 -0.062148 1.23867
0.654 -0.0609015 1.25405
0.655 -0.0596399 1.26912
0.656 -0.0583633 1.28387
0.657 -0.0570721 1.2983
0.658 -0.0557667 1.31241
0.659 -0.0544473 1.32618
0.66 -0.0531143 1.33963
0.661 -0.0517681 1.35274
0.662 -0.0504088 1.36551
0.663 -0.049037 1.37794
0.664 -0.047653 1.39003
0.665 -0.046257 1.40177
0.666 -0.0448494 1.41316
0.667 -0.0434307 1.42419
0.668 -0.042001 1.43487
0.669 -0.0405609 1.44519
0.67 -0.0391107 1.45515
0.671 -0.0376506 1.46474
0.672 -0.0361812 1.47397
0.673 -0.0347027 1.48283
0.674 -0.0332155 1.49132
0.675 -0.03172 1.49944
0.676 -0.0302166 1.50718
0.677 -0.0287057 1.51455
0.678 -0.0271875 1.52153
0.679 -0.0256626 1.52814
0.68 -0.0241313 1.53436
0.681 -0.0225939 1.5402
0.682 -0.0210509 1.54566
0.683 -0.0195026 1.55073
0.684 -0.0179494 1.55541
0.685 -0.0163917 1.5597
0.686 -0.01483 1.56361
0.687 -0.0132645 1.56712
0.688 -0.0116958 1.57024
0.689 -0.0101241 1.57297
0.69 -0.00854982 1.5753
0.691 -0.00697345 1.57724
0.692 -0.00539534 1.57879
0.693 -0.00381588 1.57994
0.694 -0.00223546 1.58069
0.695 -0.00065449 1.58106
0.696 0.000926647 1.58102
0.697 0.00250755 1.58059
0.698 0.00408783 1.57977
0.699 0.00566709 1.57855
0.7 0.00724493 1.57693
0.701 0.00882096 1.57493
0.702 0.0103948 1.57252
0.703 0.011966 1.56973
0.704 0.0135342 1.56654
0.705 0.0150991 1.56296
0.706 0.0166602 1.55899
0.707 0.0182171 1.55463
0.708 0.0197694 1.54988
0.709 0.0213168 1.54475
0.71 0.0228589 1.53923
0.711 0.0243953 1.53332
0.712 0.0259256 1.52703
0.713 0.0274494 1.52036
0.714 0.0289663 1.51331
0.715 0.030476 1.50588
0.716 0.031978 1.49807
0.717 0.0334721 1.48989
0.718 0.0349578 1.48133
0.719 0.0364348 1.47241
0.72 0.0379026 1.46312
0.721 0.039361 1.45346
0.722 0.0408096 1.44344
0.723 0.0422479 1.43306
0.724 0.0436757 1.42232
0.725 0.0450925 1.41122
0.726 0.0464981 1.39977
0.727 0.0478921 1.38797
0.728 0.049274 1.37583
0.729 0.0506437 1.36334
0.73 0.0520007 1.35051
0.731 0.0533447 1.33734
0.732 0.0546754 1.32384
0.733 0.0559924 1.31
0.734 0.0572954 1.29584
0.735 0.0585841 1.28136
0.736 0.0598581 1.26655
0.737 0.0611172 1.25143
0.738 0.062361 1.23599
0.739 0.0635892 1.22025
0.74 0.0648015 1.2042
0.741 0.0659976 1.18785
0.742 0.0671772 1.1712
0.743 0.06834 1.15427
0.744 0.0694857 1.13704
0.745 0.0706141 1.11952
0.746 0.0717248 1.10173
0.747 0.0728175 1.08366
0.748 0.0738921 1.06533
0.749 0.0749482 1.04672
0.75 0.0759855 1.02785
0.751 0.0770039 1.00873
0.752 0.078003 0.989354
0.753 0.0789826 0.969731
0.754 0.0799425 0.949866
0.755 0.0808823 0.929763
0.756 0.081802 0.909427
0.757 0.0827012 0.888864
0.758 0.0835797 0.868079
0.759 0.0844373 0.847077
0.76 0.0852739 0.825863
0.761 0.0860891 0.804443
0.762 0.0868827 0.782821
0.763 0.0876547 0.761004
0.764 0.0884048 0.738997
0.765 0.0891327 0.716804
0.766 0.0898384 0.694433
0.767 0.0905216 0.671888
0.768 0.0911821 0.649175
0.769 0.0918199 0.6263
0.77 0.0924347 0.603268
0.771 0.0930264 0.580085
0.772 0.0935949 0.556758
0.773 0.09414 0.533291
0.774 0.0946615 0.509691
0.775 0.0951593 0.485963
0.776 0.0956334 0.462114
0.777 0.0960836 0.438149
0.778 0.0965097 0.414075
0.779 0.0969117 0.389897
0.78 0.0972895 0.365622
0.781 0.097643 0.341256
0.782 0.097972 0.316804
0.783 0.0982766 0.292273
0.784 0.0985566 0.267669
0.785 0.0988119 0.242998
0.786 0.0990426 0.218266
0.787 0.0992484 0.193479
0.788 0.0994295 0.168645
0.789 0.0995857 0.143768
0.79 0.0997171 0.118855
0.791 0.0998234 0.0939123
0.792 0.0999049 0.0689463
0.793 0.0999613 0.043963
0.794 0.0999928 0.0189687
0.795 0.0999993 -0.0060303
0.796 0.0999807 -0.0310278
0.797 0.0999372 -0.0560175
0.798 0.0998687 -0.0809933
0.799 0.0997752 -0.105949
0.8 0.0996568 -0.130878
0.801 0.0995135 -0.155774
0.802 0.0993453 -0.180631
0.803 0.0991522 -0.205444
0.804 0.0989344 -0.230204
0.805 0.0986918 -0.254908
0.806 0.0984246 -0.279547
0.807 0.0981327 -0.304117
0.808 0.0978163 -0.328611
0.809 0.0974755 -0.353022
0.81 0.0971103 -0.377345
0.811 0.0967208 -0.401574
0.812 0.0963071 -0.425703
0.813 0.0958694 -0.449725
0.814 0.0954077 -0.473634
0.815 0.0949221 -0.497426
0.816 0.0944128 -0.521092
0.817 0.0938799 -0.544629
0.818 0.0933236 -0.568029
0.819 0.0927439 -0.591288
0.82 0.092141 -0.614398
0.821 0.0915151 -0.637355
0.822 0.0908663 -0.660153
0.823 0.0901948 -0.682786
0.824 0.0895007 -0.705248
0.825 0.0887843 -0.727533
0.826 0.0880456 -0.749637
0.827 0.087285 -0.771553
0.828 0.0865025 -0.793277
0.829 0.0856985 -0.814802
0.83 0.0848729 -0.836123
0.831 0.0840262 -0.857236
0.832 0.0831585 -0.878134
0.833 0.0822699 -0.898812
0.834 0.0813608 -0.919266
0.835 0.0804314 -0.93949
0.836 0.0794819 -0.959479
0.837 0.0785124 -0.979229
0.838 0.0775234 -0.998733
0.839 0.076515 -1.01799
0.84 0.0754874 -1.03699
0.841 0.074441 -1.05573
0.842 0.073376 -1.07421
0.843 0.0722926 -1.09242
0.844 0.0711911 -1.11035
0.845 0.0700719 -1.12801
0.846 0.0689351 -1.14538
0.847 0.0677811 -1.16247
0.848 0.0666102 -1.17927
0.849 0.0654226 -1.19578
0.85 0.0642186 -1.21198
0.851 0.0629986 -1.22788
0.852 0.0617629 -1.24348
0.853 0.0605117 -1.25876
0.854 0.0592453 -1.27373
0.855 0.0579642 -1.28838
0.856 0.0566686 -1.30271
0.857 0.0553588 -1.31672
0.858 0.0540351 -1.33039
0.859 0.052698 -1.34373
0.86 0.0513477 -1.35674
0.861 0.0499845 -1.36941
0.862 0.0486088 -1.38173
0.863 0.047221 -1.39371
0.864 0.0458214 -1.40534
0.865 0.0444104 -1.41662
0.866 0.0429882 -1.42754
0.867 0.0415553 -1.43811
0.868 0.040112 -1.44832
0.869 0.0386586 -1.45816
0.87 0.0371956 -1.46765
0.871 0.0357234 -1.47676
0.872 0.0342421 -1.48551
0.873 0.0327523 -1.49388
0.874 0.0312544 -1.50188
0.875 0.0297486 -1.50951
0.876 0.0282353 -1.51676
0.877 0.0267151 -1.52362
0.878 0.0251881 -1.53011
0.879 0.0236548 -1.53622
0.88 0.0221157 -1.54194
0.881 0.020571 -1.54727
0.882 0.0190211 -1.55222
0.883 0.0174665 -1.55678
0.884 0.0159075 -1.56096
0.885 0.0143446 -1.56474
0.886 0.0127781 -1.56813
0.887 0.0112083 -1.57113
0.888 0.00963581 -1.57373
0.889 0.00806088 -1.57594
0.89 0.00648392 -1.57776
0.891 0.00490535 -1.57919
0.892 0.00332555 -1.58021
0.893 0.00174492 -1.58085
0.894 0.000163855 -1.58109
0.895 -0.00141725 -1.58093
0.896 -0.00299801 -1.58038
0.897 -0.00457801 -1.57943
0.898 -0.00615687 -1.57809
0.899 -0.00773419 -1.57635
0.9 -0.00930958 -1.57422
0.901 -0.0108826 -1.5717
0.902 -0.012453 -1.56878
0.903 -0.0140202 -1.56547
0.904 -0.0155839 -1.56177
0.905 -0.0171437 -1.55768
0.906 -0.0186993 -1.5532
0.907 -0.0202501 -1.54833
0.908 -0.0217959 -1.54308
0.909 -0.0233363 -1.53744
0.91 -0.0248708 -1.53141
0.911 -0.0263991 -1.525
0.912 -0.0279208 -1.51821
0.913 -0.0294355 -1.51104
0.914 -0.0309429 -1.50349
0.915 -0.0324425 -1.49557
0.916 -0.033934 -1.48727
0.917 -0.0354171 -1.4786
0.918 -0.0368913 -1.46957
0.919 -0.0383562 -1.46016
0.92 -0.0398116 -1.45039
0.921 -0.041257 -1.44026
0.922 -0.0426921 -1.42976
0.923 -0.0441165 -1.41891
0.924 -0.0455299 -1.4077
0.925 -0.0469319 -1.39615
0.926 -0.0483222 -1.38424
0.927 -0.0497004 -1.37199
0.928 -0.0510662 -1.35939
0.929 -0.0524192 -1.34646
0.93 -0.0537591 -1.33318
0.931 -0.0550855 -1.31958
0.932 -0.0563982 -1.30564
0.933 -0.0576968 -1.29138
0.934 -0.058981 -1.2768
0.935 -0.0602504 -1.26189
0.936 -0.0615048 -1.24667
0.937 -0.0627438 -1.23114
0.938 -0.0639671 -1.2153
0.939 -0.0651744 -1.19916
0.94 -0.0663654 -1.18272
0.941 -0.0675398 -1.16598
0.942 -0.0686974 -1.14895
0.943 -0.0698377 -1.13163
0.944 -0.0709606 -1.11403
0.945 -0.0720658 -1.09615
0.946 -0.0731529 -1.078
0.947 -0.0742218 -1.05958
0.948 -0.0752721 -1.04089
0.949 -0.0763036 -1.02195
0.95 -0.077316 -1.00274
0.951 -0.0783091 -0.983292
0.952 -0.0792826 -0.963593
0.953 -0.0802362 -0.943653
0.954 -0.0811699 -0.923477
0.955 -0.0820832 -0.90307
0.956 -0.082976 -0.882438
0.957 -0.0838481 -0.861585
0.958 -0.0846992 -0.840517
0.959 -0.0855291 -0.819238
0.96 -0.0863377 -0.797755
0.961 -0.0871246 -0.776072
0.962 -0.0878898 -0.754195
0.963 -0.088633 -0.73213
0.964 -0.0893541 -0.709881
0.965 -0.0900528 -0.687455
0.966 -0.090729 -0.664858
0.967 -0.0913825 -0.642094
0.968 -0.0920132 -0.619169
0.969 -0.0926208 -0.59609
0.97 -0.0932053 -0.572862
0.971 -0.0937666 -0.54949
0.972 -0.0943043 -0.525981
0.973 -0.0948185 -0.502341
0.974 -0.095309 -0.478575
0.975 -0.0957757 -0.45469
0.976 -0.0962184 -0.43069
0.977 -0.096637 -0.406583
0.978 -0.0970315 -0.382375
0.979 -0.0974018 -0.358071
0.98 -0.0977477 -0.333677
0.981 -0.0980691 -0.3092
0.982 -0.0983661 -0.284645
0.983 -0.0986384 -0.26002
0.984 -0.0988861 -0.235329
0.985 -0.0991091 -0.21058
0.986 -0.0993073 -0.185778
0.987 -0.0994807 -0.160929
0.988 -0.0996291 -0.136041
0.989 -0.0997527 -0.111118
0.99 -0.0998514 -0.0861674
0.991 -0.0999251 -0.0611954
0.992 -0.0999738 -0.036208
0.993 -0.0999975 -0.0112116
0.994 -0.0999962 0.0137876
0.995 -0.0999699 0.0387834
0.996 -0.0999186 0.0637694
0.997 -0.0998424 0.0887395
0.998 -0.0997412 0.113687
0.999 -0.099615 0.138607
1 -0.0994639 0.163492
1.001 -0.099288 0.188336
1.002 -0.0990873 0.213133
1.003 -0.0988617 0.237876
1.004 -0.0986115 0.262561
1.005 -0.0983366 0.287179
1.006 -0.0980372 0.311726
1.007 -0.0977132 0.336195
1.008 -0.0973648 0.360579
1.009 -0.096992 0.384874
1.01 -0.096595 0.409072
1.011 -0.0961739 0.433168
1.012 -0.0957287 0.457156
1.013 -0.0952596 0.48103
1.014 -0.0947666 0.504783
1.015 -0.09425 0.52841
1.016 -0.0937098 0.551905
1.017 -0.0931462 0.575262
1.018 -0.0925593 0.598475
1.019 -0.0919492 0.621539
1.02 -0.0913162 0.644447
1.021 -0.0906603 0.667194
1.022 -0.0899818 0.689774
1.023 -0.0892808 0.712182
1.024 -0.0885574 0.734412
1.025 -0.087812 0.756458
1.026 -0.0870445 0.778315
1.027 -0.0862553 0.799978
1.028 -0.0854446 0.82144
1.029 -0.0846125 0.842697
1.03 -0.0837592 0.863744
1.031 -0.082885 0.884574
1.032 -0.08199 0.905184
1.033 -0.0810746 0.925567
1.034 -0.0801389 0.945718
1.035 -0.0791832 0.965634
1.036 -0.0782076 0.985308
1.037 -0.0772125 1.00474
1.038 -0.0761982 1.02391
1.039 -0.0751647 1.04283
1.04 -0.0741125 1.06149
1.041 -0.0730417 1.07989
1.042 -0.0719527 1.09801
1.043 -0.0708457 1.11586
1.044 -0.069721 1.13343
1.045 -0.0685789 1.15072
1.046 -0.0674196 1.16772
1.047 -0.0662434 1.18443
1.048 -0.0650507 1.20084
1.049 -0.0638418 1.21695
1.05 -0.0626168 1.23276
1.051 -0.0613762 1.24826
1.052 -0.0601203 1.26344
1.053 -0.0588494 1.27831
1.054 -0.0575637 1.29287
1.055 -0.0562636 1.30709
1.056 -0.0549495 1.321
1.057 -0.0536216 1.33457
1.058 -0.0522804 1.3478
1.059 -0.050926 1.36071
1.06 -0.0495589 1.37327
1.061 -0.0481795 1.38548
1.062 -0.046788 1.39735
1.063 -0.0453848 1.40888
1.064 -0.0439702 1.42005
1.065 -0.0425447 1.43086
1.066 -0.0411085 1.44132
1.067 -0.0396621 1.45141
1.068 -0.0382057 1.46115
1.069 -0.0367398 1.47051
1.07 -0.0352647 1.47951
1.071 -0.0337807 1.48815
1.072 -0.0322884 1.4964
1.073 -0.0307879 1.50429
1.074 -0.0292798 1.5118
1.075 -0.0277643 1.51893
1.076 -0.0262419 1.52568
1.077 -0.024713 1.53205
1.078 -0.0231778 1.53803
1.079 -0.0216369 1.54364
1.08 -0.0200906 1.54885
1.081 -0.0185392 1.55368
1.082 -0.0169832 1.55812
1.083 -0.015423 1.56217
1.084 -0.0138589 1.56583
1.085 -0.0122913 1.5691
1.086 -0.0107207 1.57198
1.087 -0.00914734 1.57446
1.088 -0.00757174 1.57655
1.089 -0.00599424 1.57825
1.09 -0.00441525 1.57955
1.091 -0.00283515 1.58045
1.092 -0.00125434 1.58097
1.093 0.000326784 1.58108
1.094 0.00190782 1.5808
1.095 0.00348839 1.58013
1.096 0.00506808 1.57906
1.097 0.0066465 1.57759
1.098 0.00822326 1.57573
1.099 0.00979797 1.57348
1.1 0.0113702 1.57084
1.101 0.0129396 1.5678
1.102 0.0145058 1.56437
1.103 0.0160684 1.56054
1.104 0.0176269 1.55633
1.105 0.019181 1.55173
1.106 0.0207304 1.54674
1.107 0.0222745 1.54137
1.108 0.0238131 1.53561
1.109 0.0253457 1.52946
1.11 0.026872 1.52293
1.111 0.0283916 1.51603
1.112 0.0299041 1.50874
1.113 0.0314091 1.50108
1.114 0.0329062 1.49304
1.115 0.0343952 1.48462
1.116 0.0358755 1.47584
1.117 0.0373468 1.46669
1.118 0.0388089 1.45717
1.119 0.0402612 1.44728
1.12 0.0417034 1.43704
1.121 0.0431352 1.42643
1.122 0.0445563 1.41547
1.123 0.0459662 1.40416
1.124 0.0473646 1.39249
1.125 0.0487512 1.38048
1.126 0.0501255 1.36812
1.127 0.0514874 1.35541
1.128 0.0528364 1.34237
1.129 0.0541721 1.329
1.13 0.0554944 1.31529
1.131 0.0568027 1.30125
1.132 0.0580969 1.28689
1.133 0.0593765 1.27221
1.134 0.0606413 1.2572
1.135 0.0618909 1.24189
1.136 0.0631251 1.22626
1.137 0.0643434 1.21033
1.138 0.0655457 1.19409
1.139 0.0667316 1.17756
1.14 0.0679008 1.16073
1.141 0.0690531 1.14361
1.142 0.070188 1.1262
1.143 0.0713055 1.10852
1.144 0.0724051 1.09055
1.145 0.0734866 1.07231
1.146 0.0745497 1.05381
1.147 0.0755942 1.03504
1.148 0.0766198 1.01602
1.149 0.0776262 0.996735
1.15 0.0786133 0.977205
1.151 0.0795806 0.957431
1.152 0.0805281 0.937417
1.153 0.0814555 0.917169
1.154 0.0823625 0.896692
1.155 0.0832488 0.875991
1.156 0.0841144 0.85507
1.157 0.084959 0.833936
1.158 0.0857823 0.812593
1.159 0.0865842 0.791047
1.16 0.0873644 0.769304
1.161 0.0881228 0.747368
1.162 0.0888591 0.725245
1.163 0.0895733 0.702941
1.164 0.090265 0.680461
1.165 0.0909342 0.657812
1.166 0.0915806 0.634997
1.167 0.0922042 0.612024
1.168 0.0928047 0.588898
1.169 0.093382 0.565625
1.17 0.0939359 0.54221
1.171 0.0944664 0.51866
1.172 0.0949733 0.49498
1.173 0.0954564 0.471176
1.174 0.0959156 0.447254
1.175 0.0963509 0.423221
1.176 0.0967621 0.399082
1.177 0.097149 0.374843
1.178 0.0975117 0.350511
1.179 0.0978501 0.32609
1.18 0.0981639 0.301589
1.181 0.0984532 0.277011
1.182 0.0987179 0.252365
1.183 0.098958 0.227656
1.184 0.0991733 0.202889
1.185 0.0993637 0.178072
1.186 0.0995294 0.15321
1.187 0.0996702 0.12831
1.188 0.099786 0.103378
1.189 0.0998769 0.0784205
1.19 0.0999429 0.053443
1.191 0.0999838 0.0284522
1.192 0.0999998 0.00345426
1.193 0.0999907 -0.0215445
1.194 0.0999567 -0.046538
1.195 0.0998976 -0.0715198
1.196 0.0998136 -0.0964837
1.197 0.0997047 -0.121423
1.198 0.0995708 -0.146333
1.199 0.099412 -0.171206
1.2 0.0992284 -0.196036
1.201 0.0990199 -0.220817
1.202 0.0987867 -0.245543
1.203 0.0985288 -0.270207
1.204 0.0982463 -0.294804
1.205 0.0979392 -0.319327
1.206 0.0976077 -0.343771
1.207 0.0972517 -0.368128
1.208 0.0968714 -0.392393
1.209 0.0964669 -0.416561
1.21 0.0960383 -0.440624
1.211 0.0955857 -0.464577
1.212 0.0951091 -0.488414
1.213 0.0946088 -0.512128
1.214 0.0940849 -0.535715
1.215 0.0935374 -0.559168
1.216 0.0929665 -0.582481
1.217 0.0923724 -0.605648
1.218 0.0917553 -0.628664
1.219 0.0911151 -0.651523
1.22 0.0904522 -0.674219
1.221 0.0897667 -0.696746
1.222 0.0890587 -0.719099
1.223 0.0883285 -0.741273
1.224 0.0875762 -0.763261
1.225 0.086802 -0.785058
1.226 0.0860061 -0.806659
1.227 0.0851886 -0.828059
1.228 0.0843499 -0.849251
1.229 0.0834901 -0.870231
1.23 0.0826095 -0.890993
1.231 0.0817082 -0.911533
1.232 0.0807864 -0.931845
1.233 0.0798445 -0.951924
1.234 0.0788826 -0.971765
1.235 0.0779009 -0.991363
1.236 0.0768998 -1.01071
1.237 0.0758795 -1.02981
1.238 0.0748402 -1.04865
1.239 0.0737822 -1.06723
1.24 0.0727058 -1.08554
1.241 0.0716111 -1.10358
1.242 0.0704986 -1.12134
1.243 0.0693684 -1.13883
1.244 0.0682209 -1.15602
1.245 0.0670564 -1.17293
1.246 0.0658751 -1.18955
1.247 0.0646773 -1.20587
1.248 0.0634633 -1.22189
1.249 0.0622335 -1.2376
1.25 0.0609881 -1.253
1.251 0.0597275 -1.26809
1.252 0.058452 -1.28286
1.253 0.0571618 -1.29732
1.254 0.0558573 -1.31144
1.255 0.0545389 -1.32524
1.256 0.0532068 -1.33871
1.257 0.0518615 -1.35184
1.258 0.0505032 -1.36464
1.259 0.0491322 -1.37709
1.26 0.047749 -1.3892
1.261 0.0463538 -1.40097
1.262 0.044947 -1.41238
1.263 0.043529 -1.42344
1.264 0.0421002 -1.43414
1.265 0.0406608 -1.44449
1.266 0.0392112 -1.45447
1.267 0.0377518 -1.46409
1.268 0.036283 -1.47335
1.269 0.0348051 -1.48223
1.27 0.0333185 -1.49075
1.271 0.0318236 -1.49889
1.272 0.0303208 -1.50666
1.273 0.0288103 -1.51405
1.274 0.0272927 -1.52106
1.275 0.0257682 -1.5277
1.276 0.0242373 -1.53395
1.277 0.0227003 -1.53981
1.278 0.0211576 -1.5453
1.279 0.0196097 -1.55039
1.28 0.0180568 -1.5551
1.281 0.0164995 -1.55942
1.282 0.014938 -1.56335
1.283 0.0133728 -1.56689
1.284 0.0118042 -1.57004
1.285 0.0102327 -1.57279
1.286 0.00865865 -1.57515
1.287 0.00708242 -1.57712
1.288 0.00550441 -1.57869
1.289 0.00392503 -1.57987
1.29 0.00234467 -1.58065
1.291 0.000763724 -1.58104
1.292 -0.000817415 -1.58104
1.293 -0.00239835 -1.58063
1.294 -0.00397868 -1.57984
1.295 -0.00555802 -1.57865
1.296 -0.00713597 -1.57706
1.297 -0.00871214 -1.57508
1.298 -0.0102861 -1.5727
1.299 -0.0118575 -1.56993
1.3 -0.013426 -1.56677
1.301 -0.0149911 -1.56322
1.302 -0.0165524 -1.55928
1.303 -0.0181097 -1.55495
1.304 -0.0196623 -1.55023
1.305 -0.0212101 -1.54512
1.306 -0.0227526 -1.53962
1.307 -0.0242893 -1.53374
1.308 -0.0258201 -1.52748
1.309 -0.0273443 -1.52083
1.31 -0.0288617 -1.51381
1.311 -0.0303719 -1.5064
1.312 -0.0318745 -1.49862
1.313 -0.0333692 -1.49047
1.314 -0.0348554 -1.48194
1.315 -0.036333 -1.47304
1.316 -0.0378015 -1.46377
1.317 -0.0392606 -1.45414
1.318 -0.0407098 -1.44414
1.319 -0.0421489 -1.43379
1.32 -0.0435774 -1.42307
1.321 -0.044995 -1.412
1.322 -0.0464014 -1.40057
1.323 -0.0477961 -1.3888
1.324 -0.049179 -1.37668
1.325 -0.0505495 -1.36421
1.326 -0.0519074 -1.3514
1.327 -0.0532523 -1.33826
1.328 -0.0545839 -1.32478
1.329 -0.0559019 -1.31097
1.33 -0.0572058 -1.29683
1.331 -0.0584955 -1.28237
1.332 -0.0597706 -1.26758
1.333 -0.0610307 -1.25248
1.334 -0.0622755 -1.23707
1.335 -0.0635048 -1.22135
1.336 -0.0647182 -1.20532
1.337 -0.0659155 -1.18899
1.338 -0.0670962 -1.17236
1.339 -0.0682602 -1.15544
1.34 -0.0694071 -1.13824
1.341 -0.0705367 -1.12074
1.342 -0.0716486 -1.10297
1.343 -0.0727426 -1.08492
1.344 -0.0738184 -1.0666
1.345 -0.0748758 -1.04801
1.346 -0.0759145 -1.02917
1.347 -0.0769341 -1.01006
1.348 -0.0779346 -0.990701
1.349 -0.0789155 -0.971095
1.35 -0.0798768 -0.951246
1.351 -0.080818 -0.931159
1.352 -0.0817391 -0.910839
1.353 -0.0826397 -0.890292
1.354 -0.0835197 -0.869522
1.355 -0.0843788 -0.848535
1.356 -0.0852167 -0.827335
1.357 -0.0860334 -0.805929
1.358 -0.0868286 -0.784321
1.359 -0.0876021 -0.762517
1.36 -0.0883536 -0.740523
1.361 -0.0890831 -0.718343
1.362 -0.0897903 -0.695984
1.363 -0.0904751 -0.673451
1.364 -0.0911372 -0.650749
1.365 -0.0917766 -0.627885
1.366 -0.092393 -0.604864
1.367 -0.0929863 -0.581692
1.368 -0.0935564 -0.558374
1.369 -0.0941031 -0.534916
1.37 -0.0946262 -0.511325
1.371 -0.0951257 -0.487606
1.372 -0.0956014 -0.463765
1.373 -0.0960532 -0.439808
1.374 -0.096481 -0.415742
1.375 -0.0968847 -0.391571
1.376 -0.0972642 -0.367302
1.377 -0.0976193 -0.342942
1.378 -0.0979501 -0.318496
1.379 -0.0982563 -0.29397
1.38 -0.098538 -0.269371
1.381 -0.0987951 -0.244704
1.382 -0.0990274 -0.219976
1.383 -0.099235 -0.195193
1.384 -0.0994178 -0.170362
1.385 -0.0995757 -0.145488
1.386 -0.0997088 -0.120577
1.387 -0.0998169 -0.0956363
1.388 -0.0999001 -0.0706717
1.389 -0.0999582 -0.0456894
1.39 -0.0999914 -0.0206957
1.391 -0.0999996 0.00430318
1.392 -0.0999828 0.029301
1.393 -0.099941 0.0542915
1.394 -0.0998742 0.0792684
1.395 -0.0997825 0.104225
1.396 -0.0996658 0.129157
1.397 -0.0995242 0.154055
1.398 -0.0993577 0.178915
1.399 -0.0991663 0.203731
1.4 -0.0989502 0.228496
1.401 -0.0987094 0.253203
1.402 -0.0984438 0.277847
1.403 -0.0981537 0.302422
1.404 -0.097839 0.326921
1.405 -0.0974998 0.351338
1.406 -0.0971363 0.375668
1.407 -0.0967485 0.399903
1.408 -0.0963365 0.424039
1.409 -0.0959004 0.448069
1.41 -0.0954403 0.471986
1.411 -0.0949564 0.495786
1.412 -0.0944488 0.519461
1.413 -0.0939175 0.543007
1.414 -0.0933628 0.566417
1.415 -0.0927847 0.589686
1.416 -0.0921834 0.612807
1.417 -0.0915591 0.635775
1.418 -0.0909118 0.658583
1.419 -0.0902419 0.681228
1.42 -0.0895494 0.703702
1.421 -0.0888345 0.725999
1.422 -0.0880974 0.748116
1.423 -0.0873383 0.770045
1.424 -0.0865573 0.791782
1.425 -0.0857547 0.813321
1.426 -0.0849307 0.834657
1.427 -0.0840854 0.855784
1.428 -0.0832191 0.876697
1.429 -0.082332 0.897391
1.43 -0.0814243 0.917861
1.431 -0.0804963 0.938101
1.432 -0.0795481 0.958106
1.433 -0.0785801 0.977872
1.434 -0.0775924 0.997394
1.435 -0.0765853 1.01667
1.436 -0.075559 1.03568
1.437 -0.0745139 1.05444
1.438 -0.0734501 1.07294
1.439 -0.072368 1.09117
1.44 -0.0712678 1.10912
1.441 -0.0701498 1.1268
1.442 -0.0690142 1.14419
1.443 -0.0678614 1.1613
1.444 -0.0666916 1.17812
1.445 -0.0655052 1.19465
1.446 -0.0643023 1.21087
1.447 -0.0630834 1.2268
1.448 -0.0618487 1.24241
1.449 -0.0605986 1.25772
1.45 -0.0593333 1.27271
1.451 -0.0580532 1.28738
1.452 -0.0567585 1.30173
1.453 -0.0554497 1.31576
1.454 -0.054127 1.32946
1.455 -0.0527908 1.34282
1.456 -0.0514414 1.35585
1.457 -0.0500791 1.36854
1.458 -0.0487043 1.38089
1.459 -0.0473173 1.39289
1.46 -0.0459185 1.40455
1.461 -0.0445082 1.41585
1.462 -0.0430868 1.4268
1.463 -0.0416546 1.43739
1.464 -0.040212 1.44762
1.465 -0.0387594 1.4575
1.466 -0.037297 1.467
1.467 -0.0358254 1.47614
1.468 -0.0343447 1.48491
1.469 -0.0328555 1.49331
1.47 -0.0313581 1.50134
1.471 -0.0298528 1.50899
1.472 -0.0283401 1.51627
1.473 -0.0268203 1.52316
1.474 -0.0252938 1.52968
1.475 -0.023761 1.53581
1.476 -0.0222222 1.54156
1.477 -0.0206778 1.54692
1.478 -0.0191283 1.55189
1.479 -0.0175741 1.55648
1.48 -0.0160154 1.56068
1.481 -0.0144527 1.56449
1.482 -0.0128864 1.56791
1.483 -0.0113169 1.57093
1.484 -0.00974454 1.57356
1.485 -0.00816975 1.5758
1.486 -0.00659293 1.57765
1.487 -0.00501445 1.5791
1.488 -0.00343473 1.58016
1.489 -0.00185414 1.58082
1.49 -0.000273092 1.58108
1.491 0.00130803 1.58095
1.492 0.00288882 1.58043
1.493 0.00446889 1.57951
1.494 0.00604784 1.5782
1.495 0.00762528 1.57649
1.496 0.00920081 1.57438
1.497 0.010774 1.57189
1.498 0.0123446 1.569
1.499 0.013912 1.56571
1.5 0.015476 1.56204
1.501 0.0170361 1.55798
1.502 0.018592 1.55352
1.503 0.0201432 1.54868
1.504 0.0216893 1.54345
1.505 0.0232301 1.53784
1.506 0.024765 1.53184
1.507 0.0262937 1.52546
1.508 0.0278159 1.51869
1.509 0.0293311 1.51155
1.51 0.030839 1.50403
1.511 0.0323392 1.49613
1.512 0.0338313 1.48786
1.513 0.0353149 1.47922
1.514 0.0367897 1.4702
1.515 0.0382553 1.46082
1.516 0.0397113 1.45108
1.517 0.0411575 1.44097
1.518 0.0425933 1.4305
1.519 0.0440184 1.41967
1.52 0.0454326 1.40849
1.521 0.0468354 1.39696
1.522 0.0482265 1.38507
1.523 0.0496056 1.37285
1.524 0.0509722 1.36027
1.525 0.0523261 1.34736
1.526 0.0536669 1.33411
1.527 0.0549943 1.32053
1.528 0.056308 1.30662
1.529 0.0576076 1.29238
1.53 0.0588928 1.27781
1.531 0.0601632 1.26293
1.532 0.0614186 1.24773
1.533 0.0626587 1.23222
1.534 0.0638831 1.21641
1.535 0.0650915 1.20029
1.536 0.0662836 1.18386
1.537 0.0674592 1.16715
1.538 0.0686179 1.15014
1.539 0.0697595 1.13284
1.54 0.0708836 1.11526
1.541 0.07199 1.0974
1.542 0.0730784 1.07927
1.543 0.0741485 1.06086
1.544 0.0752001 1.04219
1.545 0.0762329 1.02326
1.546 0.0772467 1.00408
1.547 0.0782411 0.984643
1.548 0.0792159 0.964961
1.549 0.080171 0.945038
1.55 0.081106 0.924878
1.551 0.0820208 0.904487
1.552 0.082915 0.883871
1.553 0.0837885 0.863033
1.554 0.0846411 0.841979
1.555 0.0854725 0.820715
1.556 0.0862825 0.799245
1.557 0.0870709 0.777576
1.558 0.0878376 0.755713
1.559 0.0885824 0.73366
1.56 0.089305 0.711424
1.561 0.0900052 0.68901
1.562 0.090683 0.666424
1.563 0.0913381 0.643672
1.564 0.0919703 0.620758
1.565 0.0925796 0.597689
1.566 0.0931657 0.574471
1.567 0.0937285 0.551109
1.568 0.0942679 0.52761
1.569 0.0947838 0.503978
1.57 0.0952759 0.480221
1.571 0.0957442 0.456344
1.572 0.0961886 0.432352
1.573 0.0966089 0.408252
1.574 0.0970051 0.38405
1.575 0.097377 0.359753
1.576 0.0977246 0.335365
1.577 0.0980477 0.310893
1.578 0.0983464 0.286344
1.579 0.0986204 0.261723
1.58 0.0988698 0.237037
1.581 0.0990945 0.212292
1.582 0.0992944 0.187493
1.583 0.0994695 0.162647
1.584 0.0996197 0.137761
1.585 0.099745 0.112841
1.586 0.0998454 0.087892
1.587 0.0999208 0.0629212
1.588 0.0999712 0.0379347
1.589 0.0999967 0.0129387
1.59 0.0999971 -0.0120605
1.591 0.0999725 -0.0370567
1.592 0.099923 -0.0620437
1.593 0.0998484 -0.0870151
1.594 0.0997489 -0.111965
1.595 0.0996245 -0.136886
1.596 0.0994752 -0.161774
1.597 0.099301 -0.186621
1.598 0.0991019 -0.211421
1.599 0.0988781 -0.236169
1.6 0.0986296 -0.260857
1.601 0.0983564 -0.285481
1.602 0.0980586 -0.310032
1.603 0.0977363 -0.334507
1.604 0.0973896 -0.358898
1.605 0.0970185 -0.383199
1.606 0.0966232 -0.407404
1.607 0.0962037 -0.431507
1.608 0.0957602 -0.455503
1.609 0.0952927 -0.479384
1.61 0.0948014 -0.503146
1.611 0.0942864 -0.526782
1.612 0.0937479 -0.550286
1.613 0.0931859 -0.573653
1.614 0.0926006 -0.596876
1.615 0.0919921 -0.61995
1.616 0.0913607 -0.642869
1.617 0.0907064 -0.665628
1.618 0.0900294 -0.68822
1.619 0.0893299 -0.71064
1.62 0.0886081 -0.732882
1.621 0.0878642 -0.754941
1.622 0.0870983 -0.776811
1.623 0.0863106 -0.798487
1.624 0.0855013 -0.819964
1.625 0.0846706 -0.841235
1.626 0.0838188 -0.862297
1.627 0.082946 -0.883142
1.628 0.0820525 -0.903767
1.629 0.0811385 -0.924166
1.63 0.0802042 -0.944334
1.631 0.0792498 -0.964265
1.632 0.0782757 -0.983956
1.633 0.0772819 -1.0034
1.634 0.0762689 -1.02259
1.635 0.0752367 -1.04153
1.636 0.0741858 -1.06021
1.637 0.0731163 -1.07862
1.638 0.0720285 -1.09677
1.639 0.0709228 -1.11464
1.64 0.0697993 -1.13223
1.641 0.0686583 -1.14953
1.642 0.0675002 -1.16655
1.643 0.0663252 -1.18328
1.644 0.0651336 -1.19971
1.645 0.0639258 -1.21585
1.646 0.062702 -1.23167
1.647 0.0614624 -1.24719
1.648 0.0602076 -1.2624
1.649 0.0589376 -1.2773
1.65 0.057653 -1.29187
1.651 0.0563539 -1.30612
1.652 0.0550407 -1.32005
1.653 0.0537138 -1.33364
1.654 0.0523734 -1.3469
1.655 0.05102 -1.35983
1.656 0.0496538 -1.37241
1.657 0.0482752 -1.38465
1.658 0.0468845 -1.39655
1.659 0.0454821 -1.40809
1.66 0.0440683 -1.41929
1.661 0.0426435 -1.43012
1.662 0.0412081 -1.44061
1.663 0.0397623 -1.45073
1.664 0.0383066 -1.46049
1.665 0.0368413 -1.46988
1.666 0.0353669 -1.4789
1.667 0.0338835 -1.48756
1.668 0.0323917 -1.49585
1.669 0.0308918 -1.50376
1.67 0.0293842 -1.51129
1.671 0.0278693 -1.51845
1.672 0.0263473 -1.52522
1.673 0.0248188 -1.53162
1.674 0.0232841 -1.53763
1.675 0.0217435 -1.54326
1.676 0.0201976 -1.5485
1.677 0.0186465 -1.55336
1.678 0.0170908 -1.55783
1.679 0.0155309 -1.5619
1.68 0.013967 -1.56559
1.681 0.0123997 -1.56889
1.682 0.0108293 -1.57179
1.683 0.00925612 -1.5743
1.684 0.00768066 -1.57642
1.685 0.00610328 -1.57814
1.686 0.00452437 -1.57947
1.687 0.00294434 -1.5804
1.688 0.00136357 -1.58094
1.689 -0.000217547 -1.58109
1.69 -0.00179861 -1.58083
1.691 -0.00337921 -1.58019
1.692 -0.00495898 -1.57914
1.693 -0.0065375 -1.57771
1.694 -0.00811439 -1.57588
1.695 -0.00968925 -1.57365
1.696 -0.0112617 -1.57103
1.697 -0.0128313 -1.56802
1.698 -0.0143977 -1.56462
1.699 -0.0159605 -1.56082
1.7 -0.0175194 -1.55664
1.701 -0.0190738 -1.55206
1.702 -0.0206235 -1.5471
1.703 -0.022168 -1.54175
1.704 -0.023707 -1.53602
1.705 -0.0252401 -1.5299
1.706 -0.0267668 -1.5234
1.707 -0.0282868 -1.51652
1.708 -0.0297998 -1.50925
1.709 -0.0313054 -1.50162
1.71 -0.0328031 -1.4936
1.711 -0.0342926 -1.48522
1.712 -0.0357735 -1.47646
1.713 -0.0372455 -1.46733
1.714 -0.0387082 -1.45784
1.715 -0.0401612 -1.44798
1.716 -0.0416041 -1.43776
1.717 -0.0430367 -1.42718
1.718 -0.0444585 -1.41624
1.719 -0.0458691 -1.40495
1.72 -0.0472684 -1.39331
1.721 -0.0486558 -1.38132
1.722 -0.050031 -1.36898
1.723 -0.0513937 -1.3563
1.724 -0.0527436 -1.34329
1.725 -0.0540803 -1.32993
1.726 -0.0554035 -1.31625
1.727 -0.0567128 -1.30223
1.728 -0.0580079 -1.28789
1.729 -0.0592886 -1.27323
1.73 -0.0605544 -1.25825
1.731 -0.0618051 -1.24295
1.732 -0.0630403 -1.22735
1.733 -0.0642598 -1.21144
1.734 -0.0654632 -1.19522
1.735 -0.0666502 -1.17871
1.736 -0.0678206 -1.1619
1.737 -0.068974 -1.1448
1.738 -0.0701102 -1.12741
1.739 -0.0712288 -1.10975
1.74 -0.0723297 -1.0918
1.741 -0.0734124 -1.07358
1.742 -0.0744768 -1.0551
1.743 -0.0755226 -1.03635
1.744 -0.0765495 -1.01734
1.745 -0.0775573 -0.998075
1.746 -0.0785457 -0.978562
1.747 -0.0795144 -0.958805
1.748 -0.0804633 -0.938807
1.749 -0.081392 -0.918575
1.75 -0.0823004 -0.898114
1.751 -0.0831883 -0.877428
1.752 -0.0840553 -0.856522
1.753 -0.0849013 -0.835403
1.754 -0.0857261 -0.814074
1.755 -0.0865295 -0.792542
1.756 -0.0873112 -0.770812
1.757 -0.0880711 -0.74889
1.758 -0.088809 -0.72678
1.759 -0.0895247 -0.704488
1.76 -0.090218 -0.68202
1.761 -0.0908887 -0.659382
1.762 -0.0915367 -0.636579
1.763 -0.0921618 -0.613616
1.764 -0.0927639 -0.5905
1.765 -0.0933429 -0.567237
1.766 -0.0938984 -0.543832
1.767 -0.0944305 -0.520291
1.768 -0.094939 -0.49662
1.769 -0.0954238 -0.472824
1.77 -0.0958847 -0.448911
1.771 -0.0963216 -0.424885
1.772 -0.0967344 -0.400753
1.773 -0.0971231 -0.376521
1.774 -0.0974875 -0.352194
1.775 -0.0978275 -0.32778
1.776 -0.098143 -0.303284
1.777 -0.098434 -0.278712
1.778 -0.0987004 -0.25407
1.779 -0.0989422 -0.229365
1.78 -0.0991592 -0.204602
1.781 -0.0993514 -0.179788
1.782 -0.0995188 -0.154929
1.783 -0.0996612 -0.130032
1.784 -0.0997788 -0.105102
1.785 -0.0998714 -0.0801455
1.786 -0.0999391 -0.0551692
1.787 -0.0999818 -0.030179
1.788 -0.0999995 -0.00518139
1.789 -0.0999921 0.0198176
1.79 -0.0999598 0.0448116
1.791 -0.0999025 0.0697944
1.792 -0.0998202 0.0947597
1.793 -0.099713 0.119701
1.794 -0.0995808 0.144613
1.795 -0.0994238 0.169489
1.796 -0.0992419 0.194322
1.797 -0.0990351 0.219106
1.798 -0.0988036 0.243836
1.799 -0.0985475 0.268505
1.8 -0.0982666 0.293107
1.801 -0.0979612 0.317635
1.802 -0.0976314 0.342085
1.803 -0.0972771 0.366448
1.804 -0.0968985 0.39072
1.805 -0.0964956 0.414894
1.806 -0.0960687 0.438965
1.807 -0.0956177 0.462926
1.808 -0.0951428 0.486771
1.809 -0.0946442 0.510494
1.81 -0.0941218 0.53409
1.811 -0.093576 0.557552
1.812 -0.0930067 0.580875
1.813 -0.0924142 0.604053
1.814 -0.0917986 0.627079
1.815 -0.0911601 0.649949
1.816 -0.0904987 0.672656
1.817 -0.0898148 0.695196
1.818 -0.0891083 0.717561
1.819 -0.0883796 0.739747
1.82 -0.0876288 0.761748
1.821 -0.0868561 0.783559
1.822 -0.0860617 0.805173
1.823 -0.0852458 0.826587
1.824 -0.0844086 0.847794
1.825 -0.0835502 0.868788
1.826 -0.082671 0.889566
1.827 -0.0817711 0.910121
1.828 -0.0808507 0.930449
1.829 -0.0799102 0.950544
1.83 -0.0789497 0.970402
1.831 -0.0779694 0.990017
1.832 -0.0769696 1.00938
1.833 -0.0759506 1.0285
1.834 -0.0749126 1.04736
1.835 -0.0738559 1.06595
1.836 -0.0727807 1.08428
1.837 -0.0716873 1.10234
1.838 -0.070576 1.12012
1.839 -0.0694471 1.13763
1.84 -0.0683008 1.15485
1.841 -0.0671374 1.17178
1.842 -0.0659572 1.18841
1.843 -0.0647606 1.20475
1.844 -0.0635477 1.22079
1.845 -0.062319 1.23652
1.846 -0.0610747 1.25195
1.847 -0.0598151 1.26706
1.848 -0.0585406 1.28185
1.849 -0.0572514 1.29633
1.85 -0.0559479 1.31048
1.851 -0.0546304 1.3243
1.852 -0.0532993 1.33779
1.853 -0.0519549 1.35095
1.854 -0.0505974 1.36377
1.855 -0.0492273 1.37624
1.856 -0.0478449 1.38838
1.857 -0.0464506 1.40017
1.858 -0.0450446 1.4116
1.859 -0.0436274 1.42269
1.86 -0.0421992 1.43341
1.861 -0.0407605 1.44378
1.862 -0.0393116 1.45379
1.863 -0.0378529 1.46344
1.864 -0.0363848 1.47272
1.865 -0.0349075 1.48163
1.866 -0.0334215 1.49017
1.867 -0.0319272 1.49834
1.868 -0.0304248 1.50613
1.869 -0.0289149 1.51355
1.87 -0.0273977 1.52059
1.871 -0.0258737 1.52725
1.872 -0.0243432 1.53353
1.873 -0.0228067 1.53942
1.874 -0.0212644 1.54493
1.875 -0.0197168 1.55005
1.876 -0.0181643 1.55479
1.877 -0.0166072 1.55913
1.878 -0.015046 1.56309
1.879 -0.013481 1.56666
1.88 -0.0119127 1.56983
1.881 -0.0103414 1.57261
1.882 -0.00876747 1.575
1.883 -0.00719138 1.577
1.884 -0.00561348 1.5786
1.885 -0.00403418 1.5798
1.886 -0.00245388 1.58061
1.887 -0.000872957 1.58103
1.888 0.000708181 1.58105
1.889 0.00228914 1.58068
1.89 0.00386953 1.57991
1.891 0.00544895 1.57874
1.892 0.00702701 1.57718
1.893 0.00860331 1.57523
1.894 0.0101775 1.57288
1.895 0.0117491 1.57014
1.896 0.0133177 1.56701
1.897 0.0148831 1.56348
1.898 0.0164447 1.55956
1.899 0.0180022 1.55526
1.9 0.0195552 1.55056
1.901 0.0211033 1.54548
1.902 0.0226462 1.54001
1.903 0.0241834 1.53416
1.904 0.0257145 1.52792
1.905 0.0272392 1.5213
1.906 0.0287571 1.5143
1.907 0.0302678 1.50692
1.908 0.031771 1.49917
1.909 0.0332662 1.49104
1.91 0.034753 1.48254
1.911 0.0362312 1.47367
1.912 0.0377004 1.46442
1.913 0.0391601 1.45482
1.914 0.04061 1.44484
1.915 0.0420498 1.43451
1.916 0.043479 1.42382
1.917 0.0448974 1.41277
1.918 0.0463046 1.40137
1.919 0.0477002 1.38962
1.92 0.0490838 1.37753
1.921 0.0504552 1.36508
1.922 0.051814 1.3523
1.923 0.0531598 1.33918
1.924 0.0544923 1.32572
1.925 0.0558113 1.31193
1.926 0.0571162 1.29782
1.927 0.0584069 1.28338
1.928 0.059683 1.26862
1.929 0.0609441 1.25354
1.93 0.06219 1.23815
1.931 0.0634204 1.22244
1.932 0.0646349 1.20644
1.933 0.0658333 1.19013
1.934 0.0670152 1.17352
1.935 0.0681803 1.15662
1.936 0.0693284 1.13943
1.937 0.0704592 1.12196
1.938 0.0715723 1.10421
1.939 0.0726676 1.08618
1.94 0.0737447 1.06788
1.941 0.0748034 1.04931
1.942 0.0758433 1.03048
1.943 0.0768643 1.01139
1.944 0.0778661 0.992047
1.945 0.0788484 0.972457
1.946 0.079811 0.952625
1.947 0.0807537 0.932554
1.948 0.0816761 0.91225
1.949 0.0825782 0.891719
1.95 0.0834596 0.870964
1.951 0.0843201 0.849992
1.952 0.0851595 0.828807
1.953 0.0859777 0.807414
1.954 0.0867744 0.78582
1.955 0.0875493 0.76403
1.956 0.0883024 0.742048
1.957 0.0890334 0.719882
1.958 0.0897422 0.697535
1.959 0.0904285 0.675013
1.96 0.0910922 0.652323
1.961 0.0917332 0.62947
1.962 0.0923512 0.606459
1.963 0.0929461 0.583297
1.964 0.0935178 0.559989
1.965 0.094066 0.536541
1.966 0.0945908 0.512959
1.967 0.095092 0.489249
1.968 0.0955693 0.465416
1.969 0.0960228 0.441467
1.97 0.0964523 0.417408
1.971 0.0968576 0.393244
1.972 0.0972388 0.368982
1.973 0.0975956 0.344628
1.974 0.097928 0.320187
1.975 0.098236 0.295667
1.976 0.0985193 0.271072
1.977 0.0987781 0.24641
1.978 0.0990122 0.221686
1.979 0.0992215 0.196907
1.98 0.099406 0.172079
1.981 0.0995656 0.147207
1.982 0.0997004 0.122299
1.983 0.0998102 0.0973602
1.984 0.0998951 0.0723971
1.985 0.099955 0.0474158
1.986 0.0999899 0.0224227
1.987 0.0999999 -0.00257605
1.988 0.0999848 -0.0275741
1.989 0.0999447 -0.0525653
1.99 0.0998797 -0.0775434
1.991 0.0997896 -0.102502
1.992 0.0996747 -0.127435
1.993 0.0995348 -0.152336
1.994 0.09937 -0.177199
1.995 0.0991804 -0.202018
1.996 0.0989659 -0.226786
1.997 0.0987268 -0.251498
1.998 0.098463 -0.276147
1.999 0.0981745 -0.300726
2 0.0978615 -0.325231
