0 -2.9533e-06 -0 0.98329 0 -0 -5.25611e-08 0 0.0175
1 -2.95284e-06 -5.25611e-08 0.983137 0.0175 9.19152e-10 -5.25529e-08 -0.000306028 0.0174973
2 -2.95146e-06 -1.05106e-07 0.982678 0.0349946 1.838e-09 -5.25284e-08 -0.000611956 0.0174891
3 -2.94917e-06 -1.57618e-07 0.981913 0.0524782 2.75625e-09 -5.24875e-08 -0.000917683 0.0174755
4 -2.94595e-06 -2.10081e-07 0.980843 0.0699455 3.6736e-09 -5.24302e-08 -0.00122311 0.0174564
5 -2.94182e-06 -2.62478e-07 0.979467 0.0873911 4.58974e-09 -5.23567e-08 -0.00152814 0.017432
6 -2.93677e-06 -3.14794e-07 0.977786 0.104809 5.50438e-09 -5.22669e-08 -0.00183266 0.0174021
7 -2.93081e-06 -3.67012e-07 0.975802 0.122195 6.41721e-09 -5.21608e-08 -0.00213659 0.0173667
8 -2.92394e-06 -4.19116e-07 0.973513 0.139543 7.32794e-09 -5.20385e-08 -0.00243981 0.017326
9 -2.91615e-06 -4.71089e-07 0.970922 0.156847 8.23628e-09 -5.19001e-08 -0.00274224 0.0172799
10 -2.90746e-06 -5.22916e-07 0.968029 0.174103 9.14191e-09 -5.17455e-08 -0.00304376 0.0172285
11 -2.89787e-06 -5.7458e-07 0.964834 0.191304 1.00446e-08 -5.15749e-08 -0.0033443 0.0171716
12 -2.88737e-06 -6.26066e-07 0.96134 0.208446 1.09439e-08 -5.13882e-08 -0.00364373 0.0171095
13 -2.87598e-06 -6.77357e-07 0.957547 0.225523 1.18397e-08 -5.11856e-08 -0.00394198 0.0170421
14 -2.8637e-06 -7.28437e-07 0.953456 0.24253 1.27316e-08 -5.09672e-08 -0.00423894 0.0169693
15 -2.85052e-06 -7.79291e-07 0.949069 0.259462 1.36194e-08 -5.07329e-08 -0.00453451 0.0168913
16 -2.83646e-06 -8.29903e-07 0.944387 0.276313 1.45027e-08 -5.0483e-08 -0.0048286 0.0168081
17 -2.82151e-06 -8.80257e-07 0.939412 0.293078 1.53812e-08 -5.02175e-08 -0.00512112 0.0167197
18 -2.80569e-06 -9.30338e-07 0.934145 0.309752 1.62548e-08 -4.99364e-08 -0.00541196 0.0166261
19 -2.789e-06 -9.8013e-07 0.928588 0.32633 1.7123e-08 -4.96399e-08 -0.00570104 0.0165274
20 -2.77145e-06 -1.02962e-06 0.922743 0.342807 1.79857e-08 -4.93281e-08 -0.00598826 0.0164236
21 -2.75303e-06 -1.07879e-06 0.916611 0.359178 1.88425e-08 -4.90011e-08 -0.00627353 0.0163147
22 -2.73376e-06 -1.12762e-06 0.910196 0.375437 1.96932e-08 -4.8659e-08 -0.00655676 0.0162008
23 -2.71365e-06 -1.1761e-06 0.903498 0.391579 2.05374e-08 -4.8302e-08 -0.00683786 0.016082
24 -2.69269e-06 -1.22422e-06 0.89652 0.4076 2.1375e-08 -4.79301e-08 -0.00711673 0.0159581
25 -2.6709e-06 -1.27196e-06 0.889264 0.423495 2.22057e-08 -4.75435e-08 -0.00739329 0.0158294
26 -2.64828e-06 -1.31931e-06 0.881733 0.439259 2.30291e-08 -4.71424e-08 -0.00766746 0.0156959
27 -2.62484e-06 -1.36625e-06 0.873929 0.454887 2.38451e-08 -4.67268e-08 -0.00793913 0.0155575
28 -2.60059e-06 -1.41276e-06 0.865855 0.470374 2.46534e-08 -4.6297e-08 -0.00820824 0.0154144
29 -2.57553e-06 -1.45884e-06 0.857513 0.485716 2.54536e-08 -4.5853e-08 -0.00847469 0.0152666
30 -2.54968e-06 -1.50447e-06 0.848906 0.500907 2.62457e-08 -4.5395e-08 -0.00873839 0.0151141
31 -2.52304e-06 -1.54963e-06 0.840036 0.515944 2.70292e-08 -4.49233e-08 -0.00899927 0.014957
32 -2.49562e-06 -1.59432e-06 0.830907 0.530822 2.78041e-08 -4.44379e-08 -0.00925725 0.0147954
33 -2.46743e-06 -1.63851e-06 0.821522 0.545535 2.85699e-08 -4.3939e-08 -0.00951224 0.0146293
34 -2.43848e-06 -1.6822e-06 0.811883 0.56008 2.93266e-08 -4.34269e-08 -0.00976417 0.0144588
35 -2.40878e-06 -1.72536e-06 0.801993 0.574453 3.00738e-08 -4.29016e-08 -0.010013 0.0142839
36 -2.37833e-06 -1.768e-06 0.791857 0.588648 3.08113e-08 -4.23634e-08 -0.0102585 0.0141047
37 -2.34716e-06 -1.81009e-06 0.781476 0.602662 3.1539e-08 -4.18124e-08 -0.0105008 0.0139213
38 -2.31526e-06 -1.85162e-06 0.770855 0.616491 3.22565e-08 -4.12489e-08 -0.0107397 0.0137337
39 -2.28264e-06 -1.89259e-06 0.759997 0.630129 3.29637e-08 -4.0673e-08 -0.0109751 0.0135419
40 -2.24933e-06 -1.93297e-06 0.748905 0.643574 3.36604e-08 -4.0085e-08 -0.0112071 0.0133461
41 -2.21532e-06 -1.97276e-06 0.737583 0.656822 3.43462e-08 -3.94849e-08 -0.0114354 0.0131464
42 -2.18064e-06 -2.01194e-06 0.726034 0.669867 3.50212e-08 -3.88732e-08 -0.0116602 0.0129427
43 -2.14528e-06 -2.0505e-06 0.714263 0.682707 3.56849e-08 -3.82499e-08 -0.0118811 0.0127351
44 -2.10927e-06 -2.08844e-06 0.702272 0.695337 3.63373e-08 -3.76152e-08 -0.0120984 0.0125238
45 -2.07261e-06 -2.12573e-06 0.690066 0.707755 3.69781e-08 -3.69695e-08 -0.0123117 0.0123088
46 -2.03531e-06 -2.16238e-06 0.677648 0.719955 3.76071e-08 -3.63128e-08 -0.0125212 0.0120902
47 -1.99739e-06 -2.19836e-06 0.665023 0.731935 3.82243e-08 -3.56455e-08 -0.0127266 0.011868
48 -1.95886e-06 -2.23367e-06 0.652195 0.743691 3.88293e-08 -3.49677e-08 -0.0129281 0.0116424
49 -1.91973e-06 -2.26829e-06 0.639167 0.75522 3.9422e-08 -3.42797e-08 -0.0131254 0.0114133
50 -1.88002e-06 -2.30223e-06 0.625944 0.766518 4.00023e-08 -3.35817e-08 -0.0133186 0.0111809
51 -1.83973e-06 -2.33546e-06 0.61253 0.777582 4.05699e-08 -3.2874e-08 -0.0135076 0.0109453
52 -1.79888e-06 -2.36798e-06 0.598929 0.788408 4.11248e-08 -3.21568e-08 -0.0136923 0.0107065
53 -1.75748e-06 -2.39977e-06 0.585145 0.798995 4.16667e-08 -3.14303e-08 -0.0138728 0.0104646
54 -1.71554e-06 -2.43084e-06 0.571184 0.809337 4.21956e-08 -3.06947e-08 -0.0140488 0.0102197
55 -1.67309e-06 -2.46116e-06 0.557048 0.819434 4.27111e-08 -2.99504e-08 -0.0142205 0.00997187
56 -1.63012e-06 -2.49074e-06 0.542743 0.829281 4.32133e-08 -2.91976e-08 -0.0143877 0.00972121
57 -1.58666e-06 -2.51956e-06 0.528272 0.838876 4.3702e-08 -2.84364e-08 -0.0145504 0.00946779
58 -1.54272e-06 -2.54761e-06 0.513642 0.848217 4.41771e-08 -2.76672e-08 -0.0147086 0.00921169
59 -1.49831e-06 -2.57489e-06 0.498855 0.8573 4.46383e-08 -2.68902e-08 -0.0148622 0.00895299
60 -1.45344e-06 -2.60139e-06 0.483917 0.866123 4.50857e-08 -2.61057e-08 -0.0150111 0.00869179
61 -1.40813e-06 -2.6271e-06 0.468833 0.874683 4.55191e-08 -2.53139e-08 -0.0151554 0.00842817
62 -1.3624e-06 -2.65202e-06 0.453607 0.882979 4.59383e-08 -2.45151e-08 -0.015295 0.00816221
63 -1.31626e-06 -2.67613e-06 0.438243 0.891008 4.63433e-08 -2.37095e-08 -0.0154298 0.007894
64 -1.26972e-06 -2.69944e-06 0.422747 0.898767 4.67339e-08 -2.28975e-08 -0.0155599 0.00762363
65 -1.22279e-06 -2.72193e-06 0.407123 0.906255 4.71102e-08 -2.20792e-08 -0.0156851 0.00735118
66 -1.1755e-06 -2.7436e-06 0.391377 0.913469 4.74719e-08 -2.12549e-08 -0.0158056 0.00707674
67 -1.12785e-06 -2.76444e-06 0.375512 0.920409 4.78189e-08 -2.04249e-08 -0.0159211 0.0068004
68 -1.07986e-06 -2.78445e-06 0.359534 0.92707 4.81513e-08 -1.95895e-08 -0.0160318 0.00652225
69 -1.03154e-06 -2.80362e-06 0.343449 0.933453 4.8469e-08 -1.87489e-08 -0.0161375 0.00624237
70 -9.8292e-07 -2.82194e-06 0.327259 0.939555 4.87717e-08 -1.79034e-08 -0.0162384 0.00596086
71 -9.34001e-07 -2.83942e-06 0.310972 0.945375 4.90596e-08 -1.70532e-08 -0.0163342 0.0056778
72 -8.84801e-07 -2.85605e-06 0.294591 0.950911 4.93325e-08 -1.61987e-08 -0.0164251 0.00539329
73 -8.35336e-07 -2.87182e-06 0.278122 0.956161 4.95903e-08 -1.534e-08 -0.0165109 0.00510741
74 -7.8562e-07 -2.88673e-06 0.261569 0.961125 4.98331e-08 -1.44776e-08 -0.0165917 0.00482025
75 -7.35669e-07 -2.90078e-06 0.244938 0.965802 5.00608e-08 -1.36115e-08 -0.0166675 0.0045319
76 -6.85499e-07 -2.91395e-06 0.228234 0.970189 5.02733e-08 -1.27422e-08 -0.0167383 0.00424245
77 -6.35123e-07 -2.92626e-06 0.211462 0.974287 5.04705e-08 -1.18698e-08 -0.016804 0.003952
78 -5.84558e-07 -2.93769e-06 0.194626 0.978093 5.06526e-08 -1.09946e-08 -0.0168646 0.00366062
79 -5.33818e-07 -2.94825e-06 0.177733 0.981608 5.08193e-08 -1.0117e-08 -0.0169201 0.00336842
80 -4.82919e-07 -2.95793e-06 0.160786 0.98483 5.09708e-08 -9.23715e-09 -0.0169705 0.00307547
81 -4.31876e-07 -2.96672e-06 0.143791 0.987759 5.1107e-08 -8.35534e-09 -0.0170159 0.00278188
82 -3.80705e-07 -2.97464e-06 0.126754 0.990394 5.12278e-08 -7.47185e-09 -0.0170561 0.00248772
83 -3.29421e-07 -2.98167e-06 0.109679 0.992734 5.13333e-08 -6.58693e-09 -0.0170912 0.00219309
84 -2.78038e-07 -2.98781e-06 0.0925718 0.99478 5.14235e-08 -5.70086e-09 -0.0171212 0.00189808
85 -2.26574e-07 -2.99307e-06 0.0754368 0.99653 5.14983e-08 -4.81391e-09 -0.0171462 0.00160277
86 -1.75042e-07 -2.99744e-06 0.0582795 0.997986 5.15578e-08 -3.92635e-09 -0.017166 0.00130726
87 -1.23458e-07 -3.00092e-06 0.0411049 0.999145 5.1602e-08 -3.03843e-09 -0.0171807 0.00101163
88 -7.18378e-08 -3.00352e-06 0.0239181 1.00001 5.16309e-08 -2.15042e-09 -0.0171903 0.000715973
89 -2.01963e-08 -3.00522e-06 0.00672427 1.00058 5.16445e-08 -1.26259e-09 -0.0171948 0.000420373
90 3.14512e-08 -3.00604e-06 -0.0104715 1.00085 5.16428e-08 -3.75191e-10 -0.0171943 0.000124918
91 8.30894e-08 -3.00597e-06 -0.0276643 1.00083 5.16259e-08 5.11504e-10 -0.0171887 -0.000170303
92 1.34703e-07 -3.00502e-06 -0.0448489 1.00051 5.15938e-08 1.39724e-09 -0.017178 -0.000465205
93 1.86277e-07 -3.00318e-06 -0.0620202 0.999896 5.15466e-08 2.28176e-09 -0.0171622 -0.000759702
94 2.37796e-07 -3.00045e-06 -0.0791733 0.99899 5.14842e-08 3.1648e-09 -0.0171415 -0.00105371
95 2.89246e-07 -2.99685e-06 -0.0963032 0.997789 5.14068e-08 4.0461e-09 -0.0171157 -0.00134713
96 3.4061e-07 -2.99236e-06 -0.113405 0.996295 5.13143e-08 4.92542e-09 -0.0170849 -0.0016399
97 3.91874e-07 -2.987e-06 -0.130473 0.994509 5.12069e-08 5.8025e-09 -0.0170491 -0.00193192
98 4.43024e-07 -2.98076e-06 -0.147503 0.992431 5.10845e-08 6.67709e-09 -0.0170084 -0.00222311
99 4.94043e-07 -2.97364e-06 -0.16449 0.990063 5.09473e-08 7.54893e-09 -0.0169627 -0.00251339
100 5.44918e-07 -2.96566e-06 -0.181428 0.987405 5.07953e-08 8.41778e-09 -0.0169121 -0.00280267
101 5.95634e-07 -2.95681e-06 -0.198314 0.984458 5.06286e-08 9.28339e-09 -0.0168566 -0.00309087
102 6.46175e-07 -2.94709e-06 -0.215142 0.981223 5.04473e-08 1.01455e-08 -0.0167962 -0.00337791
103 6.96528e-07 -2.93652e-06 -0.231906 0.977702 5.02514e-08 1.10039e-08 -0.016731 -0.00366371
104 7.46678e-07 -2.92509e-06 -0.248604 0.973896 5.0041e-08 1.18584e-08 -0.016661 -0.00394819
105 7.96611e-07 -2.9128e-06 -0.265228 0.969805 4.98163e-08 1.27086e-08 -0.0165861 -0.00423127
106 8.46311e-07 -2.89967e-06 -0.281776 0.965433 4.95772e-08 1.35544e-08 -0.0165065 -0.00451287
107 8.95765e-07 -2.88569e-06 -0.298241 0.96078 4.93239e-08 1.43955e-08 -0.0164222 -0.00479292
108 9.44959e-07 -2.87088e-06 -0.31462 0.955847 4.90566e-08 1.52317e-08 -0.0163332 -0.00507132
109 9.93878e-07 -2.85523e-06 -0.330908 0.950637 4.87752e-08 1.60627e-08 -0.0162395 -0.00534802
110 1.04251e-06 -2.83875e-06 -0.347099 0.945151 4.84799e-08 1.68884e-08 -0.0161412 -0.00562292
111 1.09084e-06 -2.82145e-06 -0.36319 0.939391 4.81708e-08 1.77085e-08 -0.0160383 -0.00589597
112 1.13885e-06 -2.80333e-06 -0.379176 0.933359 4.7848e-08 1.85227e-08 -0.0159308 -0.00616707
113 1.18653e-06 -2.78441e-06 -0.395052 0.927057 4.75117e-08 1.9331e-08 -0.0158188 -0.00643617
114 1.23387e-06 -2.76467e-06 -0.410814 0.920487 4.71619e-08 2.01329e-08 -0.0157024 -0.00670317
115 1.28086e-06 -2.74414e-06 -0.426457 0.913651 4.67988e-08 2.09284e-08 -0.0155815 -0.00696802
116 1.32747e-06 -2.72282e-06 -0.441976 0.906551 4.64224e-08 2.17172e-08 -0.0154562 -0.00723065
117 1.3737e-06 -2.70071e-06 -0.457369 0.899189 4.6033e-08 2.24991e-08 -0.0153265 -0.00749097
118 1.41954e-06 -2.67782e-06 -0.472629 0.891569 4.56307e-08 2.32738e-08 -0.0151925 -0.00774893
119 1.46496e-06 -2.65416e-06 -0.487754 0.883692 4.52155e-08 2.40413e-08 -0.0150543 -0.00800445
120 1.50997e-06 -2.62974e-06 -0.502738 0.87556 4.47876e-08 2.48012e-08 -0.0149119 -0.00825746
121 1.55454e-06 -2.60456e-06 -0.517578 0.867177 4.43473e-08 2.55534e-08 -0.0147652 -0.0085079
122 1.59866e-06 -2.57863e-06 -0.532269 0.858544 4.38945e-08 2.62977e-08 -0.0146145 -0.00875571
123 1.64233e-06 -2.55196e-06 -0.546807 0.849665 4.34294e-08 2.70338e-08 -0.0144597 -0.00900081
124 1.68552e-06 -2.52456e-06 -0.561188 0.840543 4.29523e-08 2.77617e-08 -0.0143008 -0.00924314
125 1.72823e-06 -2.49644e-06 -0.575408 0.831179 4.24632e-08 2.8481e-08 -0.014138 -0.00948265
126 1.77045e-06 -2.4676e-06 -0.589464 0.821577 4.19624e-08 2.91917e-08 -0.0139712 -0.00971926
127 1.81216e-06 -2.43805e-06 -0.603351 0.81174 4.14499e-08 2.98935e-08 -0.0138006 -0.00995291
128 1.85335e-06 -2.40781e-06 -0.617065 0.801671 4.09259e-08 3.05862e-08 -0.0136261 -0.0101836
129 1.89401e-06 -2.37688e-06 -0.630603 0.791373 4.03906e-08 3.12697e-08 -0.0134479 -0.0104111
130 1.93413e-06 -2.34527e-06 -0.643961 0.780849 3.98441e-08 3.19438e-08 -0.0132659 -0.0106356
131 1.9737e-06 -2.31299e-06 -0.657135 0.770102 3.92867e-08 3.26083e-08 -0.0130803 -0.0108568
132 2.0127e-06 -2.28006e-06 -0.670121 0.759136 3.87184e-08 3.3263e-08 -0.0128911 -0.0110748
133 2.05113e-06 -2.24647e-06 -0.682917 0.747953 3.81395e-08 3.39078e-08 -0.0126984 -0.0112895
134 2.08898e-06 -2.21224e-06 -0.695518 0.736557 3.75501e-08 3.45426e-08 -0.0125022 -0.0115008
135 2.12623e-06 -2.17738e-06 -0.707921 0.724951 3.69504e-08 3.51671e-08 -0.0123025 -0.0117087
136 2.16288e-06 -2.14191e-06 -0.720123 0.713139 3.63406e-08 3.57812e-08 -0.0120995 -0.0119132
137 2.19892e-06 -2.10582e-06 -0.73212 0.701125 3.57209e-08 3.63847e-08 -0.0118931 -0.0121141
138 2.23432e-06 -2.06914e-06 -0.743909 0.688911 3.50914e-08 3.69775e-08 -0.0116835 -0.0123115
139 2.2691e-06 -2.03187e-06 -0.755487 0.676502 3.44523e-08 3.75595e-08 -0.0114708 -0.0125053
140 2.30323e-06 -1.99402e-06 -0.766851 0.6639 3.38038e-08 3.81305e-08 -0.0112549 -0.0126954
141 2.33671e-06 -1.9556e-06 -0.777997 0.651111 3.31462e-08 3.86903e-08 -0.0110359 -0.0128818
142 2.36952e-06 -1.91664e-06 -0.788923 0.638137 3.24795e-08 3.92388e-08 -0.0108139 -0.0130644
143 2.40167e-06 -1.87713e-06 -0.799625 0.624982 3.1804e-08 3.97759e-08 -0.010589 -0.0132432
144 2.43313e-06 -1.83709e-06 -0.810101 0.61165 3.11199e-08 4.03015e-08 -0.0103612 -0.0134182
145 2.46391e-06 -1.79652e-06 -0.820347 0.598145 3.04274e-08 4.08154e-08 -0.0101307 -0.0135893
146 2.49398e-06 -1.75545e-06 -0.830362 0.584472 2.97266e-08 4.13174e-08 -0.00989734 -0.0137565
147 2.52336e-06 -1.71389e-06 -0.840142 0.570633 2.90177e-08 4.18076e-08 -0.00966135 -0.0139197
148 2.55202e-06 -1.67184e-06 -0.849685 0.556632 2.83011e-08 4.22856e-08 -0.00942274 -0.0140788
149 2.57996e-06 -1.62932e-06 -0.858988 0.542475 2.75768e-08 4.27515e-08 -0.00918159 -0.014234
150 2.60717e-06 -1.58634e-06 -0.868048 0.528164 2.68451e-08 4.32052e-08 -0.00893796 -0.014385
151 2.63365e-06 -1.54291e-06 -0.876864 0.513705 2.61061e-08 4.36464e-08 -0.00869193 -0.0145319
152 2.65939e-06 -1.49904e-06 -0.885432 0.499101 2.53602e-08 4.40751e-08 -0.00844356 -0.0146746
153 2.68437e-06 -1.45476e-06 -0.893751 0.484356 2.46074e-08 4.44912e-08 -0.00819292 -0.0148132
154 2.7086e-06 -1.41006e-06 -0.901818 0.469474 2.3848e-08 4.48946e-08 -0.00794009 -0.0149475
155 2.73207e-06 -1.36497e-06 -0.909631 0.454461 2.30822e-08 4.52852e-08 -0.00768512 -0.0150775
156 2.75476e-06 -1.31949e-06 -0.917188 0.439319 2.23102e-08 4.56629e-08 -0.00742809 -0.0152033
157 2.77669e-06 -1.27364e-06 -0.924487 0.424054 2.15322e-08 4.60276e-08 -0.00716907 -0.0153247
158 2.79783e-06 -1.22744e-06 -0.931526 0.40867 2.07485e-08 4.63793e-08 -0.00690813 -0.0154418
159 2.81818e-06 -1.18088e-06 -0.938303 0.39317 1.99592e-08 4.67177e-08 -0.00664535 -0.0155545
160 2.83775e-06 -1.134e-06 -0.944817 0.377561 1.91646e-08 4.70429e-08 -0.00638078 -0.0156628
161 2.85651e-06 -1.0868e-06 -0.951065 0.361845 1.83649e-08 4.73548e-08 -0.00611452 -0.0157666
162 2.87448e-06 -1.03929e-06 -0.957046 0.346028 1.75603e-08 4.76533e-08 -0.00584662 -0.015866
163 2.89163e-06 -9.91491e-07 -0.962758 0.330113 1.6751e-08 4.79384e-08 -0.00557716 -0.0159609
164 2.90798e-06 -9.43413e-07 -0.9682 0.314106 1.59372e-08 4.82099e-08 -0.00530622 -0.0160513
165 2.92351e-06 -8.95071e-07 -0.973371 0.29801 1.51192e-08 4.84678e-08 -0.00503386 -0.0161372
166 2.93822e-06 -8.46478e-07 -0.978268 0.281831 1.42971e-08 4.8712e-08 -0.00476017 -0.0162185
167 2.9521e-06 -7.97647e-07 -0.982891 0.265573 1.34713e-08 4.89425e-08 -0.0044852 -0.0162952
168 2.96516e-06 -7.48593e-07 -0.987238 0.249241 1.26418e-08 4.91593e-08 -0.00420905 -0.0163674
169 2.97739e-06 -6.99328e-07 -0.991309 0.232839 1.1809e-08 4.93622e-08 -0.00393177 -0.0164349
170 2.98878e-06 -6.49868e-07 -0.995102 0.216371 1.09731e-08 4.95512e-08 -0.00365345 -0.0164979
171 2.99933e-06 -6.00226e-07 -0.998616 0.199843 1.01342e-08 4.97263e-08 -0.00337416 -0.0165562
172 3.00905e-06 -5.50416e-07 -1.00185 0.183259 9.2927e-09 4.98875e-08 -0.00309397 -0.0166098
173 3.01792e-06 -5.00451e-07 -1.0048 0.166623 8.44869e-09 5.00347e-08 -0.00281296 -0.0166588
174 3.02594e-06 -4.50346e-07 -1.00748 0.149941 7.60244e-09 5.01678e-08 -0.0025312 -0.0167032
175 3.03312e-06 -4.00115e-07 -1.00987 0.133217 6.75418e-09 5.02869e-08 -0.00224878 -0.0167428
176 3.03945e-06 -3.49773e-07 -1.01197 0.116455 5.90412e-09 5.03918e-08 -0.00196575 -0.0167778
177 3.04493e-06 -2.99332e-07 -1.0138 0.0996613 5.05249e-09 5.04827e-08 -0.00168221 -0.016808
178 3.04956e-06 -2.48807e-07 -1.01534 0.0828394 4.19953e-09 5.05594e-08 -0.00139822 -0.0168336
179 3.05333e-06 -1.98213e-07 -1.01659 0.0659942 3.34545e-09 5.0622e-08 -0.00111385 -0.0168544
180 3.05625e-06 -1.47563e-07 -1.01757 0.0491306 2.49048e-09 5.06704e-08 -0.000829197 -0.0168705
181 3.05831e-06 -9.68722e-08 -1.01825 0.0322532 1.63486e-09 5.07046e-08 -0.00054432 -0.0168819
182 3.05952e-06 -4.61541e-08 -1.01865 0.0153668 7.78801e-10 5.07246e-08 -0.000259299 -0.0168885
183 3.05987e-06 4.57691e-09 -1.01877 -0.00152386 -7.74637e-11 5.07304e-08 2.57912e-05 -0.0168905
184 3.05936e-06 5.53067e-08 -1.0186 -0.0184141 -9.33708e-10 5.0722e-08 0.000310874 -0.0168877
185 3.058e-06 1.06021e-07 -1.01815 -0.0352992 -1.78971e-09 5.06994e-08 0.000595875 -0.0168802
186 3.05578e-06 1.56706e-07 -1.01741 -0.0521745 -2.64523e-09 5.06627e-08 0.000880718 -0.0168679
187 3.05271e-06 2.07346e-07 -1.01639 -0.0690351 -3.50005e-09 5.06117e-08 0.00116533 -0.016851
188 3.04878e-06 2.57929e-07 -1.01508 -0.0858764 -4.35395e-09 5.05466e-08 0.00144963 -0.0168293
189 3.044e-06 3.08439e-07 -1.01349 -0.102694 -5.20669e-09 5.04673e-08 0.00173355 -0.0168029
190 3.03837e-06 3.58864e-07 -1.01161 -0.119482 -6.05805e-09 5.03739e-08 0.002017 -0.0167718
191 3.03189e-06 4.09187e-07 -1.00945 -0.136237 -6.9078e-09 5.02664e-08 0.00229993 -0.016736
192 3.02455e-06 4.59396e-07 -1.00701 -0.152954 -7.75572e-09 5.01448e-08 0.00258224 -0.0166955
193 3.01638e-06 5.09477e-07 -1.00429 -0.169628 -8.60159e-09 5.00092e-08 0.00286386 -0.0166503
194 3.00735e-06 5.59415e-07 -1.00129 -0.186255 -9.44517e-09 4.98595e-08 0.00314473 -0.0166005
195 2.99748e-06 6.09196e-07 -0.998001 -0.202829 -1.02862e-08 4.96958e-08 0.00342476 -0.016546
196 2.98678e-06 6.58806e-07 -0.994436 -0.219347 -1.11246e-08 4.95181e-08 0.00370389 -0.0164869
197 2.97524e-06 7.08232e-07 -0.990593 -0.235803 -1.196e-08 4.93266e-08 0.00398203 -0.0164231
198 2.96286e-06 7.5746e-07 -0.986472 -0.252193 -1.27922e-08 4.91212e-08 0.00425911 -0.0163547
199 2.94965e-06 8.06475e-07 -0.982075 -0.268513 -1.3621e-08 4.89019e-08 0.00453506 -0.0162817
200 2.93562e-06 8.55263e-07 -0.977402 -0.284757 -1.44462e-08 4.86689e-08 0.0048098 -0.0162041
201 2.92076e-06 9.03812e-07 -0.972455 -0.300921 -1.52675e-08 4.84222e-08 0.00508326 -0.016122
202 2.90508e-06 9.52108e-07 -0.967235 -0.317001 -1.60848e-08 4.81619e-08 0.00535537 -0.0160353
203 2.88859e-06 1.00014e-06 -0.961744 -0.332991 -1.68978e-08 4.78879e-08 0.00562605 -0.0159441
204 2.87129e-06 1.04788e-06 -0.955983 -0.348889 -1.77063e-08 4.76005e-08 0.00589523 -0.0158484
205 2.85318e-06 1.09534e-06 -0.949954 -0.364688 -1.851e-08 4.72995e-08 0.00616284 -0.0157482
206 2.83427e-06 1.14248e-06 -0.943658 -0.380385 -1.93089e-08 4.69852e-08 0.00642881 -0.0156435
207 2.81456e-06 1.18931e-06 -0.937096 -0.395975 -2.01025e-08 4.66576e-08 0.00669306 -0.0155345
208 2.79406e-06 1.2358e-06 -0.930272 -0.411454 -2.08908e-08 4.63168e-08 0.00695551 -0.015421
209 2.77278e-06 1.28194e-06 -0.923185 -0.426817 -2.16735e-08 4.59628e-08 0.00721611 -0.0153031
210 2.75071e-06 1.32772e-06 -0.915839 -0.44206 -2.24504e-08 4.55957e-08 0.00747478 -0.0151809
211 2.72788e-06 1.37313e-06 -0.908236 -0.457179 -2.32213e-08 4.52157e-08 0.00773144 -0.0150544
212 2.70427e-06 1.41815e-06 -0.900376 -0.472169 -2.3986e-08 4.48227e-08 0.00798604 -0.0149236
213 2.6799e-06 1.46278e-06 -0.892264 -0.487026 -2.47442e-08 4.4417e-08 0.00823848 -0.0147885
214 2.65478e-06 1.50699e-06 -0.883899 -0.501746 -2.54958e-08 4.39986e-08 0.00848872 -0.0146492
215 2.62891e-06 1.55078e-06 -0.875286 -0.516324 -2.62405e-08 4.35676e-08 0.00873667 -0.0145057
216 2.6023e-06 1.59412e-06 -0.866426 -0.530757 -2.69782e-08 4.31242e-08 0.00898228 -0.014358
217 2.57496e-06 1.63702e-06 -0.857322 -0.545041 -2.77086e-08 4.26683e-08 0.00922546 -0.0142062
218 2.54688e-06 1.67946e-06 -0.847975 -0.55917 -2.84315e-08 4.22002e-08 0.00946616 -0.0140504
219 2.51809e-06 1.72142e-06 -0.838389 -0.573141 -2.91468e-08 4.17199e-08 0.0097043 -0.0138905
220 2.48859e-06 1.7629e-06 -0.828567 -0.586951 -2.98542e-08 4.12276e-08 0.00993983 -0.0137266
221 2.45839e-06 1.80388e-06 -0.81851 -0.600594 -3.05535e-08 4.07234e-08 0.0101727 -0.0135587
222 2.42748e-06 1.84435e-06 -0.808221 -0.614068 -3.12445e-08 4.02074e-08 0.0104027 -0.0133869
223 2.3959e-06 1.88429e-06 -0.797704 -0.627368 -3.19271e-08 3.96798e-08 0.01063 -0.0132112
224 2.36363e-06 1.92371e-06 -0.786961 -0.640491 -3.2601e-08 3.91406e-08 0.0108544 -0.0130317
225 2.33069e-06 1.96258e-06 -0.775995 -0.653432 -3.32661e-08 3.859e-08 0.0110758 -0.0128484
226 2.2971e-06 2.00089e-06 -0.76481 -0.666187 -3.39221e-08 3.80281e-08 0.0112942 -0.0126613
227 2.26285e-06 2.03863e-06 -0.753407 -0.678754 -3.45689e-08 3.74552e-08 0.0115096 -0.0124705
228 2.22796e-06 2.0758e-06 -0.74179 -0.691129 -3.52063e-08 3.68712e-08 0.0117218 -0.0122761
229 2.19244e-06 2.11237e-06 -0.729963 -0.703307 -3.5834e-08 3.62764e-08 0.0119308 -0.0120781
230 2.15629e-06 2.14835e-06 -0.717929 -0.715285 -3.6452e-08 3.5671e-08 0.0121365 -0.0118765
231 2.11953e-06 2.18372e-06 -0.70569 -0.72706 -3.706e-08 3.5055e-08 0.012339 -0.0116714
232 2.08217e-06 2.21846e-06 -0.693251 -0.738628 -3.76578e-08 3.44286e-08 0.012538 -0.0114629
233 2.04422e-06 2.25257e-06 -0.680614 -0.749985 -3.82453e-08 3.3792e-08 0.0127336 -0.0112509
234 2.00568e-06 2.28604e-06 -0.667784 -0.761129 -3.88223e-08 3.31454e-08 0.0129257 -0.0110356
235 1.96657e-06 2.31886e-06 -0.654763 -0.772057 -3.93887e-08 3.24889e-08 0.0131143 -0.010817
236 1.9269e-06 2.35102e-06 -0.641555 -0.782763 -3.99442e-08 3.18226e-08 0.0132992 -0.0105952
237 1.88668e-06 2.38251e-06 -0.628164 -0.793247 -4.04886e-08 3.11468e-08 0.0134805 -0.0103702
238 1.84593e-06 2.41332e-06 -0.614594 -0.803504 -4.10219e-08 3.04616e-08 0.0136581 -0.0101421
239 1.80464e-06 2.44343e-06 -0.600848 -0.813531 -4.15438e-08 2.97672e-08 0.0138319 -0.00991088
240 1.76284e-06 2.47285e-06 -0.58693 -0.823326 -4.20542e-08 2.90638e-08 0.0140018 -0.00967668
241 1.72053e-06 2.50156e-06 -0.572844 -0.832884 -4.2553e-08 2.83516e-08 0.0141679 -0.00943954
242 1.67773e-06 2.52955e-06 -0.558595 -0.842205 -4.30399e-08 2.76307e-08 0.01433 -0.00919952
243 1.63445e-06 2.55682e-06 -0.544185 -0.851284 -4.35149e-08 2.69013e-08 0.0144881 -0.00895668
244 1.5907e-06 2.58336e-06 -0.529618 -0.860118 -4.39777e-08 2.61636e-08 0.0146422 -0.00871108
245 1.5465e-06 2.60915e-06 -0.5149 -0.868706 -4.44283e-08 2.54179e-08 0.0147922 -0.00846279
246 1.50185e-06 2.63419e-06 -0.500034 -0.877044 -4.48664e-08 2.46643e-08 0.0149381 -0.00821187
247 1.45676e-06 2.65848e-06 -0.485024 -0.885129 -4.5292e-08 2.3903e-08 0.0150798 -0.0079584
248 1.41126e-06 2.682e-06 -0.469874 -0.89296 -4.57049e-08 2.31342e-08 0.0152173 -0.00770243
249 1.36535e-06 2.70475e-06 -0.454589 -0.900534 -4.61049e-08 2.23581e-08 0.0153504 -0.00744403
250 1.31905e-06 2.72671e-06 -0.439173 -0.907849 -4.64919e-08 2.15749e-08 0.0154793 -0.00718328
251 1.27237e-06 2.7479e-06 -0.423631 -0.914901 -4.68659e-08 2.07849e-08 0.0156038 -0.00692025
252 1.22532e-06 2.76828e-06 -0.407966 -0.921689 -4.72266e-08 1.99882e-08 0.0157239 -0.006655
253 1.17792e-06 2.78787e-06 -0.392183 -0.928211 -4.7574e-08 1.91851e-08 0.0158396 -0.0063876
254 1.13017e-06 2.80665e-06 -0.376287 -0.934464 -4.79079e-08 1.83758e-08 0.0159507 -0.00611813
255 1.0821e-06 2.82462e-06 -0.360281 -0.940447 -4.82282e-08 1.75604e-08 0.0160574 -0.00584667
256 1.03372e-06 2.84177e-06 -0.344172 -0.946158 -4.85348e-08 1.67393e-08 0.0161595 -0.00557328
257 9.85032e-07 2.8581e-06 -0.327963 -0.951594 -4.88276e-08 1.59126e-08 0.016257 -0.00529804
258 9.36062e-07 2.8736e-06 -0.311658 -0.956754 -4.91065e-08 1.50806e-08 0.0163498 -0.00502102
259 8.86819e-07 2.88826e-06 -0.295263 -0.961636 -4.93713e-08 1.42435e-08 0.016438 -0.00474231
260 8.37319e-07 2.90209e-06 -0.278782 -0.966238 -4.9622e-08 1.34015e-08 0.0165214 -0.00446197
261 7.87575e-07 2.91507e-06 -0.26222 -0.97056 -4.98585e-08 1.25549e-08 0.0166002 -0.0041801
262 7.37602e-07 2.9272e-06 -0.245582 -0.974598 -5.00806e-08 1.17039e-08 0.0166742 -0.00389675
263 6.87414e-07 2.93847e-06 -0.228872 -0.978353 -5.02884e-08 1.08487e-08 0.0167433 -0.00361202
264 6.37025e-07 2.94889e-06 -0.212095 -0.981822 -5.04817e-08 9.98956e-09 0.0168077 -0.00332598
265 5.8645e-07 2.95845e-06 -0.195256 -0.985005 -5.06604e-08 9.12677e-09 0.0168672 -0.00303872
266 5.35704e-07 2.96715e-06 -0.178361 -0.9879 -5.08244e-08 8.26054e-09 0.0169218 -0.00275031
267 4.84802e-07 2.97497e-06 -0.161413 -0.990506 -5.09737e-08 7.39111e-09 0.0169715 -0.00246084
268 4.33757e-07 2.98193e-06 -0.144418 -0.992822 -5.11082e-08 6.51874e-09 0.0170163 -0.00217039
269 3.82585e-07 2.98801e-06 -0.12738 -0.994847 -5.12279e-08 5.64367e-09 0.0170561 -0.00187904
270 3.31301e-07 2.99322e-06 -0.110305 -0.99658 -5.13326e-08 4.76615e-09 0.017091 -0.00158687
271 2.7992e-07 2.99754e-06 -0.0931983 -0.99802 -5.14224e-08 3.88644e-09 0.0171209 -0.00129397
272 2.28457e-07 3.00099e-06 -0.0760637 -0.999168 -5.14971e-08 3.00478e-09 0.0171458 -0.00100043
273 1.76926e-07 3.00355e-06 -0.0589068 -1.00002 -5.15567e-08 2.12144e-09 0.0171656 -0.000706326
274 1.25343e-07 3.00523e-06 -0.0417325 -1.00058 -5.16012e-08 1.23667e-09 0.0171804 -0.000411745
275 7.37234e-08 3.00603e-06 -0.0245459 -1.00084 -5.16306e-08 3.50729e-10 0.0171902 -0.000116774
276 2.2082e-08 3.00593e-06 -0.00735211 -1.00081 -5.16447e-08 -5.36127e-10 0.0171949 0.000178501
277 -2.9566e-08 3.00495e-06 0.00984387 -1.00049 -5.16436e-08 -1.42364e-09 0.0171945 0.000473994
278 -8.12052e-08 3.00309e-06 0.0270369 -0.999866 -5.16272e-08 -2.31153e-09 0.0171891 0.000769616
279 -1.3282e-07 3.00033e-06 0.044222 -0.998948 -5.15955e-08 -3.19956e-09 0.0171785 0.00106528
280 -1.84396e-07 2.99669e-06 0.061394 -0.997735 -5.15486e-08 -4.08745e-09 0.0171629 0.0013609
281 -2.35918e-07 2.99216e-06 0.0785478 -0.996227 -5.14863e-08 -4.97494e-09 0.0171422 0.00165639
282 -2.87369e-07 2.98674e-06 0.0956783 -0.994422 -5.14087e-08 -5.86176e-09 0.0171163 0.00195165
283 -3.38735e-07 2.98043e-06 0.11278 -0.992323 -5.13157e-08 -6.74766e-09 0.0170854 0.00224661
284 -3.9e-07 2.97324e-06 0.129849 -0.989929 -5.12074e-08 -7.63235e-09 0.0170493 0.00254116
285 -4.4115e-07 2.96517e-06 0.146879 -0.987241 -5.10838e-08 -8.51557e-09 0.0170081 0.00283523
286 -4.92168e-07 2.95621e-06 0.163865 -0.984259 -5.09449e-08 -9.39706e-09 0.0169619 0.00312872
287 -5.43039e-07 2.94637e-06 0.180803 -0.980984 -5.07906e-08 -1.02766e-08 0.0169105 0.00342154
288 -5.93749e-07 2.93566e-06 0.197686 -0.977416 -5.06211e-08 -1.11538e-08 0.0168541 0.0037136
289 -6.44281e-07 2.92407e-06 0.214511 -0.973556 -5.04363e-08 -1.20284e-08 0.0167926 0.00400482
290 -6.94622e-07 2.9116e-06 0.231271 -0.969406 -5.02362e-08 -1.29003e-08 0.016726 0.00429511
291 -7.44754e-07 2.89827e-06 0.247963 -0.964966 -5.0021e-08 -1.37691e-08 0.0166543 0.00458436
292 -7.94663e-07 2.88406e-06 0.26458 -0.960237 -4.97906e-08 -1.46345e-08 0.0165776 0.00487251
293 -8.44335e-07 2.869e-06 0.281118 -0.955221 -4.9545e-08 -1.54963e-08 0.0164958 0.00515944
294 -8.93754e-07 2.85307e-06 0.297572 -0.949919 -4.92844e-08 -1.63543e-08 0.0164091 0.00544509
295 -9.42904e-07 2.83629e-06 0.313936 -0.944331 -4.90088e-08 -1.7208e-08 0.0163173 0.00572935
296 -9.91771e-07 2.81865e-06 0.330206 -0.93846 -4.87182e-08 -1.80574e-08 0.0162205 0.00601214
297 -1.04034e-06 2.80017e-06 0.346377 -0.932307 -4.84128e-08 -1.8902e-08 0.0161188 0.00629336
298 -1.0886e-06 2.78085e-06 0.362444 -0.925873 -4.80924e-08 -1.97417e-08 0.0160122 0.00657293
299 -1.13653e-06 2.76069e-06 0.378402 -0.919161 -4.77574e-08 -2.05762e-08 0.0159006 0.00685077
300 -1.18411e-06 2.7397e-06 0.394245 -0.912172 -4.74076e-08 -2.14052e-08 0.0157842 0.00712677
301 -1.23134e-06 2.71788e-06 0.40997 -0.904907 -4.70433e-08 -2.22284e-08 0.0156629 0.00740086
302 -1.2782e-06 2.69524e-06 0.425571 -0.89737 -4.66644e-08 -2.30456e-08 0.0155367 0.00767294
303 -1.32467e-06 2.67179e-06 0.441043 -0.889561 -4.62711e-08 -2.38565e-08 0.0154058 0.00794293
304 -1.37074e-06 2.64753e-06 0.456383 -0.881484 -4.58635e-08 -2.46609e-08 0.0152701 0.00821074
305 -1.4164e-06 2.62247e-06 0.471584 -0.87314 -4.54417e-08 -2.54584e-08 0.0151296 0.00847629
306 -1.46162e-06 2.59661e-06 0.486642 -0.864531 -4.50058e-08 -2.62489e-08 0.0149845 0.00873948
307 -1.50641e-06 2.56997e-06 0.501553 -0.855661 -4.45559e-08 -2.70321e-08 0.0148347 0.00900024
308 -1.55074e-06 2.54255e-06 0.516311 -0.846531 -4.40921e-08 -2.78077e-08 0.0146803 0.00925847
309 -1.59459e-06 2.51435e-06 0.530913 -0.837144 -4.36146e-08 -2.85755e-08 0.0145213 0.00951409
310 -1.63796e-06 2.4854e-06 0.545354 -0.827503 -4.31234e-08 -2.93351e-08 0.0143578 0.00976702
311 -1.68084e-06 2.45568e-06 0.559629 -0.81761 -4.26187e-08 -3.00865e-08 0.0141897 0.0100172
312 -1.7232e-06 2.42522e-06 0.573733 -0.807468 -4.21007e-08 -3.08292e-08 0.0140173 0.0102645
313 -1.76504e-06 2.39402e-06 0.587663 -0.797081 -4.15695e-08 -3.15632e-08 0.0138404 0.0105088
314 -1.80634e-06 2.3621e-06 0.601414 -0.786451 -4.10252e-08 -3.2288e-08 0.0136592 0.0107502
315 -1.84709e-06 2.32945e-06 0.614982 -0.775581 -4.0468e-08 -3.30035e-08 0.0134737 0.0109884
316 -1.88728e-06 2.29609e-06 0.628361 -0.764474 -3.9898e-08 -3.37095e-08 0.0132839 0.0112235
317 -1.92689e-06 2.26203e-06 0.641549 -0.753134 -3.93155e-08 -3.44057e-08 0.0130899 0.0114552
318 -1.96591e-06 2.22728e-06 0.654541 -0.741563 -3.87205e-08 -3.50919e-08 0.0128918 0.0116837
319 -2.00433e-06 2.19185e-06 0.667333 -0.729766 -3.81133e-08 -3.57678e-08 0.0126897 0.0119087
320 -2.04213e-06 2.15574e-06 0.679921 -0.717746 -3.74939e-08 -3.64332e-08 0.0124835 0.0121303
321 -2.07932e-06 2.11898e-06 0.6923 -0.705506 -3.68627e-08 -3.70879e-08 0.0122733 0.0123483
322 -2.11586e-06 2.08157e-06 0.704467 -0.693049 -3.62198e-08 -3.77316e-08 0.0120592 0.0125626
323 -2.15176e-06 2.04352e-06 0.716418 -0.680381 -3.55653e-08 -3.83642e-08 0.0118413 0.0127732
324 -2.18699e-06 2.00484e-06 0.72815 -0.667503 -3.48995e-08 -3.89854e-08 0.0116197 0.0129801
325 -2.22155e-06 1.96555e-06 0.739658 -0.654421 -3.42226e-08 -3.95951e-08 0.0113943 0.013183
326 -2.25544e-06 1.92565e-06 0.750938 -0.641137 -3.35347e-08 -4.0193e-08 0.0111652 0.0133821
327 -2.28862e-06 1.88516e-06 0.761988 -0.627656 -3.28361e-08 -4.07788e-08 0.0109327 0.0135771
328 -2.32111e-06 1.84409e-06 0.772804 -0.613983 -3.2127e-08 -4.13525e-08 0.0106966 0.0137681
329 -2.35288e-06 1.80245e-06 0.783381 -0.60012 -3.14076e-08 -4.19137e-08 0.010457 0.013955
330 -2.38392e-06 1.76026e-06 0.793718 -0.586073 -3.06781e-08 -4.24624e-08 0.0102142 0.0141377
331 -2.41423e-06 1.71753e-06 0.80381 -0.571845 -2.99388e-08 -4.29983e-08 0.00996801 0.0143161
332 -2.4438e-06 1.67427e-06 0.813654 -0.55744 -2.91898e-08 -4.35212e-08 0.00971864 0.0144902
333 -2.47261e-06 1.63049e-06 0.823247 -0.542864 -2.84315e-08 -4.40309e-08 0.00946615 0.0146599
334 -2.50066e-06 1.5862e-06 0.832586 -0.528121 -2.7664e-08 -4.45274e-08 0.00921061 0.0148252
335 -2.52794e-06 1.54143e-06 0.841668 -0.513214 -2.68875e-08 -4.50103e-08 0.00895209 0.014986
336 -2.55444e-06 1.49618e-06 0.85049 -0.498149 -2.61024e-08 -4.54795e-08 0.00869069 0.0151422
337 -2.58015e-06 1.45047e-06 0.85905 -0.482929 -2.53088e-08 -4.59349e-08 0.00842647 0.0152939
338 -2.60506e-06 1.40431e-06 0.867343 -0.467561 -2.45071e-08 -4.63764e-08 0.00815954 0.0154408
339 -2.62916e-06 1.35772e-06 0.875369 -0.452048 -2.36974e-08 -4.68036e-08 0.00788995 0.0155831
340 -2.65245e-06 1.31071e-06 0.883123 -0.436395 -2.288e-08 -4.72166e-08 0.00761782 0.0157206
341 -2.67492e-06 1.26329e-06 0.890604 -0.420607 -2.20552e-08 -4.76151e-08 0.00734321 0.0158533
342 -2.69656e-06 1.21548e-06 0.89781 -0.404688 -2.12233e-08 -4.7999e-08 0.00706621 0.0159811
343 -2.71737e-06 1.16729e-06 0.904737 -0.388644 -2.03845e-08 -4.83682e-08 0.00678693 0.016104
344 -2.73733e-06 1.11874e-06 0.911383 -0.37248 -1.9539e-08 -4.87225e-08 0.00650543 0.016222
345 -2.75645e-06 1.06984e-06 0.917748 -0.356201 -1.86872e-08 -4.90618e-08 0.00622182 0.0163349
346 -2.77471e-06 1.02062e-06 0.923827 -0.33981 -1.78293e-08 -4.93861e-08 0.00593619 0.0164429
347 -2.7921e-06 9.71073e-07 0.92962 -0.323315 -1.69656e-08 -4.96951e-08 0.00564862 0.0165458
348 -2.80864e-06 9.21227e-07 0.935124 -0.306719 -1.60963e-08 -4.99888e-08 0.00535921 0.0166436
349 -2.8243e-06 8.71095e-07 0.940338 -0.290028 -1.52218e-08 -5.0267e-08 0.00506805 0.0167362
350 -2.83908e-06 8.20693e-07 0.94526 -0.273246 -1.43424e-08 -5.05297e-08 0.00477524 0.0168237
351 -2.85298e-06 7.70035e-07 0.949889 -0.25638 -1.34583e-08 -5.07768e-08 0.00448087 0.0169059
352 -2.866e-06 7.19139e-07 0.954222 -0.239435 -1.25697e-08 -5.10082e-08 0.00418504 0.016983
353 -2.87812e-06 6.68019e-07 0.958259 -0.222414 -1.16771e-08 -5.12238e-08 0.00388784 0.0170547
354 -2.88935e-06 6.16692e-07 0.961998 -0.205325 -1.07806e-08 -5.14234e-08 0.00358937 0.0171212
355 -2.89968e-06 5.65172e-07 0.965438 -0.188172 -9.88064e-09 -5.16072e-08 0.00328972 0.0171824
356 -2.90911e-06 5.13477e-07 0.968577 -0.17096 -8.97742e-09 -5.17749e-08 0.002989 0.0172382
357 -2.91764e-06 4.61622e-07 0.971416 -0.153695 -8.07127e-09 -5.19265e-08 0.0026873 0.0172887
358 -2.92525e-06 4.09624e-07 0.973952 -0.136383 -7.16248e-09 -5.20621e-08 0.00238472 0.0173339
359 -2.93196e-06 3.57498e-07 0.976185 -0.119028 -6.25134e-09 -5.21814e-08 0.00208136 0.0173736
360 -2.93776e-06 3.05261e-07 0.978115 -0.101636 -5.33815e-09 -5.22845e-08 0.00177732 0.0174079
361 -2.94264e-06 2.52929e-07 0.97974 -0.0842118 -4.42321e-09 -5.23713e-08 0.00147269 0.0174368
362 -2.9466e-06 2.00519e-07 0.98106 -0.0667619 -3.50683e-09 -5.24419e-08 0.00116759 0.0174603
363 -2.94965e-06 1.48046e-07 0.982075 -0.0492912 -2.5893e-09 -5.24961e-08 0.000862096 0.0174784
364 -2.95178e-06 9.55264e-08 0.982784 -0.0318051 -1.67092e-09 -5.2534e-08 0.000556325 0.017491
365 -2.95299e-06 4.29775e-08 0.983188 -0.0143092 -7.51986e-10 -5.25556e-08 0.000250371 0.0174982
