0 0.1 0
0.01 0.0987529 -0.248859
0.02 0.0950442 -0.491313
0.03 0.0889682 -0.72132
0.04 0.0806785 -0.933156
0.05 0.0703834 -1.12155
0.06 0.0583414 -1.28183
0.07 0.0448541 -1.41001
0.08 0.030259 -1.50293
0.09 0.014921 -1.55829
0.1 -0.000776824 -1.57475
0.11 -0.0164427 -1.55192
0.12 -0.031686 -1.49041
0.13 -0.046127 -1.39179
0.14 -0.0594061 -1.25853
0.15 -0.0711931 -1.094
0.16 -0.0811953 -0.902312
0.17 -0.0891647 -0.688279
0.18 -0.0949041 -0.457254
0.19 -0.0982722 -0.21501
0.2 -0.099187 0.0324015
0.21 -0.0976276 0.278807
0.22 -0.0936347 0.518063
0.23 -0.0873101 0.744208
0.24 -0.0788131 0.951613
0.25 -0.0683576 1.13512
0.26 -0.0562057 1.29018
0.27 -0.042662 1.41293
0.28 -0.0280651 1.50036
0.29 -0.0127801 1.55029
0.3 0.00281147 1.56153
0.31 0.0183204 1.53382
0.32 0.0333601 1.46787
0.33 0.0475558 1.36538
0.34 0.0605542 1.22892
0.35 0.0720322 1.06192
0.36 0.0817046 0.868574
0.37 0.0893318 0.653722
0.38 0.0947252 0.422739
0.39 0.097752 0.181398
0.4 0.0983386 -0.0642727
0.41 0.0964725 -0.308144
0.42 0.0922021 -0.544137
0.43 0.0856357 -0.76637
0.44 0.0769391 -0.969315
0.45 0.0663307 -1.14792
0.46 0.0540767 -1.29776
0.47 0.0404839 -1.41512
0.48 0.0258924 -1.4971
0.49 0.0106669 -1.54167
0.5 -0.00481245 -1.54776
0.51 -0.0201594 -1.51525
0.52 -0.0349913 -1.44498
0.53 -0.0489388 -1.33873
0.54 -0.0616547 -1.19918
0.55 -0.0728229 -1.02984
0.56 -0.0821661 -0.834949
0.57 -0.0894528 -0.619394
0.58 -0.094503 -0.388566
0.59 -0.0971924 -0.148232
0.6 -0.0974559 0.0956067
0.61 -0.0952888 0.336866
0.62 -0.0907472 0.569531
0.63 -0.0839462 0.787808
0.64 -0.0750573 0.986263
0.65 -0.0643036 1.15997
0.66 -0.051955 1.3046
0.67 -0.0383207 1.41659
0.68 -0.0237416 1.49316
0.69 -0.00858207 1.53243
0.7 0.00677931 1.53346
0.71 0.0219594 1.49624
0.72 0.0365796 1.42174
0.73 0.050276 1.31185
0.74 0.0627077 1.16933
0.75 0.0735656 0.997763
0.76 0.0825803 0.801451
0.77 0.0895284 0.58531
0.78 0.0942383 0.354746
0.79 0.0965943 0.115519
0.8 0.0965396 -0.126397
0.81 0.0940775 -0.364967
0.82 0.0892713 -0.594245
0.83 0.0822427 -0.808521
0.84 0.0731688 -1.00246
0.85 0.0622775 -1.17125
0.86 0.0498418 -1.31069
0.87 0.0361731 -1.41734
0.88 0.0216133 -1.48856
0.89 0.00652618 -1.5226
0.9 -0.00871165 -1.51864
0.91 -0.02372 -1.47681
0.92 -0.0381249 -1.39819
0.93 -0.0515675 -1.28476
0.94 -0.0637134 -1.13938
0.95 -0.0742607 -0.965712
0.96 -0.0829476 -0.768095
0.97 -0.0895591 -0.551483
0.98 -0.0939319 -0.321291
0.99 -0.0959587 -0.0832702
1 -0.095591 0.156636
1.01 -0.0928397 0.392445
1.02 -0.0877754 0.618278
1.03 -0.0805262 0.828512
1.04 -0.0712747 1.01792
1.05 -0.0602532 1.18179
1.06 -0.0477379 1.31605
1.07 -0.0340421 1.41739
1.08 -0.0195084 1.4833
1.09 -0.00449975 1.51217
1.1 0.0106091 1.50331
1.11 0.0254412 1.45696
1.12 0.0396271 1.37432
1.13 0.0528134 1.25747
1.14 0.0646721 1.10936
1.15 0.0749085 0.933699
1.16 0.0832688 0.734895
1.17 0.0895457 0.517924
1.18 0.0935846 0.28821
1.19 0.0952865 0.0514926
1.2 0.0946108 -0.186319
1.21 0.0915763 -0.419295
1.22 0.0862605 -0.641628
1.23 0.0787977 -0.847782
1.24 0.069376 -1.03263
1.25 0.0582317 -1.19158
1.26 0.0456441 -1.32068
1.27 0.0319283 -1.41675
1.28 0.0174273 -1.47741
1.29 0.0025033 -1.50118
1.3 -0.0124712 -1.48749
1.31 -0.0271227 -1.43672
1.32 -0.0410861 -1.35017
1.33 -0.0540138 -1.23001
1.34 -0.0655841 -1.07927
1.35 -0.0755097 -0.90174
1.36 -0.0835443 -0.701864
1.37 -0.089489 -0.484645
1.38 -0.0931974 -0.255514
1.39 -0.0945786 -0.0201944
1.4 -0.0936002 0.215441
1.41 -0.0902883 0.445515
1.42 -0.0847276 0.664295
1.43 -0.0770584 0.866333
1.44 -0.0674736 1.04661
1.45 -0.0562139 1.20063
1.46 -0.0435613 1.3246
1.47 -0.0298326 1.41543
1.48 -0.0153708 1.47089
1.49 -0.000537331 1.48963
1.5 0.0142977 1.47121
1.51 0.0287643 1.41611
1.52 0.042502 1.32574
1.53 0.0551688 1.20238
1.54 0.0664497 1.04913
1.55 0.0760645 0.869849
1.56 0.0837747 0.669016
1.57 0.0893896 0.451659
1.58 0.0927708 0.223213
1.59 0.0938359 -0.0106168
1.6 0.09256 -0.243995
1.61 0.0889769 -0.471101
1.62 0.0831778 -0.686278
1.63 0.0753091 -0.884168
1.64 0.0655686 -1.05985
1.65 0.0542008 -1.20896
1.66 0.0414904 -1.32781
1.67 0.0277555 -1.41344
1.68 0.0133395 -1.46376
1.69 -0.00139769 -1.47754
1.7 -0.0160882 -1.45446
1.71 -0.0303658 -1.39513
1.72 -0.0438747 -1.30105
1.73 -0.0562787 -1.1746
1.74 -0.0672692 -1.01897
1.75 -0.0765735 -0.838041
1.76 -0.0839607 -0.636363
1.77 -0.0892483 -0.418977
1.78 -0.0923059 -0.191316
1.79 -0.0930592 0.0409335
1.8 -0.0914913 0.271977
1.81 -0.087643 0.496052
1.82 -0.0816121 0.707578
1.83 -0.0735509 0.90129
1.84 -0.0636619 1.07237
1.85 -0.0521932 1.21657
1.86 -0.0394322 1.33032
1.87 -0.025698 1.4108
1.88 -0.0113339 1.45603
1.89 0.00330131 1.46492
1.9 0.0178425 1.43727
1.91 0.0319271 1.3738
1.92 0.0452042 1.27612
1.93 0.0573435 1.1467
1.94 0.068043 0.988779
1.95 0.0770371 0.80633
1.96 0.0841029 0.603919
1.97 0.0890657 0.386609
1.98 0.0918034 0.159832
1.99 0.0922496 -0.0707491
2 0.0903949 -0.299382
2.01 0.0862875 -0.520366
2.02 0.0800316 -0.728196
2.03 0.0717848 -0.917701
2.04 0.0617545 -1.08417
2.05 0.0501922 -1.22347
2.06 0.0373874 -1.33214
2.07 0.0236606 -1.40751
2.08 0.00935466 -1.44772
2.09 -0.00517309 -1.45179
2.1 -0.0195602 -1.41966
2.11 -0.0334481 -1.35214
2.12 -0.0464907 -1.25097
2.13 -0.0583635 -1.11868
2.14 -0.0687713 -0.958591
2.15 -0.0774559 -0.77473
2.16 -0.0842019 -0.571696
2.17 -0.0888427 -0.354568
2.18 -0.0912642 -0.128771
2.19 -0.0914079 0.100057
2.2 -0.089272 0.326206
2.21 -0.0849116 0.54404
2.22 -0.0784371 0.748132
2.23 -0.0700118 0.933404
2.24 -0.0598473 1.09525
2.25 -0.0481984 1.22966
2.26 -0.0353569 1.33329
2.27 -0.021644 1.40359
2.28 -0.00740228 1.43883
2.29 0.00701264 1.43816
2.3 0.0212412 1.40163
2.31 0.0349286 1.33017
2.32 0.047734 1.2256
2.33 0.0593389 1.09055
2.34 0.0694546 0.928415
2.35 0.0778302 0.743254
2.36 0.0842583 0.539706
2.37 0.0885799 0.322862
2.38 0.0906892 0.0981395
2.39 0.0905351 -0.128851
2.4 0.0881235 -0.352446
2.41 0.0835162 -0.567073
2.42 0.0768298 -0.767387
2.43 0.0682329 -0.948404
2.44 0.0579412 -1.10562
2.45 0.0462129 -1.23515
2.46 0.0333415 -1.33377
2.47 0.0196489 -1.39904
2.48 0.0054773 -1.42938
2.49 -0.00881957 -1.42405
2.5 -0.0228851 -1.38321
2.51 -0.0363686 -1.3079
2.52 -0.0489344 -1.20005
2.53 -0.0602699 -1.06235
2.54 -0.0700932 -0.898267
2.55 -0.0781608 -0.711917
2.56 -0.0842727 -0.507962
2.57 -0.0882782 -0.291502
2.58 -0.0900791 -0.0679468
2.59 -0.0896321 0.157124
2.6 -0.0869503 0.378097
2.61 -0.0821022 0.589464
2.62 -0.0752106 0.785962
2.63 -0.066449 0.962703
2.64 -0.0560372 1.1153
2.65 -0.0442363 1.23995
2.66 -0.0313418 1.33359
2.67 -0.0176759 1.39389
2.68 -0.0035802 1.41939
2.69 0.0105935 1.40947
2.7 0.0244917 1.3644
2.71 0.0377681 1.28535
2.72 0.0500919 1.17431
2.73 0.0611567 1.03407
2.74 0.0706876 0.86816
2.75 0.078448 0.68073
2.76 0.084246 0.476474
2.77 0.0879384 0.260499
2.78 0.0894348 0.0382004
2.79 0.0886998 -0.184873
2.8 0.0857533 -0.403157
2.81 0.0806708 -0.611213
2.82 0.0735805 -0.803861
2.83 0.064661 -0.976307
2.84 0.0541361 -1.12427
2.85 0.0422697 -1.24408
2.86 0.0293586 -1.33276
2.87 0.0157257 -1.38814
2.88 0.00171149 -1.40886
2.89 -0.0123341 -1.39443
2.9 -0.026061 -1.34523
2.91 -0.0391269 -1.26253
2.92 -0.0512066 -1.14841
2.93 -0.0619998 -1.00574
2.94 -0.0712381 -0.838108
2.95 -0.0786925 -0.649707
2.96 -0.0841786 -0.445254
2.97 -0.0875611 -0.229861
2.98 -0.0887572 -0.0089077
2.99 -0.087739 0.212091
3 -0.0845337 0.427623
3.01 -0.0792228 0.632319
3.02 -0.0719405 0.821083
3.03 -0.06287 0.98922
3.04 -0.0522389 1.13255
3.05 -0.0403136 1.24753
3.06 -0.0273925 1.3313
3.07 -0.0137987 1.38181
3.08 0.000128393 1.39782
3.09 0.0140411 1.37895
3.1 0.0275926 1.32571
3.11 0.0404451 1.23946
3.12 0.0522788 1.12236
3.13 0.0627992 0.977373
3.14 0.0717452 0.808125
3.15 0.0788948 0.61886
3.16 0.0840713 0.414312
3.17 0.0871471 0.199597
3.18 0.0880472 -0.0199243
3.19 0.0867508 -0.238773
3.2 0.0832922 -0.451492
3.21 0.0777592 -0.652782
3.22 0.0702914 -0.837632
3.23 0.0610768 -1.00145
3.24 0.0503464 -1.14015
3.25 0.038369 -1.25032
3.26 0.0254444 -1.32922
3.27 0.0118956 -1.3749
3.28 -0.001939 -1.38626
3.29 -0.0157142 -1.36305
3.3 -0.0290865 -1.30586
3.31 -0.0417227 -1.21615
3.32 -0.0533084 -1.09618
3.33 -0.0635554 -0.948978
3.34 -0.0722093 -0.778225
3.35 -0.0790555 -0.588201
3.36 -0.0839248 -0.383661
3.37 -0.0866973 -0.169717
3.38 -0.0873055 0.0482888
3.39 -0.0857361 0.264916
3.4 -0.0820299 0.474763
3.41 -0.0762809 0.672603
3.42 -0.0686343 0.853511
3.43 -0.0592823 1.01299
3.44 -0.0484593 1.14708
3.45 -0.0364366 1.25246
3.46 -0.0235148 1.32652
3.47 -0.0100169 1.36744
3.48 0.00371992 1.37422
3.49 0.017353 1.34673
3.5 0.0305425 1.28568
3.51 0.0429597 1.19262
3.52 0.0542957 1.06989
3.53 0.0642686 0.920572
3.54 0.0726309 0.748421
3.55 0.0791751 0.557743
3.56 0.0837398 0.353309
3.57 0.0862124 0.140228
3.58 0.0865332 -0.0761795
3.59 0.0846957 -0.290514
3.6 0.0807477 -0.497433
3.61 0.0747891 -0.691781
3.62 0.0669702 -0.868722
3.63 0.0574874 -1.02386
3.64 0.0465787 -1.15334
3.65 0.0345171 -1.25395
3.66 0.0216044 -1.32321
3.67 0.00816323 -1.35942
3.68 -0.00547075 -1.3617
3.69 -0.0189574 -1.33002
3.7 -0.0319605 -1.2652
3.71 -0.0441562 -1.16888
3.72 -0.0552409 -1.04348
3.73 -0.0649393 -0.892168
3.74 -0.0730104 -0.718725
3.75 -0.0792543 -0.527497
3.76 -0.0835169 -0.323267
3.77 -0.0856933 -0.111139
3.78 -0.0857309 0.10359
3.79 -0.0836307 0.315565
3.8 -0.0794465 0.519501
3.81 -0.0732844 0.710318
3.82 -0.0652998 0.883269
3.83 -0.0556931 1.03405
3.84 -0.0447052 1.15893
3.85 -0.0326113 1.25481
3.86 -0.0197138 1.31932
3.87 -0.00633497 1.35088
3.88 0.00719112 1.34872
3.89 0.0205271 1.31293
3.9 0.0333404 1.24443
3.91 0.0453121 1.14495
3.92 0.0561442 1.01699
3.93 0.0655676 0.863781
3.94 0.0733483 0.689151
3.95 0.0792937 0.497474
3.96 0.0832569 0.293545
3.97 0.0851406 0.0824584
3.98 0.0848997 -0.130515
3.99 0.0825418 -0.340064
4 0.0781273 -0.540965
4.01 0.071768 -0.728215
4.02 0.0636241 -0.897155
4.03 0.0539001 -1.04359
4.04 0.0428397 -1.16388
4.05 0.0307199 -1.25505
4.06 0.0178436 -1.31484
4.07 0.00453265 -1.34181
4.08 -0.00888067 -1.33528
4.09 -0.0220618 -1.29547
4.1 -0.0346822 -1.22338
4.11 -0.0464277 -1.12084
4.12 -0.0570059 -0.990429
4.13 -0.0661541 -0.835424
4.14 -0.0736452 -0.659711
4.15 -0.0792938 -0.467686
4.16 -0.0829604 -0.264152
4.17 -0.0845553 -0.0541927
4.18 -0.0840403 0.15695
4.19 -0.08143 0.364009
4.2 -0.076791 0.561825
4.21 -0.0702408 0.745473
4.22 -0.0619441 0.910383
4.23 -0.0521094 1.05246
4.24 -0.040983 1.16817
4.25 -0.0288435 1.25467
4.26 -0.0159944 1.3098
4.27 -0.00275674 1.33223
4.28 0.0105391 1.32141
4.29 0.0235615 1.27765
4.3 0.0359858 1.20207
4.31 0.0475029 1.09657
4.32 0.0578261 0.963803
4.33 0.066699 0.807111
4.34 0.0739015 0.630417
4.35 0.0792553 0.438143
4.36 0.0826283 0.235096
4.37 0.0839381 0.0263493
4.38 0.0831537 -0.182888
4.39 0.0802962 -0.387397
4.4 0.0754385 -0.582081
4.41 0.0687035 -0.762094
4.42 0.0602606 -0.922958
4.43 0.0503217 -1.06068
4.44 0.0391358 -1.17184
4.45 0.0269829 -1.25368
4.46 0.0141668 -1.3042
4.47 0.00100769 -1.32215
4.48 -0.012166 -1.30712
4.49 -0.0250258 -1.2595
4.5 -0.0372512 -1.18051
4.51 -0.0485379 -1.07215
4.52 -0.0586051 -0.937131
4.53 -0.0672028 -0.778854
4.54 -0.0741177 -0.601281
4.55 -0.0791788 -0.408855
4.56 -0.0822613 -0.206388
4.57 -0.0832899 0.00106483
4.58 -0.0822406 0.208325
4.59 -0.0791413 0.410224
4.6 -0.0740708 0.601732
4.61 -0.0671573 0.77808
4.62 -0.0585745 0.934884
4.63 -0.0485379 1.06825
4.64 -0.0372988 1.17487
4.65 -0.0251387 1.2521
4.66 -0.0123613 1.29805
4.67 0.000714089 1.31159
4.68 0.0137612 1.29241
4.69 0.0264547 1.24102
4.7 0.0384784 1.15872
4.71 0.0495329 1.04759
4.72 0.0593432 0.910426
4.73 0.0676659 0.750667
4.74 0.0742945 0.572315
4.75 0.079065 0.379834
4.76 0.08186 0.178035
4.77 0.0826114 -0.0280432
4.78 0.081302 -0.233257
4.79 0.0779662 -0.432489
4.8 0.0726888 -0.620777
4.81 0.0656029 -0.793434
4.82 0.0568866 -0.946166
4.83 0.0467587 -1.07518
4.84 0.0354729 -1.17728
4.85 0.0233115 -1.24994
4.86 0.0105785 -1.29137
4.87 -0.00240818 -1.30056
4.88 -0.0153244 -1.27731
4.89 -0.0278481 -1.22223
4.9 -0.0396673 -1.13671
4.91 -0.0504879 -1.02292
4.92 -0.0600408 -0.883702
4.93 -0.0680887 -0.722561
4.94 -0.0744322 -0.54353
4.95 -0.0789145 -0.351088
4.96 -0.0814252 -0.150045
4.97 -0.0819034 0.0545796
4.98 -0.0803387 0.257679
4.99 -0.0767718 0.454191
5 -0.0712932 0.639218
