0 0.1 0
0.01 0.0987526 -0.248958
0.02 0.0950416 -0.491706
0.03 0.0889594 -0.722186
0.04 0.080658 -0.934649
0.05 0.0703443 -1.1238
0.06 0.0582757 -1.28491
0.07 0.0447533 -1.41396
0.08 0.0301143 -1.50774
0.09 0.0147241 -1.5639
0.1 -0.00103341 -1.58105
0.11 -0.0167652 -1.55876
0.12 -0.0320787 -1.49758
0.13 -0.0465919 -1.39903
0.14 -0.0599427 -1.26559
0.15 -0.0717981 -1.10057
0.16 -0.0818624 -0.908091
0.17 -0.0898843 -0.692961
0.18 -0.0956638 -0.460542
0.19 -0.0990567 -0.216635
0.2 -0.0999784 0.0326777
0.21 -0.0984059 0.281175
0.22 -0.0943783 0.522657
0.23 -0.0879963 0.7511
0.24 -0.0794189 0.960805
0.25 -0.0688602 1.14654
0.26 -0.0565836 1.30367
0.27 -0.0428954 1.42828
0.28 -0.0281371 1.51725
0.29 -0.0126768 1.56838
0.3 0.0030998 1.58037
0.31 0.018799 1.55294
0.32 0.0340292 1.48677
0.33 0.0484105 1.38351
0.34 0.0615841 1.24573
0.35 0.0732212 1.07687
0.36 0.0830317 0.881145
0.37 0.0907707 0.663439
0.38 0.0962451 0.429182
0.39 0.0993185 0.184218
0.4 0.0999141 -0.0653412
0.41 0.0980171 -0.313271
0.42 0.0936748 -0.553385
0.43 0.0869955 -0.779693
0.44 0.0781459 -0.98655
0.45 0.0673467 -1.16879
0.46 0.0548674 -1.32188
0.47 0.0410193 -1.44199
0.48 0.0261478 -1.52612
0.49 0.010624 -1.57218
0.5 -0.00516484 -1.57902
0.51 -0.0208248 -1.54647
0.52 -0.0359653 -1.47533
0.53 -0.0502085 -1.36739
0.54 -0.0631991 -1.22533
0.55 -0.074613 -1.05271
0.56 -0.0841655 -0.853822
0.57 -0.0916183 -0.633634
0.58 -0.0967854 -0.397639
0.59 -0.0995379 -0.151724
0.6 -0.0998072 0.0979767
0.61 -0.0975865 0.345233
0.62 -0.0929313 0.583876
0.63 -0.0859576 0.807953
0.64 -0.0768395 1.01187
0.65 -0.0658045 1.19055
0.66 -0.0531277 1.33952
0.67 -0.0391256 1.45508
0.68 -0.0241473 1.53434
0.69 -0.00856669 1.57531
0.7 0.00722768 1.57699
0.71 0.0228417 1.53933
0.72 0.0378859 1.46326
0.73 0.051985 1.35069
0.74 0.0647871 1.20442
0.75 0.0759729 1.0281
0.76 0.0852634 0.826134
0.77 0.0924267 0.603559
0.78 0.0972842 0.365926
0.79 0.0997147 0.119164
0.8 0.0996576 -0.13057
0.81 0.0971142 -0.377047
0.82 0.092148 -0.614118
0.83 0.084883 -0.835868
0.84 0.0755003 -1.03676
0.85 0.0642341 -1.2118
0.86 0.0513654 -1.3566
0.87 0.0372152 -1.46755
0.88 0.0221366 -1.5419
0.89 0.00650574 -1.57777
0.9 -0.00928741 -1.57429
0.91 -0.0248489 -1.53153
0.92 -0.0397904 -1.45056
0.93 -0.0537392 -1.33341
0.94 -0.0663474 -1.18299
0.95 -0.0773003 -1.00305
0.96 -0.0863248 -0.798094
0.97 -0.0931957 -0.573226
0.98 -0.0977416 -0.334057
0.99 -0.099849 -0.0865542
1 -0.0994654 0.163108
1.01 -0.0966004 0.408701
1.02 -0.0913254 0.644097
1.03 -0.0837721 0.863425
1.04 -0.0741289 1.06121
1.05 -0.0626363 1.23252
1.06 -0.0495811 1.37309
1.07 -0.0352889 1.4794
1.08 -0.0201164 1.5488
1.09 -0.00444202 1.57956
1.1 0.0113432 1.57091
1.11 0.0268454 1.52308
1.12 0.0416778 1.43725
1.13 0.0554705 1.31556
1.14 0.0678794 1.16105
1.15 0.0785948 0.977575
1.16 0.0873494 0.769713
1.17 0.0939249 0.542648
1.18 0.0981571 0.302045
1.19 0.0999406 0.0539072
1.2 0.0992307 -0.195576
1.21 0.0960453 -0.440179
1.22 0.0904638 -0.673801
1.23 0.0826254 -0.890614
1.24 0.0727257 -1.08521
1.25 0.0610117 -1.25273
1.26 0.0477756 -1.38899
1.27 0.0333476 -1.49061
1.28 0.0180876 -1.55504
1.29 0.00237641 -1.58067
1.3 -0.0133941 -1.56687
1.31 -0.0288304 -1.51398
1.32 -0.0435475 -1.42332
1.33 -0.0571781 -1.29715
1.34 -0.0693823 -1.13862
1.35 -0.0798556 -0.951682
1.36 -0.0883366 -0.741003
1.37 -0.0946139 -0.511838
1.38 -0.0985307 -0.269905
1.39 -0.0999895 -0.0212373
1.4 -0.0989537 0.22796
1.41 -0.0954493 0.47147
1.42 -0.0895636 0.703217
1.43 -0.0814435 0.917421
1.44 -0.0712916 1.10874
1.45 -0.0593611 1.27239
1.46 -0.0459497 1.40431
1.47 -0.031392 1.50118
1.48 -0.0160511 1.56061
1.49 -0.000309789 1.58111
1.5 0.0154393 1.56215
1.51 0.0308031 1.50423
1.52 0.0453985 1.40878
1.53 0.0588613 1.27818
1.54 0.0708557 1.1157
1.55 0.0810823 0.925381
1.56 0.0892862 0.711977
1.57 0.0952625 0.48081
1.58 0.0988623 0.237649
1.59 0.0999957 -0.0114415
1.6 0.0986344 -0.260246
1.61 0.0948124 -0.502558
1.62 0.0886251 -0.732333
1.63 0.0802268 -0.943837
1.64 0.069827 -1.1318
1.65 0.0576851 -1.29152
1.66 0.0441042 -1.41902
1.67 0.029423 -1.51112
1.68 0.0140078 -1.56552
1.69 -0.00175695 -1.58087
1.7 -0.0174778 -1.55677
1.71 -0.0327627 -1.49384
1.72 -0.0472301 -1.39364
1.73 -0.0605193 -1.25867
1.74 -0.0722987 -1.0923
1.75 -0.0822744 -0.898686
1.76 -0.0901975 -0.682647
1.77 -0.0958704 -0.449577
1.78 -0.0991516 -0.205292
1.79 -0.0999591 0.0441152
1.8 -0.0982729 0.292422
1.81 -0.094135 0.533433
1.82 -0.0876487 0.761136
1.83 -0.0789757 0.96985
1.84 -0.0683325 1.15437
1.85 -0.0559845 1.31009
1.86 -0.0422399 1.43312
1.87 -0.0274415 1.52041
1.88 -0.0119584 1.56976
1.89 0.00382293 1.57995
1.9 0.0195089 1.55072
1.91 0.0347082 1.48281
1.92 0.0490416 1.37791
1.93 0.0621515 1.23863
1.94 0.0737109 1.06844
1.95 0.0834313 0.871607
1.96 0.0910704 0.653025
1.97 0.0964374 0.418152
1.98 0.0993985 0.172847
1.99 0.0998799 -0.07677
2 0.0978695 -0.324472
2.01 0.0934175 -0.564079
2.02 0.0866349 -0.789613
2.03 0.077691 -0.995448
2.04 0.0668089 -1.17645
2.05 0.05426 -1.3281
2.06 0.0403575 -1.44662
2.07 0.0254482 -1.52905
2.08 0.00990401 -1.57333
2.09 -0.00588727 -1.57836
2.1 -0.0215317 -1.54402
2.11 -0.0366389 -1.47115
2.12 -0.0508321 -1.36158
2.13 -0.0637571 -1.21805
2.14 -0.0750915 -1.04413
2.15 -0.0845526 -0.844155
2.16 -0.0919043 -0.623124
2.17 -0.0969632 -0.386548
2.18 -0.099603 -0.140329
2.19 -0.099758 0.109392
2.2 -0.0974243 0.356383
2.21 -0.09266 0.594484
2.22 -0.0855841 0.817753
2.23 -0.0763731 1.02062
2.24 -0.0652567 1.19803
2.25 -0.0525124 1.34554
2.26 -0.0384579 1.45949
2.27 -0.0234441 1.53703
2.28 -0.00784536 1.57623
2.29 0.00794909 1.5761
2.3 0.0235452 1.53665
2.31 0.038554 1.45886
2.32 0.0526008 1.34468
2.33 0.0653355 1.19695
2.34 0.0764401 1.01936
2.35 0.0856378 0.816343
2.36 0.0926989 0.592958
2.37 0.0974475 0.35478
2.38 0.0997649 0.10775
2.39 0.0995935 -0.141967
2.4 0.0969374 -0.388142
2.41 0.091863 -0.624634
2.42 0.0844968 -0.845543
2.43 0.0750226 -1.04536
2.44 0.0636767 -1.21909
2.45 0.0507423 -1.36241
2.46 0.0365419 -1.47175
2.47 0.02143 -1.54436
2.48 0.00578338 -1.57845
2.49 -0.0100075 -1.57316
2.5 -0.0255487 -1.52862
2.51 -0.0404525 -1.44595
2.52 -0.0543471 -1.3272
2.53 -0.0668859 -1.17534
2.54 -0.077756 -0.994164
2.55 -0.0866863 -0.788183
2.56 -0.093454 -0.562538
2.57 -0.0978902 -0.322859
2.58 -0.0998843 -0.0751263
2.59 -0.0993864 0.174481
2.6 -0.0964092 0.419735
2.61 -0.0910267 0.654518
2.62 -0.0833733 0.872972
2.63 -0.07364 1.06965
2.64 -0.0620695 1.23964
2.65 -0.0489505 1.3787
2.66 -0.0346103 1.48337
2.67 -0.0194067 1.55103
2.68 -0.00371893 1.58
2.69 0.0120616 1.56955
2.7 0.0275413 1.51994
2.71 0.0423338 1.43242
2.72 0.0560702 1.30915
2.73 0.0684078 1.15323
2.74 0.0790387 0.968541
2.75 0.0876979 0.759686
2.76 0.0941691 0.531878
2.77 0.0982911 0.290802
2.78 0.0999609 0.0424702
2.79 0.0991369 -0.206921
2.8 0.0958397 -0.451149
2.81 0.0901515 -0.684122
2.82 0.0822143 -0.900028
2.83 0.0722259 -1.09348
2.84 0.0604358 -1.25965
2.85 0.0471378 -1.3944
2.86 0.0326639 -1.49436
2.87 0.0173751 -1.55704
2.88 0.0016529 -1.58087
2.89 -0.0141106 -1.56527
2.9 -0.029522 -1.51061
2.91 -0.044197 -1.41827
2.92 -0.0577693 -1.29055
2.93 -0.0699004 -1.13063
2.94 -0.0802877 -0.942504
2.95 -0.0886719 -0.730864
2.96 -0.094844 -0.500991
2.97 -0.09865 -0.25862
2.98 -0.0999949 -0.00979618
2.99 -0.0988451 0.239272
3 -0.0952293 0.48237
3.01 -0.0892379 0.713434
3.02 -0.0810201 0.9267
3.03 -0.0707811 1.11685
3.04 -0.0587762 1.27913
3.05 -0.045305 1.4095
3.06 -0.0307036 1.50471
3.07 -0.0153362 1.56238
3.08 0.000413831 1.58107
3.09 0.0161535 1.56032
3.1 0.0314902 1.50064
3.11 0.0460413 1.40352
3.12 0.0594437 1.27139
3.13 0.0713632 1.10754
3.14 0.0815023 0.916064
3.15 0.0896081 0.70173
3.16 0.0954784 0.46989
3.17 0.0989668 0.226327
3.18 0.0999861 -0.0228819
3.19 0.098511 -0.27152
3.2 0.0945783 -0.513385
3.21 0.0882861 -0.742441
3.22 0.0797913 -0.952976
3.23 0.069306 -1.13974
3.24 0.0570916 -1.29806
3.25 0.0434529 -1.424
3.26 0.0287302 -1.51442
3.27 0.0132907 -1.56706
3.28 -0.00248037 -1.5806
3.29 -0.0181895 -1.5547
3.3 -0.0334449 -1.49003
3.31 -0.0478659 -1.38818
3.32 -0.0610928 -1.25169
3.33 -0.0727955 -1.08399
3.34 -0.0826821 -0.889233
3.35 -0.090506 -0.672297
3.36 -0.096072 -0.438589
3.37 -0.0992412 -0.193938
3.38 -0.0999346 0.0555501
3.39 -0.0981348 0.303653
3.4 -0.0938868 0.54418
3.41 -0.0872966 0.771131
3.42 -0.0785285 0.978844
3.43 -0.0678012 1.16214
3.44 -0.0553825 1.31644
3.45 -0.0415822 1.4379
3.46 -0.0267444 1.52348
3.47 -0.0112395 1.57106
3.48 0.00454584 1.57944
3.49 0.0202178 1.54843
3.5 0.0353853 1.47878
3.51 0.0496701 1.37224
3.52 0.0627157 1.23146
3.53 0.0741967 1.05996
3.54 0.0838266 0.862023
3.55 0.0913653 0.642577
3.56 0.0966246 0.4071
3.57 0.0994733 0.161467
3.58 0.0998404 -0.0881944
3.59 0.0977168 -0.335655
3.6 0.0931553 -0.574742
3.61 0.0862698 -0.799491
3.62 0.0772321 -1.00429
3.63 0.0662676 -1.18404
3.64 0.0536499 -1.33425
3.65 0.0396937 -1.45117
3.66 0.0247473 -1.53189
3.67 0.00918353 -1.57439
3.68 -0.00660937 -1.57762
3.69 -0.0222374 -1.54148
3.7 -0.0373106 -1.46689
3.71 -0.051453 -1.35571
3.72 -0.0643118 -1.2107
3.73 -0.0755661 -1.03549
3.74 -0.0849353 -0.834444
3.75 -0.0921855 -0.612582
3.76 -0.0971359 -0.375437
3.77 -0.0996629 -0.128926
3.78 -0.0997036 0.120801
3.79 -0.0972569 0.367514
3.8 -0.0923839 0.605059
3.81 -0.0852062 0.827509
3.82 -0.0759027 1.02931
3.83 -0.0647056 1.20544
3.84 -0.0518943 1.35149
3.85 -0.0377883 1.46383
3.86 -0.0227396 1.53965
3.87 -0.00712365 1.57706
3.88 0.00867005 1.57512
3.89 0.0242475 1.53389
3.9 0.0392199 1.45439
3.91 0.053214 1.3386
3.92 0.0658804 1.18942
3.93 0.0769033 1.01057
3.94 0.0860077 0.80651
3.95 0.0929663 0.582326
3.96 0.0976056 0.343615
3.97 0.0998099 0.0963311
3.98 0.0995242 -0.153356
3.99 0.0967556 -0.399216
4 0.0915731 -0.635118
4.01 0.0841061 -0.855174
4.02 0.0745409 -1.0539
4.03 0.063116 -1.22633
4.04 0.0501165 -1.36816
4.05 0.0358668 -1.47586
4.06 0.0207222 -1.54675
4.07 0.00506073 -1.57904
4.08 -0.010727 -1.57195
4.09 -0.0262472 -1.52563
4.1 -0.0411125 -1.44126
4.11 -0.0549522 -1.32092
4.12 -0.0674209 -1.16764
4.13 -0.0782077 -0.985224
4.14 -0.0870433 -0.77823
4.15 -0.0937074 -0.551821
4.16 -0.0980337 -0.311645
4.17 -0.0999143 -0.0636948
4.18 -0.0993023 0.185845
4.19 -0.0962129 0.430748
4.2 -0.0907232 0.664905
4.21 -0.0829702 0.882474
4.22 -0.0731472 1.07803
4.23 -0.0614995 1.24669
4.24 -0.0483174 1.38424
4.25 -0.0339299 1.48727
4.26 -0.018696 1.55319
4.27 -0.00299566 1.58036
4.28 0.0127794 1.5681
4.29 0.0282357 1.51672
4.3 0.0429875 1.42751
4.31 0.0566669 1.30268
4.32 0.0689326 1.14536
4.33 0.0794786 0.959455
4.34 0.0880417 0.749619
4.35 0.0944085 0.521081
4.36 0.0984199 0.279543
4.37 0.099976 0.0310314
4.38 0.0990379 -0.218254
4.39 0.0956291 -0.462095
4.4 0.0898345 -0.694407
4.41 0.0817988 -0.909396
4.42 0.0717224 -1.1017
4.43 0.0598566 -1.26651
4.44 0.0464976 -1.39973
4.45 0.0319786 -1.49803
4.46 0.0166618 -1.55896
4.47 0.000929325 -1.58099
4.48 -0.0148263 -1.56359
4.49 -0.0302121 -1.50717
4.5 -0.0448442 -1.41316
4.51 -0.0583574 -1.28388
4.52 -0.0704148 -1.12258
4.53 -0.0807155 -0.933277
4.54 -0.0890026 -0.720687
4.55 -0.0950692 -0.490118
4.56 -0.0987641 -0.247321
4.57 -0.099995 0.00164511
4.58 -0.0987313 0.25057
4.59 -0.0950045 0.493245
4.6 -0.0889075 0.723613
4.61 -0.0805925 0.93593
4.62 -0.0702669 1.1249
4.63 -0.0581883 1.2858
4.64 -0.044658 1.41463
4.65 -0.0300136 1.50816
4.66 -0.0146205 1.56407
4.67 0.0011374 1.58096
4.68 0.0168669 1.5584
4.69 0.0321756 1.49697
4.7 0.0466816 1.3982
4.71 0.060023 1.26454
4.72 0.071867 1.09933
4.73 0.081918 0.906699
4.74 0.0899254 0.691447
4.75 0.0956893 0.458946
4.76 0.099066 0.214994
4.77 0.0999713 -0.0343208
4.78 0.0983825 -0.282779
4.79 0.0943392 -0.524183
4.8 0.0879425 -0.75251
4.81 0.0793517 -0.962063
4.82 0.0687813 -1.14762
4.83 0.056495 -1.30454
4.84 0.0427993 -1.42891
4.85 0.0280358 -1.51764
4.86 0.0125729 -1.56851
4.87 -0.00320364 -1.58024
4.88 -0.0189003 -1.55256
4.89 -0.0341254 -1.48614
4.9 -0.0484991 -1.38264
4.91 -0.061663 -1.24465
4.92 -0.0732884 -1.07561
4.93 -0.0830855 -0.879735
4.94 -0.0908098 -0.661913
4.95 -0.0962686 -0.427578
4.96 -0.0993257 -0.182575
4.97 -0.0999048 0.0669817
4.98 -0.0979916 0.314868
4.99 -0.0936337 0.554898
5 -0.0869399 0.781085
