0 0.0975 -0.25
0.01 0.0925825 -0.49175
0.02 0.0853898 -0.719272
0.03 0.0761199 -0.926993
0.04 0.0650211 -1.10988
0.05 0.0523856 -1.26355
0.06 0.0385415 -1.38441
0.07 0.0238447 -1.46968
0.08 0.00866931 -1.51754
0.09 -0.0066014 -1.52707
0.1 -0.0215849 -1.49835
0.11 -0.0359089 -1.4324
0.12 -0.0492206 -1.33117
0.13 -0.0611953 -1.19747
0.14 -0.0715444 -1.0349
0.15 -0.080022 -0.847761
0.16 -0.0864312 -0.640924
0.17 -0.0906284 -0.419719
0.18 -0.0925263 -0.18979
0.19 -0.0920959 0.0430438
0.2 -0.0893665 0.272939
0.21 -0.0844248 0.494172
0.22 -0.077412 0.70128
0.23 -0.06852 0.8892
0.24 -0.0579861 1.05339
0.25 -0.0460868 1.18992
0.26 -0.0331306 1.29562
0.27 -0.0194498 1.36808
0.28 -0.00539215 1.40576
0.29 0.00868783 1.408
0.3 0.022438 1.37501
0.31 0.0355172 1.30792
0.32 0.0476038 1.20866
0.33 0.0584036 1.07998
0.34 0.067657 0.925335
0.35 0.0751449 0.74879
0.36 0.0806943 0.554938
0.37 0.0841819 0.348762
0.38 0.0855371 0.135518
0.39 0.084743 -0.0794092
0.4 0.0818367 -0.290631
0.41 0.0769077 -0.492898
0.42 0.0700954 -0.681224
0.43 0.0615853 -0.851013
0.44 0.0516036 -0.998168
0.45 0.0404117 -1.11919
0.46 0.028299 -1.21127
0.47 0.0155758 -1.27232
0.48 0.00256493 -1.30109
0.49 -0.010406 -1.29709
0.5 -0.0230129 -1.2607
0.51 -0.0349437 -1.19308
0.52 -0.0459055 -1.09618
0.53 -0.0556319 -0.972643
0.54 -0.0638897 -0.825782
0.55 -0.0704843 -0.659451
0.56 -0.0752639 -0.477965
0.57 -0.0781237 -0.285981
0.58 -0.0790076 -0.0883843
0.59 -0.0779091 0.109842
0.6 -0.0748718 0.303736
0.61 -0.0699869 0.488485
0.62 -0.0633915 0.659545
0.63 -0.055264 0.812747
0.64 -0.04582 0.944405
0.65 -0.035306 1.0514
0.66 -0.0239934 1.13125
0.67 -0.0121716 1.18219
0.68 -0.00013997 1.20316
0.69 0.0117989 1.19388
0.7 0.0233472 1.15483
0.71 0.0342195 1.08723
0.72 0.0441493 0.992982
0.73 0.052896 0.874665
0.74 0.0602502 0.735427
0.75 0.0660394 0.578918
0.76 0.0701313 0.409188
0.77 0.0724372 0.230587
0.78 0.0729137 0.0476491
0.79 0.0715635 -0.135016
0.8 0.068435 -0.312845
0.81 0.0636207 -0.48143
0.82 0.0572544 -0.63663
0.83 0.0495077 -0.774673
0.84 0.0405853 -0.892245
0.85 0.0307196 -0.98657
0.86 0.0201648 -1.05548
0.87 0.00919035 -1.09744
0.88 -0.00192606 -1.11164
0.89 -0.0129054 -1.09793
0.9 -0.0234742 -1.05689
0.91 -0.0333717 -0.989745
0.92 -0.0423557 -0.898398
0.93 -0.0502089 -0.785322
0.94 -0.0567441 -0.653517
0.95 -0.0618083 -0.506428
0.96 -0.0652869 -0.347856
0.97 -0.0671055 -0.181856
0.98 -0.0672318 -0.0126375
0.99 -0.0656764 0.155543
1 -0.0624915 0.31849
1.01 -0.0577698 0.472171
1.02 -0.0516416 0.612818
1.03 -0.0442714 0.737019
1.04 -0.0358534 0.841802
1.05 -0.0266064 0.924701
1.06 -0.0167682 0.983819
1.07 -0.00658952 1.01787
1.08 0.00367249 1.0262
1.09 0.0137606 1.00881
1.1 0.023424 0.966337
1.11 0.0324244 0.900047
1.12 0.0405423 0.811785
1.13 0.0475816 0.703935
1.14 0.0533751 0.57935
1.15 0.0577879 0.441277
1.16 0.0607207 0.293277
1.17 0.062112 0.139129
1.18 0.0619393 -0.0172636
1.19 0.0602196 -0.171974
1.2 0.0570081 -0.321147
1.21 0.0523971 -0.461098
1.22 0.0465131 -0.588402
1.23 0.0395133 -0.699978
1.24 0.0315817 -0.793161
1.25 0.022924 -0.86577
1.26 0.0137625 -0.916154
1.27 0.00433017 -0.943231
1.28 -0.00513494 -0.946511
1.29 -0.014396 -0.926101
1.3 -0.023223 -0.882703
1.31 -0.0313988 -0.817584
1.32 -0.0387243 -0.732546
1.33 -0.045023 -0.629875
1.34 -0.0501458 -0.512278
1.35 -0.053974 -0.382816
1.36 -0.0564221 -0.244818
1.37 -0.0574402 -0.101804
1.38 -0.0570141 0.0426106
1.39 -0.055166 0.184805
1.4 -0.0519536 0.321242
1.41 -0.0474681 0.448556
1.42 -0.0418317 0.563637
1.43 -0.0351946 0.663708
1.44 -0.0277308 0.746384
1.45 -0.0196334 0.80974
1.46 -0.0111099 0.852346
1.47 -0.00237689 0.873302
1.48 0.00634569 0.872258
1.49 0.0148398 0.849415
1.5 0.022895 0.80552
1.51 0.0303134 0.741839
1.52 0.0369146 0.66012
1.53 0.0425402 0.562553
1.54 0.0470572 0.451702
1.55 0.0503616 0.330445
1.56 0.0523806 0.201898
1.57 0.0530739 0.069331
1.58 0.0524348 -0.0639084
1.59 0.05049 -0.194484
1.6 0.0472985 -0.319153
1.61 0.04295 -0.434846
1.62 0.0375626 -0.538742
1.63 0.0312792 -0.628339
1.64 0.0242641 -0.70151
1.65 0.0166985 -0.756558
1.66 0.00877598 -0.792252
1.67 0.000697435 -0.807854
1.68 -0.00733391 -0.803135
1.69 -0.0151177 -0.778375
1.7 -0.0224612 -0.734354
1.71 -0.0291845 -0.672326
1.72 -0.0351243 -0.593986
1.73 -0.0401386 -0.501423
1.74 -0.0441092 -0.397066
1.75 -0.0469454 -0.283616
1.76 -0.0485852 -0.163984
1.77 -0.0489973 -0.0412089
1.78 -0.0481812 0.081614
1.79 -0.046167 0.201414
1.8 -0.0430148 0.31522
1.81 -0.0388125 0.420236
1.82 -0.0336734 0.513905
1.83 -0.0277336 0.593977
1.84 -0.021148 0.658559
1.85 -0.0140864 0.706161
1.86 -0.00672916 0.735728
1.87 0.000737489 0.746665
1.88 0.00812597 0.738848
1.89 0.0152522 0.712622
1.9 0.0219401 0.668791
1.91 0.028026 0.60859
1.92 0.0333626 0.533656
1.93 0.0378224 0.445981
1.94 0.0413009 0.347857
1.95 0.0437192 0.241822
1.96 0.0450251 0.130589
1.97 0.0451949 0.016982
1.98 0.0442335 -0.0961411
1.99 0.0421739 -0.205956
