0 0.0975 -0.25
0.01 0.0925625 -0.49375
0.02 0.0853109 -0.725156
0.03 0.0759266 -0.938434
0.04 0.0646441 -1.12825
0.05 0.0517455 -1.28986
0.06 0.0375533 -1.41922
0.07 0.0224222 -1.51311
0.08 0.00673056 -1.56916
0.09 -0.00912933 -1.58599
0.1 -0.024761 -1.56317
0.11 -0.0397736 -1.50126
0.12 -0.0537919 -1.40183
0.13 -0.0664654 -1.26735
0.14 -0.0774773 -1.10119
0.15 -0.0865522 -0.907493
0.16 -0.0934633 -0.691112
0.17 -0.0980379 -0.457454
0.18 -0.100161 -0.212359
0.19 -0.099781 0.0380443
0.2 -0.096906 0.287497
0.21 -0.0916084 0.529762
0.22 -0.0840206 0.758783
0.23 -0.0743322 0.968834
0.24 -0.0627856 1.15467
0.25 -0.0496693 1.31163
0.26 -0.0353113 1.4358
0.27 -0.0200705 1.52408
0.28 -0.00432791 1.57426
0.29 0.0115229 1.58508
0.3 0.0270856 1.55627
0.31 0.0419711 1.48856
0.32 0.0558074 1.38363
0.33 0.0682485 1.24411
0.34 0.0789834 1.07349
0.35 0.0877437 0.87603
0.36 0.0943104 0.656671
0.37 0.0985193 0.420895
0.38 0.100265 0.174596
0.39 0.0995046 -0.0760668
0.4 0.0962563 -0.324828
0.41 0.0906016 -0.565469
0.42 0.0826819 -0.791973
0.43 0.0726951 -0.998678
0.44 0.060891 -1.18042
0.45 0.0475645 -1.33264
0.46 0.033049 -1.45155
0.47 0.0177072 -1.53418
0.48 0.00192277 -1.57844
0.49 -0.0139098 -1.58325
0.5 -0.0293945 -1.54848
0.51 -0.0441444 -1.47499
0.52 -0.0577907 -1.36463
0.53 -0.0699923 -1.22015
0.54 -0.080444 -1.04517
0.55 -0.0888846 -0.844063
0.56 -0.0951031 -0.621851
0.57 -0.0989441 -0.384093
0.58 -0.100311 -0.136733
0.59 -0.0991709 0.114045
0.6 -0.0955512 0.361973
0.61 -0.0895427 0.600851
0.62 -0.0812956 0.824708
0.63 -0.0710162 1.02795
0.64 -0.0589613 1.20549
0.65 -0.0454324 1.35289
0.66 -0.0307677 1.46647
0.67 -0.0153338 1.54339
0.68 0.00048348 1.58172
0.69 0.0162886 1.58052
0.7 0.0316866 1.53979
0.71 0.0462924 1.46058
0.72 0.0597408 1.34485
0.73 0.0716958 1.1955
0.74 0.0818583 1.01626
0.75 0.0899744 0.81161
0.76 0.0958412 0.586674
0.77 0.0993119 0.347071
0.78 0.1003 0.098791
0.79 0.0987802 -0.151959
0.8 0.0947911 -0.398909
0.81 0.0884322 -0.635887
0.82 0.0798626 -0.856967
0.83 0.0692963 -1.05662
0.84 0.0569977 -1.22986
0.85 0.0432741 -1.37236
0.86 0.0284687 -1.48054
0.87 0.0129515 -1.55172
0.88 -0.00288945 -1.58409
0.89 -0.0186582 -1.57687
0.9 -0.0339604 -1.53023
0.91 -0.0484137 -1.44532
0.92 -0.0616566 -1.32429
0.93 -0.0733581 -1.17015
0.94 -0.0832256 -0.986754
0.95 -0.0910125 -0.77869
0.96 -0.0965241 -0.551159
0.97 -0.0996226 -0.309848
0.98 -0.10023 -0.0607921
0.99 -0.0983326 0.189784
1 -0.0939765 0.435616
1.01 -0.0872709 0.670557
1.02 -0.0783836 0.888734
1.03 -0.0675366 1.08469
1.04 -0.0550013 1.25353
1.05 -0.0410909 1.39104
1.06 -0.0261533 1.49377
1.07 -0.0105618 1.55915
1.08 0.00529375 1.58555
1.09 0.0210169 1.57232
1.1 0.0362147 1.51978
1.11 0.0505071 1.42924
1.12 0.0635368 1.30297
1.13 0.0749781 1.14413
1.14 0.0845449 0.956684
1.15 0.0919982 0.745322
1.16 0.0971514 0.515327
1.17 0.0998759 0.272448
1.18 0.100103 0.0227582
1.19 0.0978285 -0.227501
1.2 0.0931078 -0.472072
1.21 0.0860594 -0.704841
1.22 0.0768595 -0.91999
1.23 0.0657381 -1.11214
1.24 0.0529732 -1.27648
1.25 0.0388841 -1.40892
1.26 0.0238228 -1.50613
1.27 0.00816597 -1.56568
1.28 -0.00769501 -1.5861
1.29 -0.0233636 -1.56686
1.3 -0.0384481 -1.50845
1.31 -0.0525715 -1.41233
1.32 -0.0653805 -1.2809
1.33 -0.076555 -1.11745
1.34 -0.0858157 -0.926064
1.35 -0.0929309 -0.711525
1.36 -0.0977229 -0.479198
1.37 -0.100072 -0.234891
1.38 -0.0999189 0.0152888
1.39 -0.097268 0.265086
1.4 -0.0921855 0.508256
1.41 -0.0847983 0.73872
1.42 -0.0752911 0.950716
1.43 -0.0639017 1.13894
1.44 -0.0509147 1.2987
1.45 -0.0366549 1.42598
1.46 -0.0214787 1.51762
1.47 -0.00576548 1.57132
1.48 0.0100918 1.58573
1.49 0.0256969 1.5605
1.5 0.0406595 1.49626
1.51 0.0546056 1.39461
1.52 0.0671866 1.2581
1.53 0.0780879 1.09013
1.54 0.087037 0.894912
1.55 0.0938102 0.677319
1.56 0.0982381 0.442794
1.57 0.10021 0.197198
1.58 0.0996768 -0.053327
1.59 0.0966516 -0.302519
1.6 0.0912102 -0.544148
1.61 0.0834884 -0.772174
1.62 0.0736795 -0.980895
1.63 0.0620285 -1.16509
1.64 0.0488269 -1.32016
1.65 0.0344046 -1.44223
1.66 0.0191221 -1.52824
1.67 0.00336166 -1.57605
1.68 -0.0124829 -1.58445
1.69 -0.0280153 -1.55325
1.7 -0.0428474 -1.48321
1.71 -0.0566083 -1.37609
1.72 -0.068954 -1.23457
1.73 -0.0795758 -1.06218
1.74 -0.0882082 -0.863244
1.75 -0.0946355 -0.642723
1.76 -0.0986968 -0.406134
1.77 -0.100291 -0.159392
1.78 -0.0993774 0.0913345
1.79 -0.0959796 0.339778
1.8 -0.0901823 0.579727
1.81 -0.0821305 0.805183
1.82 -0.0720254 1.01051
1.83 -0.0601197 1.19057
1.84 -0.046711 1.34087
1.85 -0.0321345 1.45765
1.86 -0.0167546 1.53799
1.87 -0.000955907 1.57987
1.88 0.0148667 1.58226
1.89 0.0303177 1.5451
1.9 0.0450107 1.4693
1.91 0.0585784 1.35677
1.92 0.0706817 1.21033
1.93 0.0810179 1.03362
1.94 0.0893287 0.831079
1.95 0.0954063 0.607757
1.96 0.0990987 0.369242
1.97 0.100314 0.121495
1.98 0.0990208 -0.129289
1.99 0.0952524 -0.376841
