0 0.98329 0 0 0.0175
0.5 0.983252 0.00875 -0.000153024 0.0174993
1 0.983137 0.0174993 -0.000306036 0.0174973
1.5 0.982946 0.0262473 -0.000459023 0.0174939
2 0.982678 0.0349932 -0.000611972 0.0174891
2.5 0.982334 0.0437364 -0.000764871 0.017483
3 0.981913 0.0524762 -0.000917708 0.0174755
3.5 0.981416 0.0612119 -0.00107047 0.0174666
4 0.980843 0.0699428 -0.00122314 0.0174564
4.5 0.980193 0.0786683 -0.00137572 0.0174449
5 0.979467 0.0873877 -0.00152818 0.017432
5.5 0.978665 0.0961003 -0.00168051 0.0174177
6 0.977786 0.104805 -0.00183271 0.0174021
6.5 0.976832 0.113502 -0.00198476 0.0173851
7 0.975802 0.12219 -0.00213664 0.0173667
7.5 0.974695 0.130869 -0.00228835 0.0173471
8 0.973513 0.139538 -0.00243988 0.017326
8.5 0.972255 0.148195 -0.0025912 0.0173037
9 0.970922 0.156841 -0.00274231 0.0172799
9.5 0.969513 0.165475 -0.0028932 0.0172549
10 0.968029 0.174096 -0.00304385 0.0172285
10.5 0.966469 0.182704 -0.00319425 0.0172007
11 0.964835 0.191297 -0.00334439 0.0171717
11.5 0.963125 0.199875 -0.00349425 0.0171412
12 0.96134 0.208438 -0.00364384 0.0171095
12.5 0.959481 0.216985 -0.00379312 0.0170764
13 0.957547 0.225514 -0.00394209 0.0170421
13.5 0.955539 0.234027 -0.00409074 0.0170064
14 0.953457 0.242521 -0.00423906 0.0169693
14.5 0.9513 0.250996 -0.00438703 0.016931
15 0.949069 0.259452 -0.00453464 0.0168913
15.5 0.946765 0.267887 -0.00468188 0.0168504
16 0.944388 0.276302 -0.00482874 0.0168081
16.5 0.941937 0.284696 -0.00497521 0.0167646
17 0.939412 0.293067 -0.00512127 0.0167197
17.5 0.936815 0.301415 -0.00526691 0.0166736
18 0.934145 0.30974 -0.00541212 0.0166261
18.5 0.931403 0.318041 -0.00555689 0.0165774
19 0.928589 0.326318 -0.00570121 0.0165274
19.5 0.925702 0.334569 -0.00584507 0.0164761
20 0.922744 0.342794 -0.00598844 0.0164236
20.5 0.919714 0.350992 -0.00613134 0.0163698
21 0.916612 0.359164 -0.00627373 0.0163147
21.5 0.91344 0.367307 -0.00641561 0.0162584
22 0.910197 0.375422 -0.00655697 0.0162008
22.5 0.906883 0.383508 -0.00669779 0.016142
23 0.903499 0.391564 -0.00683808 0.016082
23.5 0.900045 0.39959 -0.0069778 0.0160207
24 0.896521 0.407585 -0.00711696 0.0159581
24.5 0.892928 0.415548 -0.00725554 0.0158944
25 0.889265 0.423479 -0.00739354 0.0158294
25.5 0.885534 0.431377 -0.00753093 0.0157633
26 0.881735 0.439242 -0.00766771 0.0156959
26.5 0.877867 0.447073 -0.00780387 0.0156273
27 0.873931 0.45487 -0.0079394 0.0155575
27.5 0.869927 0.462631 -0.00807429 0.0154865
28 0.865856 0.470356 -0.00820852 0.0154144
28.5 0.861719 0.478045 -0.00834209 0.0153411
29 0.857514 0.485697 -0.00847498 0.0152666
29.5 0.853244 0.493312 -0.00860719 0.0151909
30 0.848907 0.500888 -0.0087387 0.0151141
30.5 0.844505 0.508426 -0.00886951 0.0150361
31 0.840038 0.515924 -0.0089996 0.014957
31.5 0.835505 0.523383 -0.00912896 0.0148768
32 0.830909 0.530801 -0.00925759 0.0147954
32.5 0.826248 0.538178 -0.00938547 0.0147129
33 0.821523 0.545514 -0.00951259 0.0146293
33.5 0.816735 0.552808 -0.00963895 0.0145446
34 0.811884 0.560059 -0.00976454 0.0144588
34.5 0.806971 0.567266 -0.00988933 0.0143719
35 0.801995 0.574431 -0.0100133 0.0142839
35.5 0.796957 0.58155 -0.0101365 0.0141948
36 0.791858 0.588625 -0.0102589 0.0141047
36.5 0.786698 0.595655 -0.0103805 0.0140135
37 0.781478 0.602639 -0.0105012 0.0139212
37.5 0.776197 0.609576 -0.0106211 0.013828
38 0.770857 0.616467 -0.0107401 0.0137336
38.5 0.765457 0.62331 -0.0108583 0.0136383
39 0.759998 0.630105 -0.0109756 0.0135419
39.5 0.754481 0.636852 -0.011092 0.0134445
40 0.748906 0.64355 -0.0112075 0.0133461
40.5 0.743274 0.650198 -0.0113222 0.0132467
41 0.737584 0.656796 -0.0114359 0.0131463
41.5 0.731838 0.663344 -0.0115488 0.0130449
42 0.726036 0.669841 -0.0116607 0.0129426
42.5 0.720177 0.676287 -0.0117716 0.0128393
43 0.714264 0.68268 -0.0118817 0.0127351
43.5 0.708296 0.689022 -0.0119907 0.0126299
44 0.702273 0.69531 -0.0120989 0.0125238
44.5 0.696197 0.701546 -0.0122061 0.0124167
45 0.690067 0.707727 -0.0123123 0.0123087
45.5 0.683885 0.713854 -0.0124175 0.0121999
46 0.67765 0.719927 -0.0125217 0.0120901
46.5 0.671363 0.725944 -0.012625 0.0119794
47 0.665025 0.731906 -0.0127272 0.0118679
47.5 0.658636 0.737812 -0.0128284 0.0117555
48 0.652196 0.743662 -0.0129287 0.0116422
48.5 0.645707 0.749455 -0.0130279 0.0115281
49 0.639168 0.75519 -0.013126 0.0114132
49.5 0.632581 0.760868 -0.0132232 0.0112974
50 0.625945 0.766487 -0.0133192 0.0111808
50.5 0.619262 0.772048 -0.0134143 0.0110633
51 0.612531 0.777551 -0.0135083 0.0109451
51.5 0.605753 0.782994 -0.0136012 0.0108261
52 0.59893 0.788377 -0.013693 0.0107063
52.5 0.59206 0.7937 -0.0137838 0.0105857
53 0.585146 0.798963 -0.0138735 0.0104644
53.5 0.578187 0.804164 -0.0139621 0.0103423
54 0.571184 0.809305 -0.0140496 0.0102195
54.5 0.564137 0.814384 -0.0141359 0.0100959
55 0.557048 0.819401 -0.0142212 0.00997164
55.5 0.549916 0.824355 -0.0143054 0.00984665
56 0.542743 0.829247 -0.0143885 0.00972096
56.5 0.535528 0.834076 -0.0144704 0.00959458
57 0.528272 0.838842 -0.0145512 0.00946752
57.5 0.520977 0.843544 -0.0146308 0.00933979
58 0.513641 0.848182 -0.0147094 0.0092114
58.5 0.506267 0.852755 -0.0147867 0.00908236
59 0.498855 0.857264 -0.014863 0.00895269
59.5 0.491404 0.861708 -0.014938 0.00882239
60 0.483917 0.866087 -0.0150119 0.00869147
60.5 0.476392 0.870399 -0.0150847 0.00855994
61 0.468832 0.874646 -0.0151562 0.00842782
61.5 0.461236 0.878827 -0.0152266 0.00829512
62 0.453605 0.882942 -0.0152958 0.00816184
62.5 0.44594 0.886989 -0.0153638 0.008028
63 0.438241 0.89097 -0.0154307 0.00789361
63.5 0.43051 0.894883 -0.0154963 0.00775867
64 0.422745 0.898728 -0.0155608 0.00762321
64.5 0.414949 0.902506 -0.015624 0.00748723
65 0.407121 0.906215 -0.015686 0.00735073
65.5 0.399263 0.909857 -0.0157469 0.00721374
66 0.391374 0.913429 -0.0158065 0.00707627
66.5 0.383456 0.916933 -0.0158649 0.00693832
67 0.375509 0.920368 -0.0159221 0.0067999
67.5 0.367534 0.923733 -0.015978 0.00666103
68 0.359531 0.927029 -0.0160327 0.00652172
68.5 0.351501 0.930255 -0.0160862 0.00638198
69 0.343445 0.933411 -0.0161385 0.00624182
69.5 0.335363 0.936496 -0.0161895 0.00610125
70 0.327256 0.939512 -0.0162393 0.00596028
70.5 0.319124 0.942457 -0.0162879 0.00581892
71 0.310968 0.945331 -0.0163352 0.00567719
71.5 0.302788 0.948134 -0.0163812 0.00553509
72 0.294586 0.950866 -0.0164261 0.00539265
72.5 0.286362 0.953526 -0.0164696 0.00524985
73 0.278117 0.956116 -0.0165119 0.00510673
73.5 0.26985 0.958633 -0.016553 0.00496329
74 0.261564 0.961079 -0.0165928 0.00481954
74.5 0.253258 0.963453 -0.0166313 0.00467549
75 0.244933 0.965754 -0.0166686 0.00453116
75.5 0.236589 0.967984 -0.0167046 0.00438655
76 0.228228 0.970141 -0.0167393 0.00424168
76.5 0.21985 0.972226 -0.0167728 0.00409655
77 0.211455 0.974238 -0.016805 0.00395119
77.5 0.203045 0.976177 -0.016836 0.00380559
78 0.194619 0.978043 -0.0168656 0.00365977
78.5 0.186179 0.979837 -0.016894 0.00351375
79 0.177725 0.981557 -0.0169212 0.00336753
79.5 0.169258 0.983204 -0.016947 0.00322113
80 0.160778 0.984778 -0.0169716 0.00307455
80.5 0.152286 0.986279 -0.0169949 0.00292781
81 0.143783 0.987706 -0.0170169 0.00278092
81.5 0.135269 0.98906 -0.0170377 0.00263388
82 0.126746 0.99034 -0.0170572 0.00248672
82.5 0.118212 0.991546 -0.0170754 0.00233944
83 0.10967 0.992679 -0.0170923 0.00219205
83.5 0.10112 0.993738 -0.017108 0.00204457
84 0.0925622 0.994724 -0.0171223 0.001897
84.5 0.0839976 0.995635 -0.0171354 0.00174936
85 0.0754268 0.996473 -0.0171472 0.00160165
85.5 0.0668504 0.997237 -0.0171578 0.00145389
86 0.058269 0.997927 -0.0171671 0.0013061
86.5 0.0496833 0.998543 -0.0171751 0.00115827
87 0.0410939 0.999085 -0.0171818 0.00101042
87.5 0.0325015 0.999553 -0.0171872 0.000862571
88 0.0239067 0.999948 -0.0171914 0.000714721
88.5 0.0153102 1.00027 -0.0171943 0.000566887
89 0.00671245 1.00051 -0.0171959 0.000419077
89.5 -0.00188576 1.00069 -0.0171963 0.000271304
90 -0.0104838 1.00079 -0.0171954 0.000123578
90.5 -0.0190811 1.00081 -0.0171932 -2.40894e-05
91 -0.027677 1.00076 -0.0171897 -0.000171688
91.5 -0.0362708 1.00064 -0.017185 -0.000319207
92 -0.044862 1.00044 -0.017179 -0.000466636
92.5 -0.0534499 1.00017 -0.0171718 -0.000613963
93 -0.0620338 0.999829 -0.0171633 -0.000761178
93.5 -0.0706132 0.999411 -0.0171535 -0.00090827
94 -0.0791873 0.99892 -0.0171425 -0.00105523
94.5 -0.0877557 0.998356 -0.0171302 -0.00120204
95 -0.0963176 0.997718 -0.0171167 -0.0013487
95.5 -0.104872 0.997007 -0.0171019 -0.0014952
96 -0.11342 0.996223 -0.0170859 -0.00164152
96.5 -0.121958 0.995366 -0.0170687 -0.00178765
97 -0.130488 0.994436 -0.0170501 -0.00193358
97.5 -0.139008 0.993432 -0.0170304 -0.00207931
98 -0.147519 0.992356 -0.0170094 -0.00222482
98.5 -0.156018 0.991208 -0.0169872 -0.0023701
99 -0.164506 0.989986 -0.0169637 -0.00251514
99.5 -0.172982 0.988692 -0.016939 -0.00265994
100 -0.181445 0.987326 -0.0169131 -0.00280447
100.5 -0.189895 0.985888 -0.0168859 -0.00294874
101 -0.198331 0.984378 -0.0168576 -0.00309272
101.5 -0.206752 0.982795 -0.016828 -0.00323642
102 -0.215159 0.981141 -0.0167972 -0.00337981
102.5 -0.223549 0.979415 -0.0167651 -0.0035229
103 -0.231924 0.977618 -0.0167319 -0.00366566
103.5 -0.240281 0.97575 -0.0166975 -0.0038081
104 -0.248621 0.97381 -0.0166618 -0.00395019
104.5 -0.256943 0.9718 -0.016625 -0.00409193
105 -0.265246 0.969718 -0.016587 -0.00423332
105.5 -0.27353 0.967566 -0.0165478 -0.00437433
106 -0.281794 0.965344 -0.0165074 -0.00451497
106.5 -0.290037 0.963051 -0.0164658 -0.00465521
107 -0.29826 0.960689 -0.016423 -0.00479506
107.5 -0.30646 0.958256 -0.0163791 -0.00493449
108 -0.314639 0.955754 -0.016334 -0.00507351
108.5 -0.322794 0.953183 -0.0162877 -0.0052121
109 -0.330927 0.950542 -0.0162402 -0.00535026
109.5 -0.339035 0.947832 -0.0161916 -0.00548796
110 -0.347118 0.945054 -0.0161419 -0.00562521
110.5 -0.355177 0.942207 -0.016091 -0.00576199
111 -0.363209 0.939292 -0.016039 -0.0058983
111.5 -0.371216 0.936309 -0.0159858 -0.00603412
112 -0.379195 0.933258 -0.0159314 -0.00616945
112.5 -0.387147 0.930139 -0.015876 -0.00630428
113 -0.395071 0.926954 -0.0158194 -0.00643859
113.5 -0.402966 0.923701 -0.0157617 -0.00657238
114 -0.410833 0.920381 -0.0157029 -0.00670564
114.5 -0.418669 0.916995 -0.015643 -0.00683837
115 -0.426476 0.913543 -0.015582 -0.00697054
115.5 -0.434251 0.910025 -0.0155199 -0.00710216
116 -0.441996 0.906441 -0.0154566 -0.00723321
116.5 -0.449708 0.902791 -0.0153923 -0.00736369
117 -0.457388 0.899077 -0.0153269 -0.00749358
117.5 -0.465035 0.895298 -0.0152605 -0.00762288
118 -0.472648 0.891454 -0.0151929 -0.00775158
118.5 -0.480228 0.887546 -0.0151243 -0.00787967
119 -0.487773 0.883575 -0.0150547 -0.00800714
119.5 -0.495282 0.879539 -0.0149839 -0.00813399
120 -0.502757 0.875441 -0.0149122 -0.0082602
120.5 -0.510195 0.871279 -0.0148393 -0.00838576
121 -0.517596 0.867055 -0.0147655 -0.00851068
121.5 -0.52496 0.862768 -0.0146906 -0.00863494
122 -0.532287 0.85842 -0.0146147 -0.00875853
122.5 -0.539575 0.85401 -0.0145377 -0.00888144
123 -0.546824 0.849538 -0.0144598 -0.00900367
123.5 -0.554035 0.845006 -0.0143808 -0.0091252
124 -0.561205 0.840413 -0.0143009 -0.00924604
124.5 -0.568335 0.83576 -0.0142199 -0.00936617
125 -0.575425 0.831047 -0.014138 -0.00948558
125.5 -0.582473 0.826274 -0.0140551 -0.00960427
126 -0.58948 0.821443 -0.0139712 -0.00972223
126.5 -0.596445 0.816552 -0.0138863 -0.00983945
127 -0.603366 0.811603 -0.0138005 -0.00995592
127.5 -0.610245 0.806596 -0.0137137 -0.0100716
128 -0.61708 0.801532 -0.013626 -0.0101866
128.5 -0.623871 0.79641 -0.0135373 -0.0103008
129 -0.630617 0.791231 -0.0134477 -0.0104142
129.5 -0.637319 0.785996 -0.0133571 -0.0105268
130 -0.643974 0.780704 -0.0132657 -0.0106387
130.5 -0.650584 0.775357 -0.0131733 -0.0107497
131 -0.657148 0.769954 -0.01308 -0.0108599
131.5 -0.663664 0.764497 -0.0129858 -0.0109694
132 -0.670134 0.758985 -0.0128907 -0.011078
132.5 -0.676555 0.753419 -0.0127948 -0.0111857
133 -0.682928 0.747799 -0.0126979 -0.0112927
133.5 -0.689253 0.742126 -0.0126002 -0.0113988
134 -0.695529 0.736401 -0.0125016 -0.011504
134.5 -0.701755 0.730622 -0.0124022 -0.0116084
135 -0.707931 0.724792 -0.0123019 -0.011712
135.5 -0.714056 0.71891 -0.0122007 -0.0118147
136 -0.720131 0.712977 -0.0120988 -0.0119165
136.5 -0.726155 0.706994 -0.011996 -0.0120174
137 -0.732127 0.70096 -0.0118924 -0.0121174
137.5 -0.738048 0.694876 -0.0117879 -0.0122166
138 -0.743915 0.688743 -0.0116827 -0.0123148
138.5 -0.74973 0.682562 -0.0115767 -0.0124122
139 -0.755492 0.676331 -0.0114698 -0.0125086
139.5 -0.7612 0.670053 -0.0113622 -0.0126041
140 -0.766854 0.663727 -0.0112539 -0.0126987
140.5 -0.772454 0.657354 -0.0111447 -0.0127924
141 -0.777999 0.650935 -0.0110348 -0.0128851
141.5 -0.783489 0.644469 -0.0109242 -0.0129769
142 -0.788923 0.637958 -0.0108128 -0.0130678
142.5 -0.794302 0.631401 -0.0107006 -0.0131577
143 -0.799624 0.6248 -0.0105878 -0.0132466
143.5 -0.804889 0.618155 -0.0104742 -0.0133346
144 -0.810098 0.611465 -0.0103599 -0.0134216
144.5 -0.815249 0.604733 -0.0102449 -0.0135077
145 -0.820343 0.597958 -0.0101293 -0.0135927
145.5 -0.825379 0.59114 -0.0100129 -0.0136768
146 -0.830356 0.584281 -0.00989586 -0.0137599
146.5 -0.835274 0.57738 -0.00977815 -0.013842
147 -0.840134 0.570439 -0.00965978 -0.0139231
147.5 -0.844934 0.563457 -0.00954076 -0.0140032
148 -0.849675 0.556436 -0.00942109 -0.0140823
148.5 -0.854355 0.549375 -0.00930078 -0.0141603
149 -0.858975 0.542275 -0.00917985 -0.0142374
149.5 -0.863535 0.535138 -0.0090583 -0.0143134
150 -0.868034 0.527962 -0.00893614 -0.0143884
150.5 -0.872471 0.520749 -0.00881338 -0.0144624
151 -0.876847 0.5135 -0.00869002 -0.0145353
151.5 -0.881161 0.506214 -0.00856608 -0.0146072
152 -0.885413 0.498892 -0.00844157 -0.0146781
152.5 -0.889603 0.491536 -0.00831648 -0.0147478
153 -0.89373 0.484145 -0.00819084 -0.0148166
153.5 -0.897794 0.476719 -0.00806465 -0.0148843
154 -0.901794 0.46926 -0.00793791 -0.0149509
154.5 -0.905732 0.461768 -0.00781064 -0.0150164
155 -0.909605 0.454244 -0.00768285 -0.0150809
155.5 -0.913414 0.446687 -0.00755455 -0.0151443
156 -0.91716 0.4391 -0.00742574 -0.0152067
156.5 -0.92084 0.431481 -0.00729643 -0.0152679
157 -0.924456 0.423832 -0.00716663 -0.0153281
157.5 -0.928007 0.416153 -0.00703635 -0.0153872
158 -0.931492 0.408444 -0.0069056 -0.0154451
158.5 -0.934912 0.400708 -0.00677439 -0.015502
159 -0.938267 0.392942 -0.00664272 -0.0155578
159.5 -0.941555 0.38515 -0.00651061 -0.0156125
160 -0.944777 0.37733 -0.00637807 -0.0156661
160.5 -0.947933 0.369484 -0.0062451 -0.0157185
161 -0.951022 0.361611 -0.00611172 -0.0157699
161.5 -0.954045 0.353714 -0.00597792 -0.0158201
162 -0.957 0.345791 -0.00584373 -0.0158692
162.5 -0.959889 0.337845 -0.00570914 -0.0159172
163 -0.96271 0.329874 -0.00557418 -0.0159641
163.5 -0.965463 0.32188 -0.00543884 -0.0160099
164 -0.968148 0.313864 -0.00530315 -0.0160545
164.5 -0.970766 0.305826 -0.00516709 -0.016098
165 -0.973315 0.297766 -0.0050307 -0.0161403
165.5 -0.975797 0.289686 -0.00489397 -0.0161815
166 -0.978209 0.281585 -0.00475691 -0.0162216
166.5 -0.980554 0.273464 -0.00461954 -0.0162605
167 -0.982829 0.265324 -0.00448186 -0.0162983
167.5 -0.985035 0.257166 -0.00434388 -0.0163349
168 -0.987173 0.248989 -0.00420561 -0.0163704
168.5 -0.989241 0.240795 -0.00406706 -0.0164047
169 -0.99124 0.232585 -0.00392824 -0.0164379
169.5 -0.993169 0.224357 -0.00378916 -0.0164699
170 -0.995029 0.216115 -0.00364983 -0.0165008
170.5 -0.996819 0.207857 -0.00351026 -0.0165305
171 -0.998539 0.199584 -0.00337045 -0.0165591
171.5 -1.00019 0.191298 -0.00323042 -0.0165865
172 -1.00177 0.182998 -0.00309017 -0.0166127
172.5 -1.00328 0.174685 -0.00294972 -0.0166377
173 -1.00472 0.16636 -0.00280908 -0.0166616
173.5 -1.00609 0.158023 -0.00266824 -0.0166843
174 -1.00739 0.149676 -0.00252723 -0.0167059
174.5 -1.00862 0.141317 -0.00238606 -0.0167263
175 -1.00977 0.132949 -0.00224472 -0.0167455
175.5 -1.01086 0.124572 -0.00210324 -0.0167635
176 -1.01188 0.116186 -0.00196161 -0.0167804
176.5 -1.01282 0.107792 -0.00181986 -0.016796
177 -1.0137 0.0993897 -0.00167798 -0.0168105
177.5 -1.0145 0.090981 -0.00153599 -0.0168239
178 -1.01523 0.0825659 -0.00139391 -0.016836
178.5 -1.01589 0.074145 -0.00125173 -0.016847
179 -1.01648 0.0657189 -0.00110946 -0.0168568
179.5 -1.017 0.0572882 -0.000967124 -0.0168654
180 -1.01745 0.0488535 -0.000824723 -0.0168728
180.5 -1.01783 0.0404154 -0.000682267 -0.0168791
181 -1.01813 0.0319744 -0.000539765 -0.0168841
181.5 -1.01837 0.0235312 -0.000397228 -0.016888
182 -1.01853 0.0150864 -0.000254665 -0.0168907
182.5 -1.01862 0.00664049 -0.000112084 -0.0168922
183 -1.01864 -0.00180587 3.05036e-05 -0.0168926
183.5 -1.01859 -0.0102521 0.000173089 -0.0168917
184 -1.01847 -0.0186976 0.000315664 -0.0168897
184.5 -1.01828 -0.0271418 0.000458217 -0.0168865
185 -1.01801 -0.0355841 0.00060074 -0.0168821
185.5 -1.01768 -0.0440239 0.000743223 -0.0168765
186 -1.01727 -0.0524607 0.000885657 -0.0168698
186.5 -1.01679 -0.0608937 0.00102803 -0.0168619
187 -1.01624 -0.0693225 0.00117034 -0.0168527
187.5 -1.01562 -0.0777465 0.00131257 -0.0168424
188 -1.01493 -0.086165 0.00145471 -0.016831
188.5 -1.01417 -0.0945774 0.00159676 -0.0168183
189 -1.01333 -0.102983 0.0017387 -0.0168045
189.5 -1.01243 -0.111382 0.00188052 -0.0167895
190 -1.01145 -0.119773 0.00202222 -0.0167733
190.5 -1.0104 -0.128155 0.00216379 -0.0167559
191 -1.00929 -0.136529 0.00230521 -0.0167374
191.5 -1.0081 -0.144893 0.00244648 -0.0167177
192 -1.00684 -0.153246 0.00258759 -0.0166968
192.5 -1.00551 -0.161589 0.00272852 -0.0166748
193 -1.00411 -0.169921 0.00286928 -0.0166516
193.5 -1.00264 -0.178241 0.00300984 -0.0166272
194 -1.0011 -0.186548 0.00315021 -0.0166016
194.5 -0.999492 -0.194843 0.00329036 -0.0165749
195 -0.997812 -0.203123 0.0034303 -0.016547
195.5 -0.996062 -0.21139 0.00357001 -0.016518
196 -0.994242 -0.219641 0.00370948 -0.0164878
196.5 -0.992352 -0.227877 0.0038487 -0.0164564
197 -0.990393 -0.236098 0.00398767 -0.0164239
197.5 -0.988365 -0.244301 0.00412637 -0.0163902
198 -0.986267 -0.252488 0.0042648 -0.0163554
198.5 -0.9841 -0.260657 0.00440295 -0.0163194
199 -0.981864 -0.268807 0.0045408 -0.0162823
199.5 -0.979559 -0.276939 0.00467835 -0.016244
200 -0.977185 -0.285051 0.00481559 -0.0162046
200.5 -0.974743 -0.293144 0.00495251 -0.016164
201 -0.972233 -0.301215 0.0050891 -0.0161223
201.5 -0.969654 -0.309266 0.00522535 -0.0160795
202 -0.967008 -0.317295 0.00536125 -0.0160355
202.5 -0.964293 -0.325301 0.0054968 -0.0159904
203 -0.961511 -0.333285 0.00563198 -0.0159442
203.5 -0.958661 -0.341246 0.00576678 -0.0158968
204 -0.955744 -0.349182 0.0059012 -0.0158484
204.5 -0.95276 -0.357094 0.00603522 -0.0157988
205 -0.949709 -0.364981 0.00616884 -0.0157481
205.5 -0.946591 -0.372842 0.00630205 -0.0156962
206 -0.943407 -0.380677 0.00643484 -0.0156433
206.5 -0.940156 -0.388485 0.0065672 -0.0155892
207 -0.93684 -0.396266 0.00669912 -0.0155341
207.5 -0.933457 -0.404019 0.00683059 -0.0154778
208 -0.930009 -0.411744 0.00696161 -0.0154205
208.5 -0.926495 -0.41944 0.00709216 -0.015362
209 -0.922917 -0.427106 0.00722223 -0.0153025
209.5 -0.919273 -0.434742 0.00735182 -0.0152419
210 -0.915565 -0.442348 0.00748092 -0.0151801
210.5 -0.911792 -0.449922 0.00760952 -0.0151173
211 -0.907955 -0.457465 0.0077376 -0.0150535
211.5 -0.904055 -0.464976 0.00786517 -0.0149885
212 -0.90009 -0.472454 0.00799221 -0.0149225
212.5 -0.896063 -0.479898 0.00811872 -0.0148555
213 -0.891972 -0.487309 0.00824468 -0.0147873
213.5 -0.887818 -0.494686 0.00837008 -0.0147181
214 -0.883602 -0.502027 0.00849492 -0.0146479
214.5 -0.879323 -0.509334 0.00861919 -0.0145766
215 -0.874982 -0.516604 0.00874289 -0.0145043
215.5 -0.87058 -0.523838 0.00886599 -0.0144309
216 -0.866116 -0.531035 0.0089885 -0.0143565
216.5 -0.861592 -0.538194 0.0091104 -0.014281
217 -0.857006 -0.545316 0.00923168 -0.0142046
217.5 -0.85236 -0.552399 0.00935235 -0.0141271
218 -0.847654 -0.559443 0.00947238 -0.0140486
218.5 -0.842887 -0.566447 0.00959178 -0.0139691
219 -0.838062 -0.573412 0.00971052 -0.0138885
219.5 -0.833177 -0.580336 0.00982861 -0.013807
220 -0.828233 -0.587219 0.00994604 -0.0137245
220.5 -0.823231 -0.594061 0.0100628 -0.013641
221 -0.81817 -0.60086 0.0101789 -0.0135565
221.5 -0.813052 -0.607617 0.0102942 -0.013471
222 -0.807876 -0.614331 0.0104089 -0.0133845
222.5 -0.802643 -0.621002 0.0105229 -0.0132971
223 -0.797353 -0.627628 0.0106362 -0.0132087
223.5 -0.792007 -0.63421 0.0107487 -0.0131194
224 -0.786605 -0.640747 0.0108605 -0.0130291
224.5 -0.781146 -0.647239 0.0109716 -0.0129378
225 -0.775633 -0.653685 0.0110819 -0.0128456
225.5 -0.770064 -0.660085 0.0111915 -0.0127525
226 -0.764441 -0.666438 0.0113003 -0.0126584
226.5 -0.758764 -0.672743 0.0114084 -0.0125634
227 -0.753033 -0.679001 0.0115157 -0.0124675
227.5 -0.747248 -0.685211 0.0116221 -0.0123707
228 -0.741411 -0.691372 0.0117278 -0.0122729
228.5 -0.735521 -0.697484 0.0118327 -0.0121743
229 -0.729578 -0.703546 0.0119368 -0.0120748
229.5 -0.723584 -0.709558 0.0120401 -0.0119743
230 -0.717538 -0.71552 0.0121425 -0.011873
230.5 -0.711441 -0.721431 0.0122441 -0.0117709
231 -0.705294 -0.727291 0.0123449 -0.0116678
231.5 -0.699096 -0.733099 0.0124448 -0.0115639
232 -0.692849 -0.738855 0.0125439 -0.0114591
232.5 -0.686552 -0.744558 0.0126421 -0.0113535
233 -0.680207 -0.750209 0.0127395 -0.011247
233.5 -0.673813 -0.755805 0.0128359 -0.0111397
234 -0.667371 -0.761348 0.0129315 -0.0110316
234.5 -0.660881 -0.766837 0.0130262 -0.0109226
235 -0.654345 -0.772271 0.01312 -0.0108129
235.5 -0.647761 -0.77765 0.0132129 -0.0107023
236 -0.641132 -0.782973 0.0133049 -0.0105909
236.5 -0.634456 -0.788241 0.013396 -0.0104787
237 -0.627736 -0.793452 0.0134861 -0.0103658
237.5 -0.62097 -0.798607 0.0135754 -0.010252
238 -0.61416 -0.803704 0.0136636 -0.0101375
238.5 -0.607307 -0.808744 0.013751 -0.0100222
239 -0.600409 -0.813726 0.0138373 -0.00990618
239.5 -0.593469 -0.81865 0.0139228 -0.00978939
240 -0.586487 -0.823516 0.0140072 -0.00967185
240.5 -0.579462 -0.828322 0.0140907 -0.00955358
241 -0.572396 -0.833069 0.0141732 -0.00943458
241.5 -0.565289 -0.837757 0.0142547 -0.00931486
242 -0.558141 -0.842384 0.0143352 -0.00919443
242.5 -0.550954 -0.846951 0.0144148 -0.00907329
243 -0.543727 -0.851457 0.0144933 -0.00895146
243.5 -0.53646 -0.855903 0.0145708 -0.00882893
244 -0.529156 -0.860286 0.0146473 -0.00870573
244.5 -0.521813 -0.864608 0.0147228 -0.00858186
245 -0.514433 -0.868868 0.0147972 -0.00845732
245.5 -0.507016 -0.873066 0.0148707 -0.00833212
246 -0.499562 -0.8772 0.014943 -0.00820628
246.5 -0.492073 -0.881272 0.0150144 -0.00807979
247 -0.484548 -0.88528 0.0150846 -0.00795268
247.5 -0.476988 -0.889225 0.0151538 -0.00782494
248 -0.469394 -0.893105 0.015222 -0.00769659
248.5 -0.461766 -0.896921 0.0152891 -0.00756763
249 -0.454105 -0.900673 0.0153551 -0.00743807
249.5 -0.446411 -0.904359 0.01542 -0.00730793
250 -0.438685 -0.907981 0.0154839 -0.0071772
250.5 -0.430927 -0.911536 0.0155466 -0.00704591
251 -0.423138 -0.915027 0.0156083 -0.00691405
251.5 -0.415319 -0.918451 0.0156688 -0.00678164
252 -0.40747 -0.921808 0.0157283 -0.00664869
252.5 -0.399591 -0.925099 0.0157866 -0.0065152
253 -0.391683 -0.928323 0.0158438 -0.00638118
253.5 -0.383747 -0.93148 0.0158999 -0.00624665
254 -0.375783 -0.93457 0.0159549 -0.0061116
254.5 -0.367792 -0.937592 0.0160087 -0.00597606
255 -0.359774 -0.940546 0.0160614 -0.00584003
255.5 -0.351731 -0.943432 0.016113 -0.00570352
256 -0.343661 -0.94625 0.0161634 -0.00556653
256.5 -0.335567 -0.948999 0.0162126 -0.00542909
257 -0.327449 -0.951679 0.0162607 -0.00529119
257.5 -0.319307 -0.95429 0.0163077 -0.00515285
258 -0.311141 -0.956832 0.0163534 -0.00501407
258.5 -0.302953 -0.959304 0.0163981 -0.00487487
259 -0.294743 -0.961706 0.0164415 -0.00473526
259.5 -0.286512 -0.964039 0.0164838 -0.00459524
260 -0.278259 -0.966302 0.0165248 -0.00445483
260.5 -0.269987 -0.968494 0.0165647 -0.00431403
261 -0.261695 -0.970616 0.0166034 -0.00417285
261.5 -0.253383 -0.972667 0.016641 -0.00403132
262 -0.245054 -0.974647 0.0166773 -0.00388942
262.5 -0.236706 -0.976556 0.0167124 -0.00374718
263 -0.228341 -0.978394 0.0167463 -0.0036046
263.5 -0.21996 -0.980161 0.016779 -0.0034617
264 -0.211562 -0.981856 0.0168105 -0.00331848
264.5 -0.203149 -0.983479 0.0168408 -0.00317495
265 -0.194721 -0.985031 0.0168699 -0.00303113
265.5 -0.186279 -0.98651 0.0168977 -0.00288702
266 -0.177824 -0.987918 0.0169244 -0.00274264
266.5 -0.169355 -0.989253 0.0169498 -0.00259799
267 -0.160874 -0.990516 0.0169739 -0.00245309
267.5 -0.152381 -0.991706 0.0169969 -0.00230795
268 -0.143877 -0.992824 0.0170186 -0.00216256
268.5 -0.135362 -0.993869 0.017039 -0.00201696
269 -0.126838 -0.994841 0.0170583 -0.00187114
269.5 -0.118304 -0.99574 0.0170762 -0.00172512
270 -0.109762 -0.996566 0.017093 -0.00157891
270.5 -0.101211 -0.997319 0.0171085 -0.00143251
271 -0.0926533 -0.997998 0.0171227 -0.00128594
271.5 -0.0840885 -0.998605 0.0171357 -0.00113922
272 -0.0755176 -0.999138 0.0171474 -0.000992338
272.5 -0.0669411 -0.999597 0.0171579 -0.000845321
273 -0.0583597 -0.999983 0.0171671 -0.000698174
273.5 -0.049774 -1.0003 0.0171751 -0.000550909
274 -0.0411846 -1.00053 0.0171818 -0.000403537
274.5 -0.0325922 -1.0007 0.0171872 -0.000256067
275 -0.0239974 -1.00079 0.0171914 -0.000108512
275.5 -0.0154008 -1.00081 0.0171943 3.91178e-05
276 -0.00680309 -1.00075 0.0171959 0.000186812
276.5 0.00179513 -1.00062 0.0171963 0.00033456
277 0.0103932 -1.00042 0.0171954 0.000482351
277.5 0.0189905 -1.00014 0.0171932 0.000630173
278 0.0275865 -0.999786 0.0171898 0.000778016
278.5 0.0361803 -0.99936 0.0171851 0.000925869
279 0.0447715 -0.99886 0.0171791 0.00107372
279.5 0.0533594 -0.998286 0.0171718 0.00122156
280 0.0619433 -0.997639 0.0171633 0.00136938
280.5 0.0705227 -0.996917 0.0171535 0.00151716
281 0.0790968 -0.996121 0.0171424 0.00166489
281.5 0.0876651 -0.995252 0.01713 0.00181257
282 0.0962268 -0.994309 0.0171164 0.00196019
282.5 0.104781 -0.993292 0.0171014 0.00210772
283 0.113328 -0.992201 0.0170852 0.00225517
283.5 0.121867 -0.991037 0.0170678 0.00240251
284 0.130396 -0.989799 0.017049 0.00254974
284.5 0.138916 -0.988487 0.017029 0.00269685
285 0.147425 -0.987102 0.0170077 0.00284383
285.5 0.155923 -0.985643 0.0169851 0.00299066
286 0.16441 -0.984111 0.0169613 0.00313733
286.5 0.172885 -0.982506 0.0169361 0.00328384
287 0.181346 -0.980827 0.0169097 0.00343016
287.5 0.189794 -0.979076 0.0168821 0.0035763
288 0.198228 -0.977251 0.0168531 0.00372224
288.5 0.206648 -0.975353 0.0168229 0.00386796
289 0.215051 -0.973383 0.0167914 0.00401346
289.5 0.223439 -0.97134 0.0167587 0.00415873
290 0.23181 -0.969224 0.0167246 0.00430374
290.5 0.240164 -0.967036 0.0166894 0.00444851
291 0.248499 -0.964776 0.0166528 0.004593
291.5 0.256816 -0.962443 0.016615 0.00473721
292 0.265114 -0.960039 0.0165759 0.00488113
292.5 0.273392 -0.957562 0.0165356 0.00502475
293 0.28165 -0.955014 0.016494 0.00516806
293.5 0.289886 -0.952394 0.0164512 0.00531104
294 0.298101 -0.949703 0.0164071 0.00545369
294.5 0.306293 -0.94694 0.0163617 0.00559599
295 0.314463 -0.944107 0.0163151 0.00573793
295.5 0.322608 -0.941202 0.0162673 0.0058795
296 0.33073 -0.938227 0.0162182 0.0060207
296.5 0.338827 -0.935182 0.0161679 0.0061615
297 0.346898 -0.932066 0.0161163 0.0063019
297.5 0.354943 -0.92888 0.0160635 0.00644188
298 0.362961 -0.925624 0.0160095 0.00658144
298.5 0.370952 -0.922298 0.0159542 0.00672056
299 0.378916 -0.918903 0.0158978 0.00685924
299.5 0.38685 -0.915439 0.0158401 0.00699746
300 0.394756 -0.911906 0.0157811 0.00713521
300.5 0.402631 -0.908304 0.015721 0.00727248
301 0.410477 -0.904633 0.0156597 0.00740925
301.5 0.418291 -0.900895 0.0155971 0.00754553
302 0.426074 -0.897088 0.0155333 0.00768129
302.5 0.433824 -0.893213 0.0154684 0.00781653
303 0.441542 -0.889271 0.0154022 0.00795123
303.5 0.449227 -0.885262 0.0153349 0.00808539
304 0.456877 -0.881186 0.0152664 0.00821899
304.5 0.464493 -0.877043 0.0151966 0.00835203
305 0.472074 -0.872834 0.0151258 0.00848448
305.5 0.479619 -0.868559 0.0150537 0.00861635
306 0.487127 -0.864218 0.0149805 0.00874762
306.5 0.494599 -0.859811 0.0149061 0.00887828
307 0.502033 -0.855339 0.0148305 0.00900831
307.5 0.50943 -0.850803 0.0147538 0.00913772
308 0.516787 -0.846202 0.0146759 0.00926648
308.5 0.524106 -0.841536 0.0145969 0.00939459
309 0.531384 -0.836807 0.0145168 0.00952203
309.5 0.538622 -0.832014 0.0144355 0.0096488
310 0.54582 -0.827158 0.0143531 0.00977489
310.5 0.552975 -0.822239 0.0142695 0.00990028
311 0.560089 -0.817258 0.0141849 0.010025
311.5 0.56716 -0.812214 0.0140991 0.0101489
312 0.574188 -0.807109 0.0140122 0.0102722
312.5 0.581172 -0.801942 0.0139243 0.0103947
313 0.588112 -0.796714 0.0138352 0.0105165
313.5 0.595008 -0.791426 0.0137451 0.0106375
314 0.601858 -0.786077 0.0136538 0.0107577
314.5 0.608662 -0.780668 0.0135615 0.0108772
315 0.615419 -0.7752 0.0134682 0.0109959
315.5 0.62213 -0.769672 0.0133737 0.0111137
316 0.628793 -0.764086 0.0132782 0.0112308
316.5 0.635408 -0.758441 0.0131817 0.0113471
317 0.641975 -0.752739 0.0130841 0.0114625
317.5 0.648492 -0.746979 0.0129855 0.0115771
318 0.65496 -0.741162 0.0128859 0.0116909
318.5 0.661378 -0.735288 0.0127852 0.0118038
319 0.667745 -0.729358 0.0126836 0.0119158
319.5 0.674062 -0.723372 0.0125809 0.012027
320 0.680326 -0.717331 0.0124772 0.0121372
320.5 0.686539 -0.711235 0.0123726 0.0122466
321 0.692699 -0.705084 0.0122669 0.0123551
321.5 0.698806 -0.69888 0.0121603 0.0124627
322 0.704859 -0.692622 0.0120527 0.0125693
322.5 0.710858 -0.68631 0.0119442 0.0126751
323 0.716803 -0.679947 0.0118347 0.0127798
323.5 0.722693 -0.673531 0.0117242 0.0128837
324 0.728527 -0.667063 0.0116129 0.0129866
324.5 0.734306 -0.660544 0.0115006 0.0130885
325 0.740028 -0.653974 0.0113873 0.0131894
325.5 0.745693 -0.647355 0.0112732 0.0132894
326 0.751301 -0.640685 0.0111582 0.0133884
326.5 0.756851 -0.633966 0.0110423 0.0134863
327 0.762343 -0.627199 0.0109255 0.0135833
327.5 0.767777 -0.620383 0.0108078 0.0136792
328 0.773151 -0.613519 0.0106893 0.0137742
328.5 0.778466 -0.606609 0.0105699 0.0138681
329 0.783721 -0.599651 0.0104496 0.0139609
329.5 0.788916 -0.592648 0.0103285 0.0140527
330 0.79405 -0.585599 0.0102066 0.0141434
330.5 0.799122 -0.578504 0.0100839 0.0142331
331 0.804134 -0.571366 0.00996034 0.0143217
331.5 0.809083 -0.564183 0.00983599 0.0144093
332 0.813969 -0.556956 0.00971086 0.0144957
332.5 0.818794 -0.549687 0.00958494 0.014581
333 0.823554 -0.542375 0.00945825 0.0146653
333.5 0.828252 -0.535022 0.0093308 0.0147484
334 0.832885 -0.527627 0.0092026 0.0148304
334.5 0.837454 -0.520191 0.00907365 0.0149113
335 0.841959 -0.512716 0.00894398 0.0149911
335.5 0.846398 -0.5052 0.00881358 0.0150697
336 0.850772 -0.497646 0.00868247 0.0151472
336.5 0.855081 -0.490053 0.00855066 0.0152235
337 0.859323 -0.482422 0.00841815 0.0152986
337.5 0.863499 -0.474754 0.00828497 0.0153726
338 0.867608 -0.46705 0.00815112 0.0154454
338.5 0.87165 -0.459309 0.0080166 0.0155171
339 0.875625 -0.451533 0.00788144 0.0155876
339.5 0.879532 -0.443721 0.00774564 0.0156568
340 0.88337 -0.435876 0.00760921 0.0157249
340.5 0.887141 -0.427997 0.00747216 0.0157918
341 0.890843 -0.420084 0.00733451 0.0158574
341.5 0.894475 -0.412139 0.00719627 0.0159219
342 0.898039 -0.404162 0.00705743 0.0159851
342.5 0.901533 -0.396154 0.00691803 0.0160471
343 0.904957 -0.388115 0.00677806 0.0161078
343.5 0.908311 -0.380046 0.00663755 0.0161674
344 0.911594 -0.371948 0.00649649 0.0162257
344.5 0.914807 -0.363821 0.00635491 0.0162827
345 0.917949 -0.355665 0.0062128 0.0163385
345.5 0.92102 -0.347482 0.0060702 0.016393
346 0.924019 -0.339272 0.0059271 0.0164463
346.5 0.926947 -0.331036 0.00578351 0.0164983
347 0.929803 -0.322774 0.00563946 0.016549
347.5 0.932587 -0.314487 0.00549494 0.0165984
348 0.935298 -0.306175 0.00534998 0.0166466
348.5 0.937937 -0.29784 0.00520458 0.0166935
349 0.940502 -0.289482 0.00505876 0.0167391
349.5 0.942995 -0.281101 0.00491253 0.0167834
350 0.945415 -0.272699 0.00476589 0.0168264
350.5 0.947761 -0.264275 0.00461886 0.0168681
351 0.950034 -0.25583 0.00447146 0.0169085
351.5 0.952233 -0.247366 0.00432369 0.0169476
352 0.954358 -0.238883 0.00417557 0.0169854
352.5 0.956408 -0.230381 0.00402711 0.0170218
353 0.958385 -0.221861 0.00387832 0.017057
353.5 0.960287 -0.213324 0.00372922 0.0170908
354 0.962114 -0.20477 0.0035798 0.0171233
354.5 0.963866 -0.196201 0.0034301 0.0171544
355 0.965544 -0.187616 0.00328011 0.0171843
355.5 0.967147 -0.179016 0.00312986 0.0172128
356 0.968674 -0.170403 0.00297935 0.0172399
356.5 0.970126 -0.161776 0.0028286 0.0172658
357 0.971502 -0.153137 0.00267761 0.0172903
357.5 0.972803 -0.144486 0.00252641 0.0173134
358 0.974029 -0.135824 0.002375 0.0173352
358.5 0.975178 -0.127151 0.00222339 0.0173557
359 0.976252 -0.118468 0.00207161 0.0173748
359.5 0.97725 -0.109776 0.00191965 0.0173925
360 0.978172 -0.101076 0.00176754 0.0174089
360.5 0.979018 -0.0923673 0.00161528 0.017424
361 0.979787 -0.0836517 0.00146289 0.0174377
361.5 0.980481 -0.0749296 0.00131038 0.01745
362 0.981098 -0.0662017 0.00115776 0.017461
362.5 0.981638 -0.0574686 0.00100505 0.0174706
363 0.982103 -0.0487311 0.000852252 0.0174789
363.5 0.982491 -0.0399898 0.000699387 0.0174858
364 0.982802 -0.0312453 0.000546465 0.0174913
364.5 0.983037 -0.0224985 0.000393498 0.0174955
365 0.983196 -0.0137498 0.000240499 0.0174983
