0 -2.9533e-06 -0 0.98329 0 -0 -5.25611e-08 0 0.0175
0.5 -2.95319e-06 -2.62805e-08 0.983252 0.00875 4.59604e-10 -5.2559e-08 -0.000153024 0.0174993
1 -2.95284e-06 -5.2559e-08 0.983137 0.0174993 9.19171e-10 -5.25529e-08 -0.000306034 0.0174973
1.5 -2.95227e-06 -7.88334e-08 0.982946 0.0262473 1.37866e-09 -5.25427e-08 -0.00045902 0.0174939
2 -2.95146e-06 -1.05102e-07 0.982678 0.0349932 1.83804e-09 -5.25284e-08 -0.000611969 0.0174891
2.5 -2.95043e-06 -1.31362e-07 0.982334 0.0437364 2.29727e-09 -5.251e-08 -0.000764867 0.017483
3 -2.94917e-06 -1.57612e-07 0.981913 0.0524762 2.75631e-09 -5.24875e-08 -0.000917702 0.0174755
3.5 -2.94767e-06 -1.83849e-07 0.981416 0.0612119 3.21512e-09 -5.24609e-08 -0.00107046 0.0174666
4 -2.94595e-06 -2.10073e-07 0.980843 0.0699428 3.67367e-09 -5.24303e-08 -0.00122314 0.0174564
4.5 -2.944e-06 -2.36279e-07 0.980193 0.0786683 4.13192e-09 -5.23955e-08 -0.00137571 0.0174449
5 -2.94182e-06 -2.62468e-07 0.979467 0.0873877 4.58983e-09 -5.23567e-08 -0.00152817 0.017432
5.5 -2.93941e-06 -2.88636e-07 0.978665 0.0961003 5.04737e-09 -5.23138e-08 -0.0016805 0.0174177
6 -2.93677e-06 -3.14782e-07 0.977786 0.104805 5.50449e-09 -5.22669e-08 -0.0018327 0.0174021
6.5 -2.9339e-06 -3.40903e-07 0.976832 0.113502 5.96116e-09 -5.22159e-08 -0.00198475 0.0173851
7 -2.93081e-06 -3.66998e-07 0.975802 0.12219 6.41735e-09 -5.21608e-08 -0.00213663 0.0173667
7.5 -2.92749e-06 -3.93064e-07 0.974695 0.130869 6.873e-09 -5.21017e-08 -0.00228834 0.0173471
8 -2.92394e-06 -4.191e-07 0.973513 0.139538 7.3281e-09 -5.20386e-08 -0.00243986 0.017326
8.5 -2.92016e-06 -4.45103e-07 0.972256 0.148195 7.78259e-09 -5.19713e-08 -0.00259118 0.0173037
9 -2.91615e-06 -4.71071e-07 0.970922 0.156841 8.23645e-09 -5.19001e-08 -0.00274229 0.0172799
9.5 -2.91192e-06 -4.97003e-07 0.969513 0.165475 8.68964e-09 -5.18248e-08 -0.00289318 0.0172549
10 -2.90746e-06 -5.22896e-07 0.968029 0.174096 9.14211e-09 -5.17455e-08 -0.00304383 0.0172285
10.5 -2.90278e-06 -5.48748e-07 0.966469 0.182704 9.59383e-09 -5.16622e-08 -0.00319423 0.0172007
11 -2.89787e-06 -5.74558e-07 0.964835 0.191297 1.00448e-08 -5.15749e-08 -0.00334437 0.0171717
11.5 -2.89274e-06 -6.00323e-07 0.963125 0.199875 1.04949e-08 -5.14836e-08 -0.00349423 0.0171412
12 -2.88738e-06 -6.26041e-07 0.961341 0.208438 1.09442e-08 -5.13882e-08 -0.00364381 0.0171095
12.5 -2.88179e-06 -6.51711e-07 0.959481 0.216985 1.13925e-08 -5.12889e-08 -0.0037931 0.0170764
13 -2.87598e-06 -6.7733e-07 0.957547 0.225514 1.184e-08 -5.11857e-08 -0.00394207 0.0170421
13.5 -2.86995e-06 -7.02897e-07 0.955539 0.234027 1.22864e-08 -5.10784e-08 -0.00409072 0.0170064
14 -2.8637e-06 -7.28409e-07 0.953457 0.242521 1.27319e-08 -5.09672e-08 -0.00423903 0.0169693
14.5 -2.85722e-06 -7.53864e-07 0.9513 0.250996 1.31763e-08 -5.08521e-08 -0.004387 0.016931
15 -2.85052e-06 -7.79261e-07 0.94907 0.259452 1.36197e-08 -5.0733e-08 -0.00453461 0.0168913
15.5 -2.8436e-06 -8.04597e-07 0.946766 0.267887 1.40619e-08 -5.061e-08 -0.00468185 0.0168504
16 -2.83646e-06 -8.29871e-07 0.944388 0.276302 1.4503e-08 -5.0483e-08 -0.00482871 0.0168081
16.5 -2.8291e-06 -8.5508e-07 0.941937 0.284696 1.49429e-08 -5.03522e-08 -0.00497518 0.0167646
17 -2.82152e-06 -8.80223e-07 0.939413 0.293067 1.53816e-08 -5.02175e-08 -0.00512124 0.0167197
17.5 -2.81372e-06 -9.05298e-07 0.936816 0.301415 1.5819e-08 -5.00789e-08 -0.00526688 0.0166736
18 -2.8057e-06 -9.30302e-07 0.934146 0.30974 1.62552e-08 -4.99364e-08 -0.00541209 0.0166261
18.5 -2.79746e-06 -9.55234e-07 0.931403 0.318041 1.669e-08 -4.97901e-08 -0.00555686 0.0165774
19 -2.78901e-06 -9.80092e-07 0.928589 0.326318 1.71234e-08 -4.96399e-08 -0.00570118 0.0165274
19.5 -2.78034e-06 -1.00487e-06 0.925702 0.334569 1.75555e-08 -4.94859e-08 -0.00584503 0.0164761
20 -2.77145e-06 -1.02958e-06 0.922744 0.342794 1.79861e-08 -4.93281e-08 -0.00598841 0.0164236
20.5 -2.76235e-06 -1.0542e-06 0.919714 0.350992 1.84153e-08 -4.91665e-08 -0.0061313 0.0163698
21 -2.75304e-06 -1.07874e-06 0.916613 0.359164 1.8843e-08 -4.90011e-08 -0.00627369 0.0163147
21.5 -2.74351e-06 -1.1032e-06 0.91344 0.367307 1.92691e-08 -4.8832e-08 -0.00641557 0.0162584
22 -2.73377e-06 -1.12758e-06 0.910197 0.375422 1.96937e-08 -4.86591e-08 -0.00655693 0.0162008
22.5 -2.72381e-06 -1.15186e-06 0.906883 0.383508 2.01166e-08 -4.84824e-08 -0.00669775 0.016142
23 -2.71365e-06 -1.17606e-06 0.903499 0.391564 2.0538e-08 -4.8302e-08 -0.00683803 0.016082
23.5 -2.70328e-06 -1.20016e-06 0.900045 0.39959 2.09576e-08 -4.81179e-08 -0.00697776 0.0160207
24 -2.69269e-06 -1.22418e-06 0.896522 0.407585 2.13756e-08 -4.79301e-08 -0.00711692 0.0159582
24.5 -2.6819e-06 -1.24809e-06 0.892928 0.415548 2.17918e-08 -4.77387e-08 -0.0072555 0.0158944
25 -2.6709e-06 -1.27192e-06 0.889266 0.423479 2.22063e-08 -4.75436e-08 -0.00739349 0.0158294
25.5 -2.65969e-06 -1.29564e-06 0.885535 0.431378 2.26189e-08 -4.73448e-08 -0.00753088 0.0157633
26 -2.64828e-06 -1.31926e-06 0.881735 0.439243 2.30297e-08 -4.71424e-08 -0.00766766 0.0156959
26.5 -2.63666e-06 -1.34278e-06 0.877867 0.447073 2.34387e-08 -4.69364e-08 -0.00780382 0.0156273
27 -2.62484e-06 -1.3662e-06 0.873931 0.45487 2.38458e-08 -4.67268e-08 -0.00793935 0.0155575
27.5 -2.61282e-06 -1.38951e-06 0.869928 0.462631 2.42509e-08 -4.65137e-08 -0.00807424 0.0154866
28 -2.60059e-06 -1.41271e-06 0.865857 0.470356 2.4654e-08 -4.6297e-08 -0.00820847 0.0154144
28.5 -2.58817e-06 -1.4358e-06 0.861719 0.478045 2.50552e-08 -4.60768e-08 -0.00834203 0.0153411
29 -2.57554e-06 -1.45879e-06 0.857515 0.485697 2.54544e-08 -4.5853e-08 -0.00847493 0.0152666
29.5 -2.56271e-06 -1.48166e-06 0.853244 0.493312 2.58514e-08 -4.56258e-08 -0.00860713 0.0151909
30 -2.54969e-06 -1.50441e-06 0.848908 0.500888 2.62464e-08 -4.53951e-08 -0.00873864 0.0151141
30.5 -2.53646e-06 -1.52705e-06 0.844506 0.508426 2.66393e-08 -4.51609e-08 -0.00886945 0.0150361
31 -2.52305e-06 -1.54957e-06 0.840038 0.515925 2.703e-08 -4.49233e-08 -0.00899954 0.014957
31.5 -2.50943e-06 -1.57198e-06 0.835506 0.523383 2.74186e-08 -4.46823e-08 -0.0091289 0.0148768
32 -2.49563e-06 -1.59426e-06 0.83091 0.530801 2.78049e-08 -4.44379e-08 -0.00925753 0.0147954
32.5 -2.48163e-06 -1.61641e-06 0.826249 0.538179 2.8189e-08 -4.41902e-08 -0.00938541 0.0147129
33 -2.46744e-06 -1.63845e-06 0.821524 0.545514 2.85708e-08 -4.39391e-08 -0.00951253 0.0146293
33.5 -2.45306e-06 -1.66035e-06 0.816736 0.552808 2.89503e-08 -4.36846e-08 -0.00963889 0.0145446
34 -2.43849e-06 -1.68213e-06 0.811885 0.560059 2.93275e-08 -4.34269e-08 -0.00976447 0.0144588
34.5 -2.42373e-06 -1.70378e-06 0.806972 0.567267 2.97023e-08 -4.31659e-08 -0.00988927 0.0143719
35 -2.40879e-06 -1.7253e-06 0.801996 0.574431 3.00747e-08 -4.29016e-08 -0.0100133 0.0142839
35.5 -2.39366e-06 -1.74668e-06 0.796958 0.581551 3.04448e-08 -4.26341e-08 -0.0101365 0.0141949
36 -2.37834e-06 -1.76793e-06 0.79186 0.588626 3.08123e-08 -4.23634e-08 -0.0102588 0.0141047
36.5 -2.36284e-06 -1.78904e-06 0.7867 0.595655 3.11774e-08 -4.20895e-08 -0.0103804 0.0140135
37 -2.34716e-06 -1.81002e-06 0.781479 0.602639 3.154e-08 -4.18124e-08 -0.0105011 0.0139213
37.5 -2.3313e-06 -1.83086e-06 0.776198 0.609577 3.19001e-08 -4.15322e-08 -0.010621 0.013828
38 -2.31526e-06 -1.85155e-06 0.770858 0.616467 3.22576e-08 -4.12489e-08 -0.01074 0.0137336
38.5 -2.29905e-06 -1.87211e-06 0.765458 0.62331 3.26125e-08 -4.09624e-08 -0.0108582 0.0136383
39 -2.28265e-06 -1.89252e-06 0.76 0.630105 3.29648e-08 -4.0673e-08 -0.0109755 0.0135419
39.5 -2.26608e-06 -1.91278e-06 0.754483 0.636852 3.33145e-08 -4.03804e-08 -0.0110919 0.0134445
40 -2.24934e-06 -1.9329e-06 0.748908 0.64355 3.36615e-08 -4.00849e-08 -0.0112075 0.0133461
40.5 -2.23242e-06 -1.95286e-06 0.743275 0.650198 3.40058e-08 -3.97864e-08 -0.0113221 0.0132467
41 -2.21533e-06 -1.97268e-06 0.737586 0.656797 3.43475e-08 -3.94849e-08 -0.0114358 0.0131463
41.5 -2.19807e-06 -1.99235e-06 0.73184 0.663345 3.46863e-08 -3.91804e-08 -0.0115487 0.013045
42 -2.18065e-06 -2.01186e-06 0.726037 0.669842 3.50224e-08 -3.88731e-08 -0.0116606 0.0129426
42.5 -2.16305e-06 -2.03122e-06 0.720179 0.676287 3.53557e-08 -3.85628e-08 -0.0117715 0.0128393
43 -2.14529e-06 -2.05043e-06 0.714266 0.682681 3.56862e-08 -3.82498e-08 -0.0118816 0.0127351
43.5 -2.12736e-06 -2.06947e-06 0.708297 0.689022 3.60138e-08 -3.79338e-08 -0.0119907 0.0126299
44 -2.10928e-06 -2.08836e-06 0.702275 0.695311 3.63386e-08 -3.76151e-08 -0.0120988 0.0125238
44.5 -2.09103e-06 -2.10709e-06 0.696199 0.701546 3.66605e-08 -3.72936e-08 -0.012206 0.0124167
45 -2.07262e-06 -2.12565e-06 0.690069 0.707728 3.69795e-08 -3.69693e-08 -0.0123122 0.0123088
45.5 -2.05405e-06 -2.14406e-06 0.683887 0.713855 3.72955e-08 -3.66423e-08 -0.0124174 0.0121999
46 -2.03532e-06 -2.16229e-06 0.677652 0.719928 3.76086e-08 -3.63126e-08 -0.0125216 0.0120901
46.5 -2.01644e-06 -2.18037e-06 0.671365 0.725945 3.79187e-08 -3.59803e-08 -0.0126249 0.0119795
47 -1.9974e-06 -2.19828e-06 0.665027 0.731907 3.82258e-08 -3.56453e-08 -0.0127271 0.011868
47.5 -1.97821e-06 -2.21601e-06 0.658638 0.737813 3.85298e-08 -3.53077e-08 -0.0128284 0.0117556
48 -1.95887e-06 -2.23358e-06 0.652198 0.743663 3.88308e-08 -3.49675e-08 -0.0129286 0.0116423
48.5 -1.93938e-06 -2.25098e-06 0.645709 0.749455 3.91288e-08 -3.46247e-08 -0.0130278 0.0115282
49 -1.91974e-06 -2.26821e-06 0.639171 0.755191 3.94236e-08 -3.42795e-08 -0.0131259 0.0114132
49.5 -1.89996e-06 -2.28526e-06 0.632583 0.760869 3.97153e-08 -3.39317e-08 -0.0132231 0.0112974
50 -1.88003e-06 -2.30214e-06 0.625948 0.766488 4.00039e-08 -3.35815e-08 -0.0133192 0.0111808
50.5 -1.85995e-06 -2.31884e-06 0.619264 0.772049 4.02894e-08 -3.32288e-08 -0.0134142 0.0110634
51 -1.83974e-06 -2.33537e-06 0.612533 0.777552 4.05716e-08 -3.28737e-08 -0.0135082 0.0109452
51.5 -1.81938e-06 -2.35172e-06 0.605756 0.782995 4.08507e-08 -3.25162e-08 -0.0136011 0.0108262
52 -1.79889e-06 -2.36788e-06 0.598932 0.788378 4.11265e-08 -3.21564e-08 -0.0136929 0.0107064
52.5 -1.77826e-06 -2.38387e-06 0.592063 0.793701 4.13991e-08 -3.17943e-08 -0.0137837 0.0105858
53 -1.75749e-06 -2.39968e-06 0.585149 0.798964 4.16685e-08 -3.14299e-08 -0.0138734 0.0104645
53.5 -1.73659e-06 -2.4153e-06 0.57819 0.804165 4.19346e-08 -3.10632e-08 -0.013962 0.0103424
54 -1.71555e-06 -2.43074e-06 0.571187 0.809306 4.21974e-08 -3.06943e-08 -0.0140495 0.0102195
54.5 -1.69439e-06 -2.446e-06 0.56414 0.814385 4.24569e-08 -3.03232e-08 -0.0141358 0.010096
55 -1.6731e-06 -2.46107e-06 0.557051 0.819402 4.2713e-08 -2.99499e-08 -0.0142211 0.00997171
55.5 -1.65168e-06 -2.47595e-06 0.549919 0.824357 4.29658e-08 -2.95745e-08 -0.0143053 0.00984673
56 -1.63013e-06 -2.49064e-06 0.542746 0.829249 4.32153e-08 -2.9197e-08 -0.0143884 0.00972104
56.5 -1.60846e-06 -2.50514e-06 0.535531 0.834078 4.34614e-08 -2.88175e-08 -0.0144703 0.00959466
57 -1.58667e-06 -2.51946e-06 0.528275 0.838843 4.3704e-08 -2.84358e-08 -0.0145511 0.0094676
57.5 -1.56476e-06 -2.53358e-06 0.52098 0.843545 4.39433e-08 -2.80522e-08 -0.0146307 0.00933987
58 -1.54273e-06 -2.54751e-06 0.513644 0.848183 4.41791e-08 -2.76666e-08 -0.0147093 0.00921148
58.5 -1.52058e-06 -2.56125e-06 0.50627 0.852757 4.44115e-08 -2.7279e-08 -0.0147866 0.00908245
59 -1.49831e-06 -2.57479e-06 0.498858 0.857266 4.46404e-08 -2.68896e-08 -0.0148629 0.00895277
59.5 -1.47594e-06 -2.58814e-06 0.491408 0.861709 4.48659e-08 -2.64982e-08 -0.0149379 0.00882247
60 -1.45345e-06 -2.60129e-06 0.48392 0.866088 4.50878e-08 -2.6105e-08 -0.0150118 0.00869155
60.5 -1.43085e-06 -2.61424e-06 0.476396 0.870401 4.53063e-08 -2.571e-08 -0.0150846 0.00856003
61 -1.40814e-06 -2.627e-06 0.468835 0.874648 4.55212e-08 -2.53131e-08 -0.0151561 0.00842791
61.5 -1.38533e-06 -2.63955e-06 0.46124 0.878829 4.57327e-08 -2.49146e-08 -0.0152265 0.00829521
62 -1.36241e-06 -2.65191e-06 0.453609 0.882943 4.59405e-08 -2.45143e-08 -0.0152957 0.00816193
62.5 -1.33939e-06 -2.66407e-06 0.445944 0.886991 4.61448e-08 -2.41123e-08 -0.0153637 0.00802809
63 -1.31626e-06 -2.67602e-06 0.438245 0.890971 4.63456e-08 -2.37087e-08 -0.0154306 0.0078937
63.5 -1.29304e-06 -2.68778e-06 0.430513 0.894885 4.65427e-08 -2.33034e-08 -0.0154962 0.00775877
64 -1.26972e-06 -2.69933e-06 0.422749 0.89873 4.67363e-08 -2.28965e-08 -0.0155607 0.00762331
64.5 -1.24631e-06 -2.71067e-06 0.414953 0.902508 4.69262e-08 -2.24881e-08 -0.0156239 0.00748733
65 -1.2228e-06 -2.72181e-06 0.407125 0.906217 4.71125e-08 -2.20782e-08 -0.0156859 0.00735084
65.5 -1.19919e-06 -2.73275e-06 0.399267 0.909859 4.72952e-08 -2.16667e-08 -0.0157468 0.00721385
66 -1.1755e-06 -2.74348e-06 0.391378 0.913431 4.74743e-08 -2.12538e-08 -0.0158064 0.00707638
66.5 -1.15172e-06 -2.75401e-06 0.38346 0.916935 4.76497e-08 -2.08395e-08 -0.0158648 0.00693843
67 -1.12785e-06 -2.76432e-06 0.375513 0.92037 4.78214e-08 -2.04238e-08 -0.0159219 0.00680002
67.5 -1.1039e-06 -2.77443e-06 0.367538 0.923735 4.79895e-08 -2.00067e-08 -0.0159779 0.00666115
68 -1.07986e-06 -2.78433e-06 0.359536 0.927031 4.81538e-08 -1.95883e-08 -0.0160326 0.00652184
68.5 -1.05574e-06 -2.79402e-06 0.351506 0.930257 4.83145e-08 -1.91686e-08 -0.0160861 0.0063821
69 -1.03155e-06 -2.8035e-06 0.343449 0.933413 4.84715e-08 -1.87476e-08 -0.0161384 0.00624194
69.5 -1.00727e-06 -2.81276e-06 0.335367 0.936499 4.86248e-08 -1.83254e-08 -0.0161894 0.00610137
70 -9.82922e-07 -2.82182e-06 0.32726 0.939514 4.87743e-08 -1.7902e-08 -0.0162392 0.0059604
70.5 -9.58498e-07 -2.83067e-06 0.319128 0.942459 4.89201e-08 -1.74775e-08 -0.0162878 0.00581905
71 -9.34002e-07 -2.8393e-06 0.310972 0.945333 4.90622e-08 -1.70518e-08 -0.0163351 0.00567732
71.5 -9.09436e-07 -2.84772e-06 0.302793 0.948137 4.92005e-08 -1.6625e-08 -0.0163811 0.00553523
72 -8.84801e-07 -2.85592e-06 0.294591 0.950869 4.93351e-08 -1.61972e-08 -0.0164259 0.00539278
72.5 -8.60101e-07 -2.86392e-06 0.286367 0.953529 4.9466e-08 -1.57683e-08 -0.0164695 0.00524999
73 -8.35335e-07 -2.87169e-06 0.278122 0.956119 4.9593e-08 -1.53384e-08 -0.0165118 0.00510687
73.5 -8.10508e-07 -2.87925e-06 0.269855 0.958636 4.97163e-08 -1.49076e-08 -0.0165529 0.00496343
74 -7.85619e-07 -2.8866e-06 0.261569 0.961082 4.98358e-08 -1.44759e-08 -0.0165926 0.00481968
74.5 -7.60672e-07 -2.89373e-06 0.253263 0.963456 4.99516e-08 -1.40432e-08 -0.0166312 0.00467564
75 -7.35668e-07 -2.90064e-06 0.244938 0.965758 5.00635e-08 -1.36097e-08 -0.0166685 0.00453131
75.5 -7.10608e-07 -2.90734e-06 0.236594 0.967987 5.01717e-08 -1.31754e-08 -0.0167045 0.0043867
76 -6.85496e-07 -2.91382e-06 0.228233 0.970144 5.0276e-08 -1.27403e-08 -0.0167392 0.00424183
76.5 -6.60332e-07 -2.92008e-06 0.219855 0.972229 5.03766e-08 -1.23044e-08 -0.0167727 0.00409671
77 -6.35119e-07 -2.92612e-06 0.21146 0.974241 5.04733e-08 -1.18678e-08 -0.0168049 0.00395134
77.5 -6.09859e-07 -2.93195e-06 0.20305 0.97618 5.05663e-08 -1.14305e-08 -0.0168358 0.00380575
78 -5.84553e-07 -2.93755e-06 0.194625 0.978047 5.06554e-08 -1.09926e-08 -0.0168655 0.00365994
78.5 -5.59204e-07 -2.94294e-06 0.186185 0.97984 5.07407e-08 -1.0554e-08 -0.0168939 0.00351392
79 -5.33812e-07 -2.94811e-06 0.177731 0.981561 5.08222e-08 -1.01148e-08 -0.016921 0.0033677
79.5 -5.08381e-07 -2.95306e-06 0.169264 0.983208 5.08998e-08 -9.67513e-09 -0.0169469 0.0032213
80 -4.82913e-07 -2.95778e-06 0.160784 0.984782 5.09737e-08 -9.23489e-09 -0.0169715 0.00307472
80.5 -4.57408e-07 -2.96229e-06 0.152292 0.986283 5.10437e-08 -8.79416e-09 -0.0169948 0.00292798
81 -4.31869e-07 -2.96658e-06 0.143789 0.98771 5.11098e-08 -8.35298e-09 -0.0170168 0.00278109
81.5 -4.06298e-07 -2.97064e-06 0.135275 0.989064 5.11722e-08 -7.91137e-09 -0.0170376 0.00263406
82 -3.80697e-07 -2.97449e-06 0.126751 0.990344 5.12307e-08 -7.46938e-09 -0.0170571 0.0024869
82.5 -3.55067e-07 -2.97811e-06 0.118218 0.991551 5.12854e-08 -7.02703e-09 -0.0170753 0.00233962
83 -3.29411e-07 -2.98152e-06 0.109676 0.992684 5.13362e-08 -6.58436e-09 -0.0170922 0.00219224
83.5 -3.03731e-07 -2.9847e-06 0.101126 0.993743 5.13832e-08 -6.1414e-09 -0.0171078 0.00204476
84 -2.78028e-07 -2.98766e-06 0.0925684 0.994729 5.14264e-08 -5.69819e-09 -0.0171222 0.00189719
84.5 -2.52305e-07 -2.99039e-06 0.0840038 0.99564 5.14657e-08 -5.25475e-09 -0.0171353 0.00174955
85 -2.26562e-07 -2.99291e-06 0.075433 0.996478 5.15012e-08 -4.81113e-09 -0.0171471 0.00160185
85.5 -2.00803e-07 -2.99521e-06 0.0668567 0.997242 5.15329e-08 -4.36735e-09 -0.0171577 0.00145409
86 -1.75029e-07 -2.99728e-06 0.0582754 0.997932 5.15608e-08 -3.92345e-09 -0.0171669 0.0013063
86.5 -1.49243e-07 -2.99913e-06 0.0496897 0.998548 5.15848e-08 -3.47946e-09 -0.0171749 0.00115847
87 -1.23445e-07 -3.00076e-06 0.0411004 0.999091 5.16049e-08 -3.03542e-09 -0.0171817 0.00101063
87.5 -9.76376e-08 -3.00216e-06 0.0325081 0.999559 5.16213e-08 -2.59135e-09 -0.0171871 0.00086278
88 -7.18234e-08 -3.00335e-06 0.0239133 0.999953 5.16338e-08 -2.14729e-09 -0.0171913 0.000714933
88.5 -4.60038e-08 -3.00431e-06 0.0153168 1.00027 5.16425e-08 -1.70328e-09 -0.0171942 0.000567101
89 -2.01808e-08 -3.00505e-06 0.00671913 1.00052 5.16474e-08 -1.25935e-09 -0.0171958 0.000419294
89.5 5.64361e-09 -3.00557e-06 -0.00187902 1.00069 5.16485e-08 -8.15518e-10 -0.0171962 0.000271524
90 3.14677e-08 -3.00587e-06 -0.010477 1.00079 5.16458e-08 -3.71833e-10 -0.0171953 0.0001238
90.5 5.72894e-08 -3.00594e-06 -0.0190743 1.00082 5.16392e-08 7.16772e-11 -0.0171931 -2.38647e-05
91 8.31069e-08 -3.0058e-06 -0.0276701 1.00077 5.16289e-08 5.14981e-10 -0.0171896 -0.000171461
91.5 1.08918e-07 -3.00543e-06 -0.0362639 1.00065 5.16147e-08 9.58044e-10 -0.0171849 -0.000318977
92 1.34722e-07 -3.00484e-06 -0.044855 1.00045 5.15968e-08 1.40084e-09 -0.0171789 -0.000466403
92.5 1.60515e-07 -3.00403e-06 -0.0534428 1.00018 5.1575e-08 1.84332e-09 -0.0171717 -0.000613727
93 1.86297e-07 -3.003e-06 -0.0620267 0.999835 5.15495e-08 2.28547e-09 -0.0171632 -0.00076094
93.5 2.12064e-07 -3.00174e-06 -0.070606 0.999418 5.15202e-08 2.72726e-09 -0.0171534 -0.000908029
94 2.37817e-07 -3.00027e-06 -0.0791802 0.998927 5.14871e-08 3.16864e-09 -0.0171424 -0.00105499
94.5 2.63552e-07 -2.99857e-06 -0.0877485 0.998363 5.14502e-08 3.60958e-09 -0.0171302 -0.0012018
95 2.89267e-07 -2.99666e-06 -0.0963103 0.997726 5.14096e-08 4.05007e-09 -0.0171166 -0.00134845
95.5 3.14961e-07 -2.99452e-06 -0.104865 0.997015 5.13653e-08 4.49005e-09 -0.0171019 -0.00149495
96 3.40632e-07 -2.99217e-06 -0.113412 0.996231 5.13171e-08 4.92951e-09 -0.0170858 -0.00164126
96.5 3.66278e-07 -2.98959e-06 -0.121951 0.995374 5.12653e-08 5.36841e-09 -0.0170686 -0.00178739
97 3.91898e-07 -2.9868e-06 -0.130481 0.994443 5.12097e-08 5.80672e-09 -0.0170501 -0.00193332
97.5 4.17488e-07 -2.98379e-06 -0.139001 0.99344 5.11503e-08 6.2444e-09 -0.0170303 -0.00207905
98 4.43048e-07 -2.98056e-06 -0.147511 0.992364 5.10873e-08 6.68143e-09 -0.0170093 -0.00222456
98.5 4.68575e-07 -2.97711e-06 -0.15601 0.991216 5.10205e-08 7.11777e-09 -0.0169871 -0.00236983
99 4.94068e-07 -2.97344e-06 -0.164498 0.989994 5.095e-08 7.5534e-09 -0.0169636 -0.00251487
99.5 5.19525e-07 -2.96955e-06 -0.172974 0.988701 5.08759e-08 7.98828e-09 -0.0169389 -0.00265966
100 5.44944e-07 -2.96545e-06 -0.181437 0.987335 5.0798e-08 8.42238e-09 -0.016913 -0.0028042
100.5 5.70323e-07 -2.96113e-06 -0.189887 0.985897 5.07165e-08 8.85567e-09 -0.0168858 -0.00294846
101 5.95661e-07 -2.95659e-06 -0.198323 0.984386 5.06313e-08 9.28812e-09 -0.0168575 -0.00309244
101.5 6.20955e-07 -2.95184e-06 -0.206744 0.982804 5.05424e-08 9.71969e-09 -0.0168279 -0.00323613
102 6.46203e-07 -2.94687e-06 -0.215151 0.98115 5.04499e-08 1.01504e-08 -0.0167971 -0.00337953
102.5 6.71405e-07 -2.94169e-06 -0.223541 0.979425 5.03537e-08 1.05801e-08 -0.0167651 -0.00352261
103 6.96557e-07 -2.93629e-06 -0.231916 0.977628 5.02539e-08 1.10089e-08 -0.0167318 -0.00366537
103.5 7.21658e-07 -2.93068e-06 -0.240273 0.975759 5.01505e-08 1.14367e-08 -0.0166974 -0.0038078
104 7.46707e-07 -2.92486e-06 -0.248613 0.97382 5.00435e-08 1.18635e-08 -0.0166618 -0.00394989
104.5 7.71702e-07 -2.91882e-06 -0.256935 0.971809 4.99329e-08 1.22892e-08 -0.016625 -0.00409164
105 7.9664e-07 -2.91257e-06 -0.265238 0.969728 4.98187e-08 1.27138e-08 -0.0165869 -0.00423302
105.5 8.21521e-07 -2.90611e-06 -0.273522 0.967576 4.97009e-08 1.31374e-08 -0.0165477 -0.00437403
106 8.46341e-07 -2.89943e-06 -0.281786 0.965354 4.95796e-08 1.35597e-08 -0.0165073 -0.00451466
106.5 8.711e-07 -2.89255e-06 -0.290029 0.963062 4.94547e-08 1.3981e-08 -0.0164657 -0.0046549
107 8.95796e-07 -2.88545e-06 -0.298252 0.960699 4.93262e-08 1.4401e-08 -0.016423 -0.00479475
107.5 9.20426e-07 -2.87814e-06 -0.306452 0.958267 4.91943e-08 1.48198e-08 -0.016379 -0.00493418
108 9.4499e-07 -2.87063e-06 -0.314631 0.955765 4.90588e-08 1.52373e-08 -0.0163339 -0.0050732
108.5 9.69485e-07 -2.86291e-06 -0.322786 0.953194 4.89198e-08 1.56535e-08 -0.0162876 -0.00521178
109 9.9391e-07 -2.85498e-06 -0.330918 0.950553 4.87773e-08 1.60685e-08 -0.0162402 -0.00534993
109.5 1.01826e-06 -2.84684e-06 -0.339026 0.947844 4.86313e-08 1.64821e-08 -0.0161916 -0.00548764
110 1.04254e-06 -2.83849e-06 -0.34711 0.945066 4.84819e-08 1.68943e-08 -0.0161419 -0.00562488
110.5 1.06674e-06 -2.82994e-06 -0.355168 0.942219 4.83291e-08 1.73051e-08 -0.016091 -0.00576166
111 1.09087e-06 -2.82119e-06 -0.363201 0.939304 4.81728e-08 1.77145e-08 -0.0160389 -0.00589797
111.5 1.11492e-06 -2.81223e-06 -0.371207 0.936321 4.8013e-08 1.81224e-08 -0.0159857 -0.00603379
112 1.13888e-06 -2.80307e-06 -0.379187 0.93327 4.78499e-08 1.85289e-08 -0.0159314 -0.00616912
112.5 1.16277e-06 -2.7937e-06 -0.387139 0.930152 4.76834e-08 1.89338e-08 -0.015876 -0.00630394
113 1.18657e-06 -2.78413e-06 -0.395063 0.926966 4.75134e-08 1.93372e-08 -0.0158194 -0.00643825
113.5 1.21028e-06 -2.77436e-06 -0.402958 0.923714 4.73402e-08 1.97391e-08 -0.0157617 -0.00657204
114 1.23391e-06 -2.76439e-06 -0.410824 0.920394 4.71636e-08 2.01393e-08 -0.0157029 -0.0067053
114.5 1.25744e-06 -2.75422e-06 -0.418661 0.917008 4.69836e-08 2.05379e-08 -0.015643 -0.00683802
115 1.28089e-06 -2.74386e-06 -0.426467 0.913556 4.68003e-08 2.09349e-08 -0.015582 -0.00697019
115.5 1.30424e-06 -2.73329e-06 -0.434243 0.910038 4.66137e-08 2.13302e-08 -0.0155199 -0.00710181
116 1.3275e-06 -2.72253e-06 -0.441987 0.906454 4.64239e-08 2.17238e-08 -0.0154566 -0.00723286
116.5 1.35067e-06 -2.71157e-06 -0.4497 0.902805 4.62307e-08 2.21157e-08 -0.0153923 -0.00736333
117 1.37373e-06 -2.70041e-06 -0.45738 0.899091 4.60344e-08 2.25058e-08 -0.015327 -0.00749322
117.5 1.3967e-06 -2.68906e-06 -0.465027 0.895312 4.58347e-08 2.28942e-08 -0.0152605 -0.00762252
118 1.41957e-06 -2.67752e-06 -0.47264 0.891468 4.56319e-08 2.32807e-08 -0.015193 -0.00775122
118.5 1.44233e-06 -2.66578e-06 -0.48022 0.887561 4.54258e-08 2.36654e-08 -0.0151243 -0.0078793
119 1.465e-06 -2.65385e-06 -0.487764 0.883589 4.52166e-08 2.40483e-08 -0.0150547 -0.00800677
119.5 1.48755e-06 -2.64173e-06 -0.495274 0.879554 4.50042e-08 2.44292e-08 -0.014984 -0.00813362
120 1.51e-06 -2.62942e-06 -0.502748 0.875456 4.47886e-08 2.48083e-08 -0.0149122 -0.00825983
120.5 1.53234e-06 -2.61692e-06 -0.510186 0.871294 4.45699e-08 2.51854e-08 -0.0148394 -0.00838539
121 1.55457e-06 -2.60424e-06 -0.517588 0.86707 4.43481e-08 2.55606e-08 -0.0147655 -0.00851031
121.5 1.57669e-06 -2.59136e-06 -0.524952 0.862784 4.41232e-08 2.59338e-08 -0.0146906 -0.00863456
122 1.59869e-06 -2.5783e-06 -0.532278 0.858436 4.38952e-08 2.6305e-08 -0.0146147 -0.00875815
122.5 1.62058e-06 -2.56506e-06 -0.539567 0.854026 4.36641e-08 2.66742e-08 -0.0145378 -0.00888106
123 1.64236e-06 -2.55163e-06 -0.546816 0.849555 4.343e-08 2.70413e-08 -0.0144599 -0.00900329
123.5 1.66401e-06 -2.53802e-06 -0.554027 0.845022 4.31929e-08 2.74063e-08 -0.0143809 -0.00912482
124 1.68555e-06 -2.52422e-06 -0.561197 0.84043 4.29527e-08 2.77692e-08 -0.0143009 -0.00924566
124.5 1.70697e-06 -2.51025e-06 -0.568327 0.835777 4.27096e-08 2.813e-08 -0.01422 -0.00936578
125 1.72826e-06 -2.49609e-06 -0.575417 0.831064 4.24635e-08 2.84887e-08 -0.0141381 -0.00948519
125.5 1.74943e-06 -2.48176e-06 -0.582466 0.826292 4.22145e-08 2.88452e-08 -0.0140551 -0.00960388
126 1.77047e-06 -2.46725e-06 -0.589472 0.82146 4.19625e-08 2.91994e-08 -0.0139712 -0.00972184
126.5 1.79139e-06 -2.45256e-06 -0.596437 0.81657 4.17076e-08 2.95515e-08 -0.0138864 -0.00983905
127 1.81218e-06 -2.4377e-06 -0.603359 0.811621 4.14498e-08 2.99013e-08 -0.0138006 -0.00995552
127.5 1.83284e-06 -2.42266e-06 -0.610237 0.806614 4.11892e-08 3.02489e-08 -0.0137138 -0.0100712
128 1.85337e-06 -2.40745e-06 -0.617072 0.80155 4.09257e-08 3.05941e-08 -0.013626 -0.0101862
128.5 1.87377e-06 -2.39206e-06 -0.623863 0.796428 4.06594e-08 3.09371e-08 -0.0135374 -0.0103004
129 1.89403e-06 -2.37651e-06 -0.63061 0.791249 4.03902e-08 3.12777e-08 -0.0134478 -0.0104138
129.5 1.91416e-06 -2.36079e-06 -0.637311 0.786014 4.01183e-08 3.1616e-08 -0.0133572 -0.0105264
130 1.93415e-06 -2.34489e-06 -0.643967 0.780723 3.98436e-08 3.19519e-08 -0.0132658 -0.0106383
130.5 1.954e-06 -2.32883e-06 -0.650577 0.775376 3.95661e-08 3.22854e-08 -0.0131734 -0.0107493
131 1.97371e-06 -2.31261e-06 -0.65714 0.769974 3.9286e-08 3.26165e-08 -0.0130801 -0.0108595
131.5 1.99329e-06 -2.29622e-06 -0.663657 0.764516 3.90031e-08 3.29451e-08 -0.0129859 -0.0109689
132 2.01272e-06 -2.27966e-06 -0.670126 0.759005 3.87175e-08 3.32713e-08 -0.0128909 -0.0110775
132.5 2.032e-06 -2.26295e-06 -0.676548 0.753439 3.84293e-08 3.3595e-08 -0.0127949 -0.0111853
133 2.05115e-06 -2.24607e-06 -0.682921 0.747819 3.81384e-08 3.39162e-08 -0.012698 -0.0112923
133.5 2.07014e-06 -2.22903e-06 -0.689246 0.742147 3.7845e-08 3.42349e-08 -0.0126003 -0.0113984
134 2.08899e-06 -2.21183e-06 -0.695522 0.736421 3.75489e-08 3.4551e-08 -0.0125018 -0.0115036
134.5 2.10769e-06 -2.19448e-06 -0.701748 0.730643 3.72502e-08 3.48646e-08 -0.0124023 -0.011608
135 2.12624e-06 -2.17697e-06 -0.707924 0.724813 3.6949e-08 3.51756e-08 -0.012302 -0.0117116
135.5 2.14464e-06 -2.1593e-06 -0.71405 0.718931 3.66453e-08 3.5484e-08 -0.0122009 -0.0118143
136 2.16289e-06 -2.14148e-06 -0.720125 0.712999 3.6339e-08 3.57898e-08 -0.0120989 -0.0119161
136.5 2.18098e-06 -2.12351e-06 -0.726149 0.707015 3.60303e-08 3.60929e-08 -0.0119961 -0.012017
137 2.19892e-06 -2.10539e-06 -0.732121 0.700982 3.57191e-08 3.63934e-08 -0.0118925 -0.012117
137.5 2.2167e-06 -2.08712e-06 -0.738041 0.694898 3.54055e-08 3.66912e-08 -0.0117881 -0.0122162
138 2.23432e-06 -2.0687e-06 -0.743909 0.688766 3.50894e-08 3.69862e-08 -0.0116829 -0.0123144
138.5 2.25179e-06 -2.05013e-06 -0.749724 0.682584 3.47709e-08 3.72786e-08 -0.0115768 -0.0124118
139 2.26909e-06 -2.03142e-06 -0.755486 0.676354 3.44501e-08 3.75683e-08 -0.01147 -0.0125082
139.5 2.28624e-06 -2.01257e-06 -0.761194 0.670076 3.4127e-08 3.78552e-08 -0.0113624 -0.0126037
140 2.30322e-06 -1.99357e-06 -0.766848 0.66375 3.38015e-08 3.81393e-08 -0.0112541 -0.0126983
140.5 2.32004e-06 -1.97443e-06 -0.772448 0.657377 3.34737e-08 3.84206e-08 -0.0111449 -0.012792
141 2.33669e-06 -1.95515e-06 -0.777993 0.650958 3.31436e-08 3.86992e-08 -0.011035 -0.0128847
141.5 2.35318e-06 -1.93573e-06 -0.783483 0.644493 3.28113e-08 3.89749e-08 -0.0109244 -0.0129765
142 2.36951e-06 -1.91617e-06 -0.788918 0.637982 3.24767e-08 3.92477e-08 -0.010813 -0.0130674
142.5 2.38566e-06 -1.89648e-06 -0.794296 0.631425 3.214e-08 3.95177e-08 -0.0107009 -0.0131573
143 2.40165e-06 -1.87665e-06 -0.799619 0.624824 3.1801e-08 3.97849e-08 -0.010588 -0.0132462
143.5 2.41746e-06 -1.85669e-06 -0.804884 0.618179 3.14599e-08 4.00491e-08 -0.0104745 -0.0133342
144 2.43311e-06 -1.8366e-06 -0.810093 0.61149 3.11167e-08 4.03105e-08 -0.0103602 -0.0134212
144.5 2.44858e-06 -1.81638e-06 -0.815244 0.604758 3.07713e-08 4.05689e-08 -0.0102452 -0.0135073
145 2.46388e-06 -1.79604e-06 -0.820338 0.597983 3.04239e-08 4.08244e-08 -0.0101295 -0.0135923
145.5 2.479e-06 -1.77556e-06 -0.825374 0.591166 3.00744e-08 4.10769e-08 -0.0100132 -0.0136764
146 2.49395e-06 -1.75496e-06 -0.830351 0.584306 2.97229e-08 4.13265e-08 -0.00989613 -0.0137595
146.5 2.50872e-06 -1.73423e-06 -0.83527 0.577406 2.93694e-08 4.1573e-08 -0.00977842 -0.0138416
147 2.52332e-06 -1.71339e-06 -0.84013 0.570465 2.90139e-08 4.18166e-08 -0.00966005 -0.0139227
147.5 2.53774e-06 -1.69242e-06 -0.84493 0.563483 2.86564e-08 4.20572e-08 -0.00954104 -0.0140028
148 2.55198e-06 -1.67133e-06 -0.849671 0.556462 2.8297e-08 4.22947e-08 -0.00942137 -0.0140819
148.5 2.56604e-06 -1.65012e-06 -0.854351 0.549402 2.79357e-08 4.25292e-08 -0.00930107 -0.0141599
149 2.57991e-06 -1.6288e-06 -0.858972 0.542302 2.75725e-08 4.27606e-08 -0.00918015 -0.014237
149.5 2.59361e-06 -1.60736e-06 -0.863532 0.535165 2.72074e-08 4.2989e-08 -0.0090586 -0.014313
150 2.60712e-06 -1.58581e-06 -0.86803 0.527989 2.68405e-08 4.32142e-08 -0.00893645 -0.014388
150.5 2.62045e-06 -1.56415e-06 -0.872468 0.520777 2.64718e-08 4.34364e-08 -0.00881369 -0.014462
151 2.63359e-06 -1.54237e-06 -0.876844 0.513527 2.61013e-08 4.36554e-08 -0.00869034 -0.0145349
151.5 2.64655e-06 -1.52049e-06 -0.881158 0.506242 2.57291e-08 4.38714e-08 -0.0085664 -0.0146068
152 2.65932e-06 -1.4985e-06 -0.885411 0.49892 2.53551e-08 4.40842e-08 -0.00844189 -0.0146776
152.5 2.67191e-06 -1.47641e-06 -0.8896 0.491564 2.49795e-08 4.42938e-08 -0.00831682 -0.0147474
153 2.6843e-06 -1.45421e-06 -0.893727 0.484173 2.46021e-08 4.45003e-08 -0.00819118 -0.0148162
153.5 2.69651e-06 -1.43191e-06 -0.897791 0.476748 2.42231e-08 4.47035e-08 -0.00806499 -0.0148839
154 2.70852e-06 -1.4095e-06 -0.901792 0.469289 2.38425e-08 4.49036e-08 -0.00793826 -0.0149505
154.5 2.72035e-06 -1.387e-06 -0.90573 0.461797 2.34603e-08 4.51005e-08 -0.007811 -0.015016
155 2.73198e-06 -1.3644e-06 -0.909603 0.454273 2.30765e-08 4.52942e-08 -0.00768321 -0.0150805
155.5 2.74343e-06 -1.34171e-06 -0.913413 0.446717 2.26911e-08 4.54847e-08 -0.00755491 -0.0151439
156 2.75468e-06 -1.31892e-06 -0.917158 0.439129 2.23042e-08 4.56719e-08 -0.00742611 -0.0152063
156.5 2.76573e-06 -1.29604e-06 -0.920839 0.431511 2.19159e-08 4.58558e-08 -0.0072968 -0.0152675
157 2.77659e-06 -1.27306e-06 -0.924455 0.423862 2.1526e-08 4.60365e-08 -0.00716701 -0.0153277
157.5 2.78726e-06 -1.25e-06 -0.928006 0.416183 2.11348e-08 4.6214e-08 -0.00703674 -0.0153868
158 2.79773e-06 -1.22685e-06 -0.931492 0.408475 2.07421e-08 4.63881e-08 -0.00690599 -0.0154447
158.5 2.808e-06 -1.20361e-06 -0.934912 0.400738 2.0348e-08 4.6559e-08 -0.00677479 -0.0155016
159 2.81807e-06 -1.18029e-06 -0.938267 0.392973 1.99526e-08 4.67265e-08 -0.00664313 -0.0155574
159.5 2.82795e-06 -1.15689e-06 -0.941555 0.385181 1.95558e-08 4.68908e-08 -0.00651102 -0.0156121
160 2.83763e-06 -1.1334e-06 -0.944778 0.377361 1.91577e-08 4.70517e-08 -0.00637849 -0.0156657
160.5 2.84711e-06 -1.10983e-06 -0.947934 0.369515 1.87584e-08 4.72093e-08 -0.00624552 -0.0157181
161 2.85639e-06 -1.08619e-06 -0.951023 0.361643 1.83577e-08 4.73635e-08 -0.00611214 -0.0157695
161.5 2.86547e-06 -1.06247e-06 -0.954046 0.353745 1.79559e-08 4.75144e-08 -0.00597835 -0.0158197
162 2.87434e-06 -1.03868e-06 -0.957001 0.345823 1.75529e-08 4.7662e-08 -0.00584416 -0.0158689
162.5 2.88302e-06 -1.01481e-06 -0.95989 0.337877 1.71487e-08 4.78061e-08 -0.00570958 -0.0159169
163 2.89149e-06 -9.9087e-07 -0.962711 0.329906 1.67433e-08 4.79469e-08 -0.00557463 -0.0159637
163.5 2.89976e-06 -9.66862e-07 -0.965465 0.321913 1.63369e-08 4.80843e-08 -0.0054393 -0.0160095
164 2.90783e-06 -9.42786e-07 -0.96815 0.313897 1.59293e-08 4.82183e-08 -0.0053036 -0.0160541
164.5 2.91569e-06 -9.18644e-07 -0.970768 0.305859 1.55207e-08 4.8349e-08 -0.00516756 -0.0160976
165 2.92335e-06 -8.94437e-07 -0.973318 0.297799 1.51111e-08 4.84762e-08 -0.00503116 -0.0161399
165.5 2.9308e-06 -8.70167e-07 -0.975799 0.289719 1.47004e-08 4.85999e-08 -0.00489444 -0.0161812
166 2.93805e-06 -8.45837e-07 -0.978212 0.281618 1.42888e-08 4.87203e-08 -0.00475739 -0.0162212
166.5 2.94509e-06 -8.21447e-07 -0.980557 0.273498 1.38762e-08 4.88372e-08 -0.00462002 -0.0162602
167 2.95193e-06 -7.97e-07 -0.982832 0.265358 1.34627e-08 4.89507e-08 -0.00448234 -0.0162979
167.5 2.95855e-06 -7.72496e-07 -0.985039 0.2572 1.30483e-08 4.90608e-08 -0.00434437 -0.0163346
168 2.96498e-06 -7.47939e-07 -0.987177 0.249023 1.2633e-08 4.91673e-08 -0.00420611 -0.0163701
168.5 2.97119e-06 -7.23329e-07 -0.989245 0.24083 1.22169e-08 4.92705e-08 -0.00406756 -0.0164044
169 2.97719e-06 -6.98668e-07 -0.991244 0.232619 1.18e-08 4.93701e-08 -0.00392875 -0.0164376
169.5 2.98299e-06 -6.73959e-07 -0.993174 0.224392 1.13823e-08 4.94663e-08 -0.00378968 -0.0164696
170 2.98857e-06 -6.49202e-07 -0.995034 0.216149 1.09638e-08 4.95591e-08 -0.00365035 -0.0165005
170.5 2.99395e-06 -6.244e-07 -0.996824 0.207891 1.05446e-08 4.96483e-08 -0.00351078 -0.0165302
171 2.99912e-06 -5.99554e-07 -0.998545 0.199619 1.01247e-08 4.97341e-08 -0.00337098 -0.0165588
171.5 3.00408e-06 -5.74666e-07 -1.0002 0.191333 9.70414e-09 4.98163e-08 -0.00323095 -0.0165861
172 3.00882e-06 -5.49738e-07 -1.00178 0.183033 9.28293e-09 4.98951e-08 -0.00309071 -0.0166124
172.5 3.01336e-06 -5.24771e-07 -1.00329 0.17472 8.8611e-09 4.99704e-08 -0.00295027 -0.0166374
173 3.01768e-06 -4.99767e-07 -1.00473 0.166396 8.43869e-09 5.00421e-08 -0.00280963 -0.0166613
173.5 3.0218e-06 -4.74729e-07 -1.0061 0.158059 8.01571e-09 5.01104e-08 -0.0026688 -0.016684
174 3.0257e-06 -4.49657e-07 -1.00739 0.149711 7.5922e-09 5.01751e-08 -0.00252779 -0.0167056
174.5 3.02939e-06 -4.24554e-07 -1.00862 0.141353 7.16819e-09 5.02363e-08 -0.00238662 -0.016726
175 3.03287e-06 -3.9942e-07 -1.00978 0.132985 6.74371e-09 5.0294e-08 -0.00224529 -0.0167452
175.5 3.03613e-06 -3.74259e-07 -1.01087 0.124608 6.31877e-09 5.03482e-08 -0.00210381 -0.0167632
176 3.03919e-06 -3.49072e-07 -1.01189 0.116222 5.89342e-09 5.03988e-08 -0.00196219 -0.0167801
176.5 3.04203e-06 -3.23861e-07 -1.01283 0.107828 5.46768e-09 5.04459e-08 -0.00182044 -0.0167958
177 3.04465e-06 -2.98626e-07 -1.01371 0.0994265 5.04157e-09 5.04895e-08 -0.00167857 -0.0168103
177.5 3.04707e-06 -2.73371e-07 -1.01451 0.0910178 4.61513e-09 5.05296e-08 -0.00153659 -0.0168236
178 3.04927e-06 -2.48097e-07 -1.01524 0.0826029 4.18838e-09 5.05661e-08 -0.00139451 -0.0168358
178.5 3.05126e-06 -2.22805e-07 -1.0159 0.0741821 3.76136e-09 5.0599e-08 -0.00125233 -0.0168467
179 3.05303e-06 -1.97498e-07 -1.01649 0.0657561 3.33408e-09 5.06284e-08 -0.00111007 -0.0168565
179.5 3.05459e-06 -1.72177e-07 -1.01701 0.0573255 2.90659e-09 5.06543e-08 -0.000967738 -0.0168652
180 3.05594e-06 -1.46843e-07 -1.01746 0.048891 2.4789e-09 5.06766e-08 -0.000825341 -0.0168726
180.5 3.05707e-06 -1.215e-07 -1.01784 0.0404529 2.05105e-09 5.06954e-08 -0.000682889 -0.0168788
181 3.05799e-06 -9.6148e-08 -1.01815 0.0320121 1.62306e-09 5.07107e-08 -0.000540392 -0.0168839
181.5 3.05869e-06 -7.07893e-08 -1.01838 0.023569 1.19497e-09 5.07223e-08 -0.000397859 -0.0168878
182 3.05918e-06 -4.54257e-08 -1.01854 0.0151243 7.66792e-10 5.07305e-08 -0.0002553 -0.0168905
182.5 3.05946e-06 -2.00589e-08 -1.01864 0.00667852 3.38566e-10 5.07351e-08 -0.000112724 -0.016892
183 3.05952e-06 5.30936e-09 -1.01866 -0.00176773 -8.96817e-11 5.07361e-08 2.98592e-05 -0.0168924
183.5 3.05937e-06 3.06772e-08 -1.01861 -0.0102139 -5.17924e-10 5.07336e-08 0.000172441 -0.0168915
184 3.059e-06 5.60429e-08 -1.01848 -0.0186593 -9.46131e-10 5.07275e-08 0.000315011 -0.0168895
184.5 3.05842e-06 8.14047e-08 -1.01829 -0.0271034 -1.37428e-09 5.07179e-08 0.00045756 -0.0168863
185 3.05763e-06 1.06761e-07 -1.01803 -0.0355456 -1.80233e-09 5.07047e-08 0.000600079 -0.0168819
185.5 3.05662e-06 1.32109e-07 -1.01769 -0.0439853 -2.23027e-09 5.0688e-08 0.000742558 -0.0168764
186 3.0554e-06 1.57449e-07 -1.01728 -0.052422 -2.65805e-09 5.06677e-08 0.000884988 -0.0168696
186.5 3.05396e-06 1.82777e-07 -1.01681 -0.0608549 -3.08566e-09 5.06439e-08 0.00102736 -0.0168617
187 3.05231e-06 2.08093e-07 -1.01626 -0.0692837 -3.51307e-09 5.06166e-08 0.00116966 -0.0168526
187.5 3.05045e-06 2.33394e-07 -1.01564 -0.0777075 -3.94024e-09 5.05857e-08 0.00131189 -0.0168423
188 3.04837e-06 2.58678e-07 -1.01494 -0.0861259 -4.36715e-09 5.05512e-08 0.00145403 -0.0168308
188.5 3.04608e-06 2.83945e-07 -1.01418 -0.0945383 -4.79378e-09 5.05132e-08 0.00159607 -0.0168182
189 3.04358e-06 3.09192e-07 -1.01335 -0.102944 -5.22008e-09 5.04717e-08 0.00173801 -0.0168044
189.5 3.04086e-06 3.34417e-07 -1.01244 -0.111343 -5.64604e-09 5.04266e-08 0.00187983 -0.0167894
190 3.03793e-06 3.59618e-07 -1.01147 -0.119733 -6.07162e-09 5.03781e-08 0.00202152 -0.0167732
190.5 3.03479e-06 3.84795e-07 -1.01042 -0.128116 -6.4968e-09 5.03259e-08 0.00216309 -0.0167558
191 3.03144e-06 4.09944e-07 -1.00931 -0.136489 -6.92155e-09 5.02703e-08 0.0023045 -0.0167373
191.5 3.02787e-06 4.35065e-07 -1.00812 -0.144853 -7.34584e-09 5.02111e-08 0.00244577 -0.0167176
192 3.02409e-06 4.60155e-07 -1.00686 -0.153207 -7.76965e-09 5.01484e-08 0.00258687 -0.0166967
192.5 3.0201e-06 4.85213e-07 -1.00553 -0.16155 -8.19294e-09 5.00822e-08 0.00272781 -0.0166747
193 3.0159e-06 5.10238e-07 -1.00413 -0.169882 -8.61568e-09 5.00125e-08 0.00286856 -0.0166515
193.5 3.01148e-06 5.35226e-07 -1.00266 -0.178201 -9.03785e-09 4.99393e-08 0.00300912 -0.0166271
194 3.00686e-06 5.60177e-07 -1.00112 -0.186509 -9.45943e-09 4.98625e-08 0.00314948 -0.0166015
194.5 3.00203e-06 5.85088e-07 -0.999513 -0.194803 -9.88037e-09 4.97823e-08 0.00328963 -0.0165748
195 2.99698e-06 6.09959e-07 -0.997833 -0.203083 -1.03007e-08 4.96986e-08 0.00342956 -0.0165469
195.5 2.99172e-06 6.34787e-07 -0.996083 -0.21135 -1.07203e-08 4.96114e-08 0.00356927 -0.0165179
196 2.98626e-06 6.59571e-07 -0.994263 -0.219601 -1.11392e-08 4.95207e-08 0.00370874 -0.0164877
196.5 2.98059e-06 6.84308e-07 -0.992374 -0.227838 -1.15573e-08 4.94265e-08 0.00384796 -0.0164564
197 2.9747e-06 7.08997e-07 -0.990415 -0.236058 -1.19747e-08 4.93288e-08 0.00398693 -0.0164238
197.5 2.96861e-06 7.33637e-07 -0.988387 -0.244261 -1.23913e-08 4.92277e-08 0.00412563 -0.0163902
198 2.96231e-06 7.58225e-07 -0.98629 -0.252448 -1.2807e-08 4.91231e-08 0.00426405 -0.0163554
198.5 2.9558e-06 7.8276e-07 -0.984123 -0.260617 -1.3222e-08 4.90151e-08 0.0044022 -0.0163194
199 2.94909e-06 8.0724e-07 -0.981888 -0.268767 -1.3636e-08 4.89036e-08 0.00454005 -0.0162823
199.5 2.94217e-06 8.31663e-07 -0.979583 -0.276899 -1.40491e-08 4.87887e-08 0.00467759 -0.016244
200 2.93504e-06 8.56029e-07 -0.97721 -0.285011 -1.44613e-08 4.86703e-08 0.00481483 -0.0162046
200.5 2.92771e-06 8.80334e-07 -0.974768 -0.293104 -1.48725e-08 4.85485e-08 0.00495175 -0.016164
201 2.92017e-06 9.04577e-07 -0.972258 -0.301175 -1.52828e-08 4.84233e-08 0.00508834 -0.0161224
201.5 2.91242e-06 9.28757e-07 -0.96968 -0.309226 -1.5692e-08 4.82947e-08 0.00522458 -0.0160795
202 2.90448e-06 9.52872e-07 -0.967034 -0.317255 -1.61002e-08 4.81627e-08 0.00536048 -0.0160356
202.5 2.89632e-06 9.7692e-07 -0.96432 -0.325262 -1.65073e-08 4.80272e-08 0.00549603 -0.0159905
203 2.88797e-06 1.0009e-06 -0.961538 -0.333245 -1.69133e-08 4.78884e-08 0.0056312 -0.0159443
203.5 2.87941e-06 1.02481e-06 -0.958688 -0.341206 -1.73181e-08 4.77462e-08 0.005766 -0.0158969
204 2.87065e-06 1.04865e-06 -0.955772 -0.349142 -1.77218e-08 4.76006e-08 0.00590042 -0.0158484
204.5 2.86169e-06 1.07241e-06 -0.952788 -0.357054 -1.81244e-08 4.74517e-08 0.00603444 -0.0157988
205 2.85253e-06 1.0961e-06 -0.949737 -0.364941 -1.85257e-08 4.72994e-08 0.00616806 -0.0157481
205.5 2.84316e-06 1.11971e-06 -0.94662 -0.372802 -1.89258e-08 4.71437e-08 0.00630127 -0.0156963
206 2.8336e-06 1.14324e-06 -0.943436 -0.380637 -1.93246e-08 4.69847e-08 0.00643406 -0.0156434
206.5 2.82384e-06 1.16669e-06 -0.940186 -0.388446 -1.97222e-08 4.68224e-08 0.00656641 -0.0155893
207 2.81388e-06 1.19006e-06 -0.93687 -0.396227 -2.01184e-08 4.66568e-08 0.00669833 -0.0155342
207.5 2.80372e-06 1.21335e-06 -0.933487 -0.40398 -2.05132e-08 4.64879e-08 0.0068298 -0.0154779
208 2.79336e-06 1.23655e-06 -0.93004 -0.411705 -2.09067e-08 4.63156e-08 0.00696082 -0.0154206
208.5 2.78281e-06 1.25967e-06 -0.926527 -0.419401 -2.12988e-08 4.61401e-08 0.00709136 -0.0153622
209 2.77207e-06 1.28269e-06 -0.922948 -0.427067 -2.16895e-08 4.59613e-08 0.00722144 -0.0153026
209.5 2.76112e-06 1.30563e-06 -0.919305 -0.434703 -2.20787e-08 4.57792e-08 0.00735103 -0.015242
210 2.74999e-06 1.32847e-06 -0.915597 -0.442309 -2.24665e-08 4.55939e-08 0.00748012 -0.0151803
210.5 2.73866e-06 1.35122e-06 -0.911825 -0.449884 -2.28527e-08 4.54053e-08 0.00760872 -0.0151175
211 2.72713e-06 1.37388e-06 -0.907989 -0.457426 -2.32374e-08 4.52135e-08 0.00773681 -0.0150537
211.5 2.71542e-06 1.39643e-06 -0.904088 -0.464937 -2.36206e-08 4.50185e-08 0.00786438 -0.0149887
212 2.70351e-06 1.41889e-06 -0.900124 -0.472415 -2.40021e-08 4.48203e-08 0.00799142 -0.0149227
212.5 2.69142e-06 1.44125e-06 -0.896097 -0.47986 -2.43821e-08 4.46188e-08 0.00811792 -0.0148557
213 2.67913e-06 1.46351e-06 -0.892006 -0.487271 -2.47604e-08 4.44142e-08 0.00824388 -0.0147875
213.5 2.66666e-06 1.48567e-06 -0.887853 -0.494647 -2.51371e-08 4.42064e-08 0.00836928 -0.0147183
214 2.65399e-06 1.50772e-06 -0.883637 -0.501989 -2.5512e-08 4.39955e-08 0.00849412 -0.0146481
214.5 2.64115e-06 1.52966e-06 -0.879359 -0.509296 -2.58853e-08 4.37814e-08 0.0086184 -0.0145768
215 2.62811e-06 1.5515e-06 -0.875019 -0.516566 -2.62568e-08 4.35641e-08 0.00874209 -0.0145045
215.5 2.61489e-06 1.57323e-06 -0.870617 -0.5238 -2.66265e-08 4.33438e-08 0.00886519 -0.0144311
216 2.60148e-06 1.59484e-06 -0.866153 -0.530997 -2.69945e-08 4.31203e-08 0.0089877 -0.0143567
216.5 2.58789e-06 1.61635e-06 -0.861629 -0.538157 -2.73606e-08 4.28937e-08 0.0091096 -0.0142813
217 2.57412e-06 1.63774e-06 -0.857044 -0.545278 -2.77249e-08 4.26641e-08 0.00923089 -0.0142048
217.5 2.56017e-06 1.65901e-06 -0.852398 -0.552362 -2.80873e-08 4.24314e-08 0.00935155 -0.0141274
218 2.54604e-06 1.68017e-06 -0.847692 -0.559406 -2.84478e-08 4.21956e-08 0.00947158 -0.0140489
218.5 2.53172e-06 1.70121e-06 -0.842927 -0.56641 -2.88064e-08 4.19568e-08 0.00959098 -0.0139694
219 2.51723e-06 1.72213e-06 -0.838101 -0.573375 -2.91631e-08 4.1715e-08 0.00970973 -0.0138888
219.5 2.50256e-06 1.74292e-06 -0.833217 -0.580299 -2.95177e-08 4.14702e-08 0.00982782 -0.0138073
220 2.48771e-06 1.7636e-06 -0.828274 -0.587182 -2.98704e-08 4.12223e-08 0.00994524 -0.0137248
220.5 2.47269e-06 1.78415e-06 -0.823272 -0.594024 -3.02211e-08 4.09715e-08 0.010062 -0.0136413
221 2.45749e-06 1.80457e-06 -0.818212 -0.600824 -3.05697e-08 4.07178e-08 0.0101781 -0.0135568
221.5 2.44212e-06 1.82486e-06 -0.813094 -0.607581 -3.09163e-08 4.04611e-08 0.0102935 -0.0134713
222 2.42657e-06 1.84503e-06 -0.807918 -0.614295 -3.12608e-08 4.02014e-08 0.0104081 -0.0133849
222.5 2.41086e-06 1.86506e-06 -0.802685 -0.620966 -3.16031e-08 3.99388e-08 0.0105221 -0.0132975
223 2.39497e-06 1.88497e-06 -0.797396 -0.627593 -3.19433e-08 3.96734e-08 0.0106354 -0.0132091
223.5 2.37891e-06 1.90474e-06 -0.79205 -0.634175 -3.22813e-08 3.9405e-08 0.0107479 -0.0131198
224 2.36269e-06 1.92437e-06 -0.786648 -0.640712 -3.26172e-08 3.91338e-08 0.0108598 -0.0130295
224.5 2.3463e-06 1.94387e-06 -0.78119 -0.647204 -3.29508e-08 3.88598e-08 0.0109708 -0.0129382
225 2.32974e-06 1.96323e-06 -0.775677 -0.653651 -3.32822e-08 3.85829e-08 0.0110812 -0.012846
225.5 2.31301e-06 1.98245e-06 -0.770109 -0.66005 -3.36113e-08 3.83032e-08 0.0111907 -0.0127529
226 2.29613e-06 2.00154e-06 -0.764486 -0.666403 -3.39381e-08 3.80207e-08 0.0112996 -0.0126588
226.5 2.27908e-06 2.02048e-06 -0.75881 -0.672709 -3.42627e-08 3.77354e-08 0.0114076 -0.0125638
227 2.26186e-06 2.03927e-06 -0.753079 -0.678967 -3.45849e-08 3.74473e-08 0.0115149 -0.0124679
227.5 2.24449e-06 2.05792e-06 -0.747295 -0.685177 -3.49047e-08 3.71565e-08 0.0116214 -0.0123711
228 2.22696e-06 2.07643e-06 -0.741457 -0.691338 -3.52221e-08 3.6863e-08 0.0117271 -0.0122734
228.5 2.20927e-06 2.09479e-06 -0.735568 -0.697451 -3.55372e-08 3.65668e-08 0.011832 -0.0121748
229 2.19142e-06 2.11299e-06 -0.729625 -0.703513 -3.58498e-08 3.62679e-08 0.0119361 -0.0120752
229.5 2.17342e-06 2.13105e-06 -0.723632 -0.709526 -3.616e-08 3.59663e-08 0.0120393 -0.0119748
230 2.15526e-06 2.14896e-06 -0.717586 -0.715488 -3.64677e-08 3.5662e-08 0.0121418 -0.0118735
230.5 2.13695e-06 2.16672e-06 -0.71149 -0.721399 -3.67729e-08 3.53552e-08 0.0122434 -0.0117714
231 2.11849e-06 2.18432e-06 -0.705343 -0.727259 -3.70756e-08 3.50457e-08 0.0123442 -0.0116683
231.5 2.09988e-06 2.20176e-06 -0.699146 -0.733068 -3.73757e-08 3.47336e-08 0.0124441 -0.0115644
232 2.08111e-06 2.21905e-06 -0.692899 -0.738824 -3.76733e-08 3.4419e-08 0.0125432 -0.0114597
232.5 2.0622e-06 2.23618e-06 -0.686602 -0.744527 -3.79683e-08 3.41018e-08 0.0126414 -0.011354
233 2.04315e-06 2.25315e-06 -0.680257 -0.750178 -3.82607e-08 3.3782e-08 0.0127387 -0.0112476
233.5 2.02394e-06 2.26996e-06 -0.673864 -0.755775 -3.85504e-08 3.34598e-08 0.0128352 -0.0111403
234 2.0046e-06 2.28661e-06 -0.667422 -0.761318 -3.88375e-08 3.3135e-08 0.0129308 -0.0110322
234.5 1.98511e-06 2.3031e-06 -0.660933 -0.766807 -3.9122e-08 3.28078e-08 0.0130255 -0.0109232
235 1.96547e-06 2.31942e-06 -0.654397 -0.772241 -3.94037e-08 3.24781e-08 0.0131193 -0.0108135
235.5 1.9457e-06 2.33558e-06 -0.647814 -0.777621 -3.96828e-08 3.2146e-08 0.0132122 -0.0107029
236 1.92579e-06 2.35157e-06 -0.641184 -0.782944 -3.99591e-08 3.18115e-08 0.0133042 -0.0105915
236.5 1.90574e-06 2.36739e-06 -0.634509 -0.788212 -4.02326e-08 3.14746e-08 0.0133953 -0.0104794
237 1.88556e-06 2.38304e-06 -0.627789 -0.793424 -4.05034e-08 3.11354e-08 0.0134854 -0.0103664
237.5 1.86524e-06 2.39852e-06 -0.621024 -0.798579 -4.07713e-08 3.07938e-08 0.0135747 -0.0102527
238 1.84479e-06 2.41383e-06 -0.614214 -0.803676 -4.10365e-08 3.04498e-08 0.0136629 -0.0101381
238.5 1.8242e-06 2.42897e-06 -0.607361 -0.808717 -4.12988e-08 3.01036e-08 0.0137503 -0.0100229
239 1.80349e-06 2.44394e-06 -0.600464 -0.813699 -4.15582e-08 2.97551e-08 0.0138367 -0.00990684
239.5 1.78264e-06 2.45873e-06 -0.593524 -0.818623 -4.18148e-08 2.94043e-08 0.0139221 -0.00979006
240 1.76167e-06 2.47334e-06 -0.586542 -0.823489 -4.20685e-08 2.90513e-08 0.0140065 -0.00967253
240.5 1.74058e-06 2.48778e-06 -0.579518 -0.828296 -4.23192e-08 2.86961e-08 0.01409 -0.00955426
241 1.71935e-06 2.50204e-06 -0.572452 -0.833043 -4.2567e-08 2.83387e-08 0.0141725 -0.00943527
241.5 1.69801e-06 2.51612e-06 -0.565345 -0.837731 -4.28119e-08 2.79792e-08 0.0142541 -0.00931556
242 1.67654e-06 2.53002e-06 -0.558198 -0.842359 -4.30538e-08 2.76175e-08 0.0143346 -0.00919513
242.5 1.65495e-06 2.54373e-06 -0.551011 -0.846926 -4.32927e-08 2.72537e-08 0.0144141 -0.00907401
243 1.63325e-06 2.55727e-06 -0.543784 -0.851433 -4.35285e-08 2.68878e-08 0.0144927 -0.00895218
243.5 1.61143e-06 2.57062e-06 -0.536518 -0.855879 -4.37614e-08 2.65198e-08 0.0145702 -0.00882967
244 1.58949e-06 2.58379e-06 -0.529214 -0.860263 -4.39911e-08 2.61498e-08 0.0146467 -0.00870647
244.5 1.56744e-06 2.59677e-06 -0.521871 -0.864585 -4.42179e-08 2.57778e-08 0.0147222 -0.0085826
245 1.54527e-06 2.60957e-06 -0.514492 -0.868845 -4.44415e-08 2.54037e-08 0.0147966 -0.00845807
245.5 1.52299e-06 2.62218e-06 -0.507075 -0.873043 -4.4662e-08 2.50277e-08 0.01487 -0.00833288
246 1.50061e-06 2.6346e-06 -0.499621 -0.877178 -4.48794e-08 2.46498e-08 0.0149424 -0.00820704
246.5 1.47811e-06 2.64683e-06 -0.492132 -0.88125 -4.50936e-08 2.42699e-08 0.0150137 -0.00808057
247 1.45551e-06 2.65887e-06 -0.484608 -0.885259 -4.53047e-08 2.38881e-08 0.015084 -0.00795346
247.5 1.43281e-06 2.67071e-06 -0.477048 -0.889204 -4.55126e-08 2.35045e-08 0.0151532 -0.00782573
248 1.41e-06 2.68237e-06 -0.469454 -0.893085 -4.57173e-08 2.3119e-08 0.0152214 -0.00769739
248.5 1.38709e-06 2.69383e-06 -0.461827 -0.896901 -4.59188e-08 2.27317e-08 0.0152885 -0.00756844
249 1.36408e-06 2.7051e-06 -0.454166 -0.900653 -4.61171e-08 2.23426e-08 0.0153545 -0.00743889
249.5 1.34098e-06 2.71618e-06 -0.446472 -0.90434 -4.63121e-08 2.19518e-08 0.0154194 -0.00730875
250 1.31777e-06 2.72705e-06 -0.438747 -0.907962 -4.65039e-08 2.15592e-08 0.0154833 -0.00717803
250.5 1.29447e-06 2.73773e-06 -0.430989 -0.911518 -4.66924e-08 2.11648e-08 0.0155461 -0.00704675
251 1.27108e-06 2.74822e-06 -0.4232 -0.915008 -4.68776e-08 2.07688e-08 0.0156077 -0.0069149
251.5 1.24759e-06 2.7585e-06 -0.415381 -0.918433 -4.70595e-08 2.03711e-08 0.0156683 -0.00678249
252 1.22402e-06 2.76859e-06 -0.407532 -0.921791 -4.7238e-08 1.99718e-08 0.0157277 -0.00664955
252.5 1.20036e-06 2.77848e-06 -0.399654 -0.925082 -4.74133e-08 1.95709e-08 0.0157861 -0.00651606
253 1.17661e-06 2.78816e-06 -0.391746 -0.928307 -4.75851e-08 1.91684e-08 0.0158433 -0.00638205
253.5 1.15277e-06 2.79764e-06 -0.38381 -0.931464 -4.77536e-08 1.87644e-08 0.0158994 -0.00624752
254 1.12885e-06 2.80692e-06 -0.375847 -0.934555 -4.79187e-08 1.83588e-08 0.0159544 -0.00611249
254.5 1.10485e-06 2.816e-06 -0.367856 -0.937577 -4.80805e-08 1.79517e-08 0.0160082 -0.00597695
255 1.08077e-06 2.82488e-06 -0.359839 -0.940531 -4.82388e-08 1.75432e-08 0.0160609 -0.00584093
255.5 1.05661e-06 2.83355e-06 -0.351795 -0.943418 -4.83936e-08 1.71332e-08 0.0161125 -0.00570442
256 1.03238e-06 2.84201e-06 -0.343726 -0.946236 -4.8545e-08 1.67218e-08 0.0161629 -0.00556745
256.5 1.00807e-06 2.85027e-06 -0.335632 -0.948985 -4.8693e-08 1.6309e-08 0.0162121 -0.00543001
257 9.83685e-07 2.85832e-06 -0.327514 -0.951666 -4.88375e-08 1.58948e-08 0.0162603 -0.00529211
257.5 9.5923e-07 2.86616e-06 -0.319372 -0.954277 -4.89785e-08 1.54793e-08 0.0163072 -0.00515378
258 9.34706e-07 2.8738e-06 -0.311207 -0.95682 -4.91161e-08 1.50625e-08 0.016353 -0.00501501
258.5 9.10114e-07 2.88122e-06 -0.303019 -0.959292 -4.92501e-08 1.46445e-08 0.0163976 -0.00487582
259 8.85456e-07 2.88844e-06 -0.294809 -0.961696 -4.93806e-08 1.42252e-08 0.0164411 -0.00473621
259.5 8.60734e-07 2.89545e-06 -0.286578 -0.964029 -4.95075e-08 1.38046e-08 0.0164833 -0.0045962
260 8.35949e-07 2.90225e-06 -0.278326 -0.966292 -4.96309e-08 1.33829e-08 0.0165244 -0.00445579
260.5 8.11103e-07 2.90883e-06 -0.270053 -0.968484 -4.97508e-08 1.29601e-08 0.0165643 -0.004315
261 7.86198e-07 2.91521e-06 -0.261761 -0.970607 -4.98671e-08 1.25361e-08 0.016603 -0.00417383
261.5 7.61236e-07 2.92137e-06 -0.25345 -0.972658 -4.99798e-08 1.2111e-08 0.0166406 -0.0040323
262 7.36218e-07 2.92732e-06 -0.245121 -0.974639 -5.00889e-08 1.16848e-08 0.0166769 -0.00389041
262.5 7.11147e-07 2.93305e-06 -0.236774 -0.976549 -5.01944e-08 1.12576e-08 0.016712 -0.00374817
263 6.86024e-07 2.93858e-06 -0.228409 -0.978387 -5.02963e-08 1.08294e-08 0.016746 -0.0036056
263.5 6.60851e-07 2.94388e-06 -0.220028 -0.980154 -5.03946e-08 1.04002e-08 0.0167787 -0.0034627
264 6.35629e-07 2.94898e-06 -0.21163 -0.98185 -5.04892e-08 9.97004e-09 0.0168102 -0.00331949
264.5 6.10361e-07 2.95385e-06 -0.203217 -0.983474 -5.05802e-08 9.53898e-09 0.0168405 -0.00317597
265 5.85049e-07 2.95851e-06 -0.19479 -0.985026 -5.06675e-08 9.10703e-09 0.0168696 -0.00303215
265.5 5.59694e-07 2.96296e-06 -0.186348 -0.986506 -5.07512e-08 8.67423e-09 0.0168974 -0.00288805
266 5.34298e-07 2.96719e-06 -0.177892 -0.987914 -5.08312e-08 8.24059e-09 0.016924 -0.00274367
266.5 5.08863e-07 2.9712e-06 -0.169424 -0.98925 -5.09075e-08 7.80616e-09 0.0169495 -0.00259903
267 4.8339e-07 2.975e-06 -0.160943 -0.990513 -5.09801e-08 7.37096e-09 0.0169736 -0.00245413
267.5 4.57883e-07 2.97857e-06 -0.15245 -0.991704 -5.1049e-08 6.93503e-09 0.0169966 -0.00230899
268 4.32341e-07 2.98193e-06 -0.143946 -0.992822 -5.11143e-08 6.49839e-09 0.0170183 -0.00216361
268.5 4.06768e-07 2.98507e-06 -0.135432 -0.993867 -5.11758e-08 6.06109e-09 0.0170388 -0.00201801
269 3.81165e-07 2.98799e-06 -0.126908 -0.99484 -5.12335e-08 5.62314e-09 0.017058 -0.0018722
269.5 3.55535e-07 2.99069e-06 -0.118374 -0.99574 -5.12876e-08 5.18458e-09 0.017076 -0.00172618
270 3.29878e-07 2.99318e-06 -0.109832 -0.996566 -5.13379e-08 4.74544e-09 0.0170927 -0.00157997
270.5 3.04197e-07 2.99544e-06 -0.101281 -0.99732 -5.13844e-08 4.30575e-09 0.0171082 -0.00143358
271 2.78493e-07 2.99748e-06 -0.0927233 -0.998 -5.14272e-08 3.86555e-09 0.0171225 -0.00128702
271.5 2.5277e-07 2.9993e-06 -0.0841587 -0.998607 -5.14663e-08 3.42487e-09 0.0171355 -0.0011403
272 2.27027e-07 3.00091e-06 -0.0755878 -0.99914 -5.15015e-08 2.98373e-09 0.0171472 -0.000993422
272.5 2.01268e-07 3.00229e-06 -0.0670114 -0.9996 -5.1533e-08 2.54218e-09 0.0171577 -0.000846408
273 1.75494e-07 3.00345e-06 -0.0584301 -0.999986 -5.15608e-08 2.10024e-09 0.017167 -0.000699266
273.5 1.49707e-07 3.00439e-06 -0.0498445 -1.0003 -5.15847e-08 1.65794e-09 0.0171749 -0.000552004
274 1.23909e-07 3.00511e-06 -0.0412552 -1.00054 -5.16049e-08 1.21532e-09 0.0171816 -0.000404636
274.5 9.81025e-08 3.0056e-06 -0.0326628 -1.0007 -5.16212e-08 7.72407e-10 0.0171871 -0.00025717
275 7.22883e-08 3.00588e-06 -0.0240681 -1.0008 -5.16338e-08 3.29237e-10 0.0171913 -0.000109618
275.5 4.64687e-08 3.00593e-06 -0.0154716 -1.00081 -5.16425e-08 -1.14159e-10 0.0171942 3.80087e-05
276 2.06458e-08 3.00576e-06 -0.00687392 -1.00076 -5.16475e-08 -5.57748e-10 0.0171958 0.0001857
276.5 -5.17874e-09 3.00538e-06 0.00172424 -1.00063 -5.16486e-08 -1.0015e-09 0.0171962 0.000333445
277 -3.10029e-08 3.00476e-06 0.0103223 -1.00042 -5.16459e-08 -1.44538e-09 0.0171953 0.000481233
277.5 -5.68247e-08 3.00393e-06 0.0189196 -1.00015 -5.16395e-08 -1.88935e-09 0.0171932 0.000629052
278 -8.26423e-08 3.00287e-06 0.0275154 -0.999795 -5.16291e-08 -2.33339e-09 0.0171897 0.000776892
278.5 -1.08454e-07 3.0016e-06 0.0361093 -0.99937 -5.1615e-08 -2.77745e-09 0.017185 0.000924742
279 -1.34257e-07 3.0001e-06 0.0447005 -0.99887 -5.15971e-08 -3.22152e-09 0.017179 0.00107259
279.5 -1.60051e-07 2.99837e-06 0.0532883 -0.998297 -5.15753e-08 -3.66554e-09 0.0171718 0.00122043
280 -1.85833e-07 2.99643e-06 0.0618722 -0.99765 -5.15497e-08 -4.1095e-09 0.0171633 0.00136824
280.5 -2.11601e-07 2.99427e-06 0.0704516 -0.996929 -5.15202e-08 -4.55336e-09 0.0171535 0.00151602
281 -2.37353e-07 2.99188e-06 0.0790257 -0.996134 -5.14869e-08 -4.99707e-09 0.0171424 0.00166376
281.5 -2.63087e-07 2.98927e-06 0.0875939 -0.995265 -5.14498e-08 -5.44063e-09 0.01713 0.00181143
282 -2.88803e-07 2.98644e-06 0.0961557 -0.994322 -5.14089e-08 -5.88397e-09 0.0171164 0.00195905
282.5 -3.14496e-07 2.98338e-06 0.10471 -0.993306 -5.13641e-08 -6.32709e-09 0.0171015 0.00210658
283 -3.40167e-07 2.98011e-06 0.113257 -0.992216 -5.13155e-08 -6.76993e-09 0.0170853 0.00225402
283.5 -3.65812e-07 2.97661e-06 0.121796 -0.991052 -5.1263e-08 -7.21247e-09 0.0170678 0.00240136
284 -3.9143e-07 2.9729e-06 0.130325 -0.989814 -5.12067e-08 -7.65468e-09 0.0170491 0.0025486
284.5 -4.17019e-07 2.96896e-06 0.138845 -0.988503 -5.11466e-08 -8.09652e-09 0.0170291 0.0026957
285 -4.42576e-07 2.9648e-06 0.147354 -0.987119 -5.10827e-08 -8.53795e-09 0.0170078 0.00284268
285.5 -4.68101e-07 2.96042e-06 0.155852 -0.985661 -5.10149e-08 -8.97895e-09 0.0169852 0.00298951
286 -4.93591e-07 2.95582e-06 0.164339 -0.984129 -5.09433e-08 -9.41948e-09 0.0169614 0.00313618
286.5 -5.19045e-07 2.951e-06 0.172814 -0.982525 -5.08679e-08 -9.85951e-09 0.0169363 0.00328268
287 -5.44459e-07 2.94596e-06 0.181276 -0.980847 -5.07886e-08 -1.0299e-08 0.0169099 0.00342901
287.5 -5.69833e-07 2.9407e-06 0.189724 -0.979096 -5.07055e-08 -1.07379e-08 0.0168822 0.00357515
288 -5.95165e-07 2.93522e-06 0.198158 -0.977271 -5.06186e-08 -1.11762e-08 0.0168533 0.00372108
288.5 -6.20452e-07 2.92953e-06 0.206577 -0.975374 -5.05279e-08 -1.16139e-08 0.0168231 0.0038668
289 -6.45693e-07 2.92361e-06 0.214981 -0.973405 -5.04334e-08 -1.20509e-08 0.0167916 0.0040123
289.5 -6.70885e-07 2.91748e-06 0.223369 -0.971362 -5.0335e-08 -1.24872e-08 0.0167588 0.00415757
290 -6.96028e-07 2.91112e-06 0.23174 -0.969247 -5.02329e-08 -1.29228e-08 0.0167248 0.00430259
290.5 -7.21118e-07 2.90455e-06 0.240093 -0.96706 -5.01269e-08 -1.33576e-08 0.0166896 0.00444735
291 -7.46154e-07 2.89777e-06 0.248429 -0.9648 -5.00172e-08 -1.37915e-08 0.016653 0.00459184
291.5 -7.71135e-07 2.89076e-06 0.256746 -0.962468 -4.99036e-08 -1.42247e-08 0.0166152 0.00473606
292 -7.96058e-07 2.88354e-06 0.265044 -0.960064 -4.97863e-08 -1.4657e-08 0.0165762 0.00487998
292.5 -8.20921e-07 2.8761e-06 0.273323 -0.957588 -4.96652e-08 -1.50883e-08 0.0165358 0.0050236
293 -8.45723e-07 2.86845e-06 0.28158 -0.95504 -4.95403e-08 -1.55187e-08 0.0164943 0.00516691
293.5 -8.70462e-07 2.86059e-06 0.289817 -0.952421 -4.94117e-08 -1.59482e-08 0.0164514 0.00530989
294 -8.95135e-07 2.8525e-06 0.298032 -0.94973 -4.92793e-08 -1.63766e-08 0.0164073 0.00545254
294.5 -9.19741e-07 2.84421e-06 0.306224 -0.946968 -4.91431e-08 -1.6804e-08 0.016362 0.00559484
295 -9.44278e-07 2.8357e-06 0.314394 -0.944135 -4.90032e-08 -1.72304e-08 0.0163154 0.00573678
295.5 -9.68744e-07 2.82698e-06 0.32254 -0.941232 -4.88596e-08 -1.76556e-08 0.0162676 0.00587835
296 -9.93138e-07 2.81805e-06 0.330661 -0.938257 -4.87122e-08 -1.80796e-08 0.0162185 0.00601955
296.5 -1.01746e-06 2.8089e-06 0.338758 -0.935212 -4.85611e-08 -1.85025e-08 0.0161682 0.00616035
297 -1.0417e-06 2.79954e-06 0.346829 -0.932097 -4.84062e-08 -1.89242e-08 0.0161167 0.00630075
297.5 -1.06586e-06 2.78998e-06 0.354875 -0.928911 -4.82477e-08 -1.93447e-08 0.0160639 0.00644074
298 -1.08995e-06 2.7802e-06 0.362893 -0.925656 -4.80855e-08 -1.97639e-08 0.0160099 0.0065803
298.5 -1.11395e-06 2.77021e-06 0.370885 -0.922331 -4.79196e-08 -2.01817e-08 0.0159546 0.00671942
299 -1.13787e-06 2.76002e-06 0.378848 -0.918936 -4.775e-08 -2.05982e-08 0.0158982 0.0068581
299.5 -1.1617e-06 2.74961e-06 0.386783 -0.915473 -4.75767e-08 -2.10134e-08 0.0158405 0.00699632
300 -1.18544e-06 2.739e-06 0.394688 -0.91194 -4.73998e-08 -2.14271e-08 0.0157816 0.00713407
300.5 -1.2091e-06 2.72819e-06 0.402564 -0.908339 -4.72192e-08 -2.18394e-08 0.0157214 0.00727134
301 -1.23266e-06 2.71716e-06 0.41041 -0.904669 -4.7035e-08 -2.22502e-08 0.0156601 0.00740813
301.5 -1.25613e-06 2.70594e-06 0.418224 -0.900931 -4.68471e-08 -2.26595e-08 0.0155976 0.0075444
302 -1.27951e-06 2.6945e-06 0.426007 -0.897124 -4.66557e-08 -2.30673e-08 0.0155338 0.00768017
302.5 -1.30279e-06 2.68287e-06 0.433758 -0.89325 -4.64606e-08 -2.34735e-08 0.0154689 0.00781541
303 -1.32597e-06 2.67103e-06 0.441476 -0.889309 -4.62619e-08 -2.38781e-08 0.0154027 0.00795012
303.5 -1.34905e-06 2.65899e-06 0.449161 -0.8853 -4.60597e-08 -2.4281e-08 0.0153354 0.00808428
304 -1.37203e-06 2.64675e-06 0.456812 -0.881225 -4.58539e-08 -2.46823e-08 0.0152669 0.00821788
304.5 -1.3949e-06 2.63431e-06 0.464428 -0.877082 -4.56446e-08 -2.50819e-08 0.0151972 0.00835092
305 -1.41767e-06 2.62167e-06 0.472009 -0.872874 -4.54317e-08 -2.54797e-08 0.0151263 0.00848338
305.5 -1.44034e-06 2.60883e-06 0.479554 -0.868599 -4.52152e-08 -2.58758e-08 0.0150542 0.00861525
306 -1.46289e-06 2.59579e-06 0.487063 -0.864259 -4.49953e-08 -2.62701e-08 0.014981 0.00874652
306.5 -1.48533e-06 2.58256e-06 0.494535 -0.859853 -4.47719e-08 -2.66625e-08 0.0149066 0.00887718
307 -1.50766e-06 2.56913e-06 0.50197 -0.855381 -4.4545e-08 -2.70531e-08 0.0148311 0.00900722
307.5 -1.52988e-06 2.55551e-06 0.509366 -0.850845 -4.43146e-08 -2.74418e-08 0.0147544 0.00913663
308 -1.55198e-06 2.54169e-06 0.516724 -0.846245 -4.40808e-08 -2.78285e-08 0.0146765 0.0092654
308.5 -1.57396e-06 2.52768e-06 0.524043 -0.84158 -4.38435e-08 -2.82133e-08 0.0145975 0.00939351
309 -1.59582e-06 2.51347e-06 0.531322 -0.836851 -4.36028e-08 -2.85961e-08 0.0145174 0.00952096
309.5 -1.61756e-06 2.49908e-06 0.53856 -0.832059 -4.33587e-08 -2.89769e-08 0.0144361 0.00964774
310 -1.63918e-06 2.4845e-06 0.545758 -0.827203 -4.31112e-08 -2.93556e-08 0.0143537 0.00977383
310.5 -1.66067e-06 2.46972e-06 0.552914 -0.822285 -4.28603e-08 -2.97322e-08 0.0142702 0.00989922
311 -1.68204e-06 2.45476e-06 0.560028 -0.817304 -4.26061e-08 -3.01067e-08 0.0141855 0.0100239
311.5 -1.70328e-06 2.43962e-06 0.567099 -0.812261 -4.23486e-08 -3.04791e-08 0.0140998 0.0101479
312 -1.72439e-06 2.42429e-06 0.574128 -0.807156 -4.20877e-08 -3.08493e-08 0.0140129 0.0102711
312.5 -1.74536e-06 2.40877e-06 0.581112 -0.80199 -4.18235e-08 -3.12172e-08 0.013925 0.0103937
313 -1.76621e-06 2.39307e-06 0.588053 -0.796763 -4.15561e-08 -3.1583e-08 0.0138359 0.0105154
313.5 -1.78692e-06 2.37719e-06 0.594948 -0.791475 -4.12853e-08 -3.19464e-08 0.0137458 0.0106364
314 -1.8075e-06 2.36112e-06 0.601798 -0.786126 -4.10114e-08 -3.23076e-08 0.0136546 0.0107567
314.5 -1.82793e-06 2.34488e-06 0.608603 -0.780718 -4.07342e-08 -3.26664e-08 0.0135623 0.0108762
315 -1.84823e-06 2.32846e-06 0.615361 -0.77525 -4.04538e-08 -3.30229e-08 0.0134689 0.0109948
315.5 -1.86839e-06 2.31186e-06 0.622072 -0.769723 -4.01702e-08 -3.3377e-08 0.0133745 0.0111127
316 -1.8884e-06 2.29508e-06 0.628735 -0.764137 -3.98834e-08 -3.37286e-08 0.013279 0.0112298
316.5 -1.90827e-06 2.27813e-06 0.635351 -0.758493 -3.95935e-08 -3.40778e-08 0.0131825 0.0113461
317 -1.92799e-06 2.261e-06 0.641918 -0.752791 -3.93004e-08 -3.44246e-08 0.0130849 0.0114615
317.5 -1.94757e-06 2.2437e-06 0.648436 -0.747032 -3.90043e-08 -3.47688e-08 0.0129863 0.0115761
318 -1.967e-06 2.22623e-06 0.654904 -0.741215 -3.87051e-08 -3.51105e-08 0.0128867 0.0116899
318.5 -1.98627e-06 2.20859e-06 0.661322 -0.735342 -3.84028e-08 -3.54496e-08 0.0127861 0.0118028
319 -2.0054e-06 2.19078e-06 0.66769 -0.729412 -3.80975e-08 -3.57861e-08 0.0126844 0.0119148
319.5 -2.02437e-06 2.17281e-06 0.674007 -0.723427 -3.77891e-08 -3.612e-08 0.0125817 0.012026
320 -2.04319e-06 2.15466e-06 0.680272 -0.717386 -3.74778e-08 -3.64512e-08 0.0124781 0.0121363
320.5 -2.06185e-06 2.13635e-06 0.686485 -0.711291 -3.71634e-08 -3.67798e-08 0.0123734 0.0122457
321 -2.08035e-06 2.11788e-06 0.692645 -0.705141 -3.68462e-08 -3.71056e-08 0.0122678 0.0123542
321.5 -2.0987e-06 2.09925e-06 0.698753 -0.698937 -3.6526e-08 -3.74288e-08 0.0121612 0.0124618
322 -2.11688e-06 2.08045e-06 0.704806 -0.692679 -3.62029e-08 -3.77491e-08 0.0120536 0.0125684
322.5 -2.1349e-06 2.0615e-06 0.710806 -0.686368 -3.58769e-08 -3.80667e-08 0.0119451 0.0126741
323 -2.15276e-06 2.04239e-06 0.716751 -0.680005 -3.5548e-08 -3.83814e-08 0.0118356 0.0127789
323.5 -2.17045e-06 2.02312e-06 0.722642 -0.673589 -3.52164e-08 -3.86933e-08 0.0117252 0.0128828
324 -2.18797e-06 2.00369e-06 0.728477 -0.667122 -3.48819e-08 -3.90023e-08 0.0116138 0.0129857
324.5 -2.20533e-06 1.98412e-06 0.734256 -0.660604 -3.45446e-08 -3.93085e-08 0.0115015 0.0130876
325 -2.22252e-06 1.96439e-06 0.739978 -0.654034 -3.42046e-08 -3.96117e-08 0.0113883 0.0131886
325.5 -2.23953e-06 1.9445e-06 0.745644 -0.647415 -3.38619e-08 -3.99119e-08 0.0112742 0.0132885
326 -2.25638e-06 1.92447e-06 0.751252 -0.640746 -3.35164e-08 -4.02092e-08 0.0111592 0.0133875
326.5 -2.27305e-06 1.90429e-06 0.756803 -0.634027 -3.31683e-08 -4.05035e-08 0.0110432 0.0134855
327 -2.28955e-06 1.88397e-06 0.762296 -0.62726 -3.28175e-08 -4.07948e-08 0.0109265 0.0135825
327.5 -2.30587e-06 1.8635e-06 0.767729 -0.620445 -3.24641e-08 -4.1083e-08 0.0108088 0.0136784
328 -2.32201e-06 1.84289e-06 0.773104 -0.613582 -3.21081e-08 -4.13681e-08 0.0106903 0.0137733
328.5 -2.33798e-06 1.82213e-06 0.77842 -0.606672 -3.17495e-08 -4.16501e-08 0.0105709 0.0138672
329 -2.35376e-06 1.80124e-06 0.783675 -0.599715 -3.13884e-08 -4.1929e-08 0.0104506 0.0139601
329.5 -2.36936e-06 1.7802e-06 0.78887 -0.592712 -3.10247e-08 -4.22047e-08 0.0103296 0.0140519
330 -2.38479e-06 1.75903e-06 0.794005 -0.585663 -3.06586e-08 -4.24773e-08 0.0102076 0.0141427
330.5 -2.40002e-06 1.73773e-06 0.799078 -0.578569 -3.029e-08 -4.27467e-08 0.0100849 0.0142323
331 -2.41508e-06 1.71629e-06 0.80409 -0.57143 -2.99189e-08 -4.30128e-08 0.00996139 0.014321
331.5 -2.42994e-06 1.69471e-06 0.809039 -0.564248 -2.95455e-08 -4.32758e-08 0.00983705 0.0144085
332 -2.44462e-06 1.67301e-06 0.813927 -0.557022 -2.91697e-08 -4.35354e-08 0.00971193 0.0144949
332.5 -2.45911e-06 1.65118e-06 0.818751 -0.549753 -2.87915e-08 -4.37918e-08 0.00958602 0.0145803
333 -2.47341e-06 1.62922e-06 0.823513 -0.542442 -2.8411e-08 -4.40448e-08 0.00945934 0.0146645
333.5 -2.48752e-06 1.60713e-06 0.828211 -0.535089 -2.80282e-08 -4.42945e-08 0.00933189 0.0147477
334 -2.50144e-06 1.58492e-06 0.832845 -0.527694 -2.76432e-08 -4.45409e-08 0.0092037 0.0148297
334.5 -2.51517e-06 1.56259e-06 0.837414 -0.520259 -2.7256e-08 -4.47838e-08 0.00907476 0.0149106
335 -2.5287e-06 1.54014e-06 0.841919 -0.512783 -2.68665e-08 -4.50234e-08 0.00894509 0.0149904
335.5 -2.54203e-06 1.51757e-06 0.846359 -0.505268 -2.64749e-08 -4.52596e-08 0.0088147 0.015069
336 -2.55517e-06 1.49488e-06 0.850734 -0.497714 -2.60811e-08 -4.54923e-08 0.0086836 0.0151465
336.5 -2.56811e-06 1.47208e-06 0.855043 -0.490122 -2.56852e-08 -4.57215e-08 0.00855179 0.0152228
337 -2.58086e-06 1.44916e-06 0.859286 -0.482492 -2.52873e-08 -4.59473e-08 0.0084193 0.015298
337.5 -2.5934e-06 1.42613e-06 0.863462 -0.474824 -2.48873e-08 -4.61696e-08 0.00828612 0.015372
338 -2.60574e-06 1.40299e-06 0.867572 -0.46712 -2.44853e-08 -4.63883e-08 0.00815228 0.0154448
338.5 -2.61789e-06 1.37974e-06 0.871615 -0.459379 -2.40813e-08 -4.66035e-08 0.00801777 0.0155165
339 -2.62982e-06 1.35639e-06 0.87559 -0.451603 -2.36753e-08 -4.68152e-08 0.00788261 0.0155869
339.5 -2.64156e-06 1.33293e-06 0.879497 -0.443792 -2.32675e-08 -4.70233e-08 0.00774682 0.0156562
340 -2.65309e-06 1.30936e-06 0.883337 -0.435947 -2.28577e-08 -4.72278e-08 0.0076104 0.0157243
340.5 -2.66442e-06 1.2857e-06 0.887108 -0.428068 -2.24461e-08 -4.74286e-08 0.00747336 0.0157912
341 -2.67554e-06 1.26193e-06 0.89081 -0.420156 -2.20327e-08 -4.76259e-08 0.00733571 0.0158568
341.5 -2.68645e-06 1.23807e-06 0.894443 -0.412211 -2.16175e-08 -4.78194e-08 0.00719747 0.0159213
342 -2.69716e-06 1.21411e-06 0.898007 -0.404235 -2.12006e-08 -4.80094e-08 0.00705865 0.0159845
342.5 -2.70765e-06 1.19006e-06 0.901502 -0.396227 -2.07819e-08 -4.81956e-08 0.00691925 0.0160465
343 -2.71794e-06 1.16592e-06 0.904927 -0.388188 -2.03615e-08 -4.83781e-08 0.00677929 0.0161073
343.5 -2.72801e-06 1.14168e-06 0.908281 -0.380119 -1.99395e-08 -4.8557e-08 0.00663878 0.0161669
344 -2.73788e-06 1.11736e-06 0.911565 -0.372021 -1.95159e-08 -4.87321e-08 0.00649773 0.0162251
344.5 -2.74753e-06 1.09295e-06 0.914779 -0.363894 -1.90906e-08 -4.89034e-08 0.00635615 0.0162822
345 -2.75697e-06 1.06846e-06 0.917922 -0.355739 -1.86638e-08 -4.9071e-08 0.00621405 0.016338
345.5 -2.76619e-06 1.04388e-06 0.920993 -0.347556 -1.82355e-08 -4.92348e-08 0.00607145 0.0163925
346 -2.7752e-06 1.01922e-06 0.923993 -0.339346 -1.78057e-08 -4.93948e-08 0.00592835 0.0164458
346.5 -2.784e-06 9.94486e-07 0.926921 -0.33111 -1.73745e-08 -4.9551e-08 0.00578477 0.0164978
347 -2.79258e-06 9.69672e-07 0.929778 -0.322849 -1.69419e-08 -4.97034e-08 0.00564072 0.0165485
347.5 -2.80094e-06 9.44783e-07 0.932562 -0.314562 -1.65078e-08 -4.9852e-08 0.00549622 0.016598
348 -2.80909e-06 9.1982e-07 0.935274 -0.306251 -1.60724e-08 -4.99967e-08 0.00535126 0.0166462
348.5 -2.81701e-06 8.94786e-07 0.937913 -0.297916 -1.56358e-08 -5.01375e-08 0.00520587 0.0166931
349 -2.82472e-06 8.69683e-07 0.94048 -0.289557 -1.51978e-08 -5.02745e-08 0.00506005 0.0167387
349.5 -2.83221e-06 8.44512e-07 0.942973 -0.281177 -1.47586e-08 -5.04076e-08 0.00491382 0.016783
350 -2.83948e-06 8.19275e-07 0.945394 -0.272774 -1.43182e-08 -5.05368e-08 0.00476718 0.016826
350.5 -2.84653e-06 7.93975e-07 0.947741 -0.264351 -1.38766e-08 -5.0662e-08 0.00462016 0.0168677
351 -2.85336e-06 7.68613e-07 0.950014 -0.255907 -1.34339e-08 -5.07834e-08 0.00447277 0.0169081
351.5 -2.85996e-06 7.43192e-07 0.952213 -0.247443 -1.29901e-08 -5.09008e-08 0.004325 0.0169472
352 -2.86635e-06 7.17712e-07 0.954339 -0.23896 -1.25452e-08 -5.10143e-08 0.00417689 0.016985
352.5 -2.87251e-06 6.92177e-07 0.95639 -0.230458 -1.20993e-08 -5.11239e-08 0.00402843 0.0170215
353 -2.87845e-06 6.66589e-07 0.958367 -0.221938 -1.16525e-08 -5.12295e-08 0.00387964 0.0170566
353.5 -2.88416e-06 6.40948e-07 0.96027 -0.213401 -1.12046e-08 -5.13311e-08 0.00373054 0.0170905
354 -2.88965e-06 6.15257e-07 0.962098 -0.204848 -1.07559e-08 -5.14287e-08 0.00358113 0.017123
354.5 -2.89492e-06 5.89519e-07 0.963851 -0.196278 -1.03063e-08 -5.15224e-08 0.00343143 0.0171542
355 -2.89996e-06 5.63735e-07 0.965529 -0.187693 -9.8558e-09 -5.1612e-08 0.00328145 0.017184
355.5 -2.90477e-06 5.37907e-07 0.967132 -0.179094 -9.40452e-09 -5.16977e-08 0.0031312 0.0172125
356 -2.90936e-06 5.12037e-07 0.968661 -0.170481 -8.95248e-09 -5.17793e-08 0.00298069 0.0172397
356.5 -2.91372e-06 4.86128e-07 0.970113 -0.161854 -8.4997e-09 -5.18569e-08 0.00282994 0.0172655
357 -2.91786e-06 4.60181e-07 0.97149 -0.153215 -8.04623e-09 -5.19305e-08 0.00267896 0.01729
357.5 -2.92177e-06 4.34197e-07 0.972792 -0.144564 -7.5921e-09 -5.2e-08 0.00252776 0.0173132
358 -2.92545e-06 4.08181e-07 0.974018 -0.135902 -7.13735e-09 -5.20655e-08 0.00237635 0.017335
358.5 -2.92891e-06 3.82132e-07 0.975169 -0.127229 -6.68201e-09 -5.2127e-08 0.00222475 0.0173555
359 -2.93214e-06 3.56054e-07 0.976243 -0.118547 -6.22613e-09 -5.21844e-08 0.00207297 0.0173746
359.5 -2.93513e-06 3.29947e-07 0.977241 -0.109855 -5.76974e-09 -5.22378e-08 0.00192101 0.0173924
360 -2.93791e-06 3.03816e-07 0.978164 -0.101154 -5.31287e-09 -5.22871e-08 0.0017689 0.0174088
360.5 -2.94045e-06 2.7766e-07 0.97901 -0.0924459 -4.85557e-09 -5.23323e-08 0.00161664 0.0174238
361 -2.94276e-06 2.51483e-07 0.979781 -0.0837304 -4.39787e-09 -5.23735e-08 0.00146425 0.0174375
361.5 -2.94485e-06 2.25287e-07 0.980475 -0.0750084 -3.93982e-09 -5.24106e-08 0.00131175 0.0174499
362 -2.9467e-06 1.99073e-07 0.981092 -0.0662805 -3.48144e-09 -5.24436e-08 0.00115913 0.0174609
362.5 -2.94833e-06 1.72843e-07 0.981634 -0.0575475 -3.02277e-09 -5.24725e-08 0.00100642 0.0174705
363 -2.94972e-06 1.466e-07 0.982099 -0.04881 -2.56386e-09 -5.24974e-08 0.000853626 0.0174788
363.5 -2.95089e-06 1.20346e-07 0.982487 -0.0400687 -2.10473e-09 -5.25182e-08 0.000700763 0.0174857
364 -2.95183e-06 9.40821e-08 0.9828 -0.0313243 -1.64544e-09 -5.25349e-08 0.000547842 0.0174913
364.5 -2.95254e-06 6.7811e-08 0.983035 -0.0225774 -1.18601e-09 -5.25475e-08 0.000394876 0.0174955
365 -2.95301e-06 4.15346e-08 0.983194 -0.0138288 -7.26479e-10 -5.2556e-08 0.000241878 0.0174983
