0 0.982984 0.0175 -0.000306055 0.0175
1 0.982372 0.0349946 -0.000612155 0.0174946
2 0.981454 0.0524782 -0.0009182 0.0174836
3 0.98023 0.0699455 -0.00122409 0.0174673
4 0.9787 0.087391 -0.00152972 0.0174455
5 0.976865 0.104809 -0.001835 0.0174182
6 0.974725 0.122195 -0.00213981 0.0173855
7 0.972281 0.139542 -0.00244407 0.0173474
8 0.969533 0.156846 -0.00274766 0.0173038
9 0.966483 0.174101 -0.0030505 0.0172548
10 0.96313 0.191301 -0.00335248 0.0172004
11 0.959477 0.208442 -0.00365349 0.0171406
12 0.955523 0.225517 -0.00395344 0.0170755
13 0.951271 0.242522 -0.00425223 0.0170049
14 0.946721 0.259451 -0.00454976 0.0169291
15 0.941875 0.276299 -0.00484594 0.0168479
16 0.936735 0.293061 -0.00514065 0.0167615
17 0.931301 0.30973 -0.0054338 0.0166698
18 0.925576 0.326303 -0.00572531 0.0165728
19 0.919561 0.342774 -0.00601506 0.0164707
20 0.913258 0.359137 -0.00630296 0.0163633
21 0.906669 0.375388 -0.00658892 0.0162509
22 0.899796 0.391521 -0.00687284 0.0161333
23 0.892641 0.407532 -0.00715463 0.0160107
24 0.885207 0.423415 -0.00743418 0.0158831
25 0.877496 0.439166 -0.00771142 0.0157505
26 0.869509 0.454779 -0.00798625 0.0156129
27 0.861251 0.470249 -0.00825857 0.0154705
28 0.852723 0.485572 -0.0085283 0.0153232
29 0.843927 0.500744 -0.00879535 0.0151712
30 0.834868 0.515758 -0.00905963 0.0150144
31 0.825546 0.530611 -0.00932104 0.0148529
32 0.815967 0.545298 -0.00957952 0.0146867
33 0.806132 0.559814 -0.00983496 0.014516
34 0.796045 0.574154 -0.0100873 0.0143408
35 0.785708 0.588315 -0.0103364 0.0141611
36 0.775126 0.602293 -0.0105823 0.013977
37 0.764301 0.616081 -0.0108248 0.0137886
38 0.753237 0.629677 -0.0110638 0.0135959
39 0.741938 0.643076 -0.0112994 0.013399
40 0.730407 0.656274 -0.0115313 0.0131979
41 0.718647 0.669267 -0.0117596 0.0129928
42 0.706663 0.68205 -0.0119842 0.0127837
43 0.694458 0.694621 -0.0122049 0.0125706
44 0.682036 0.706975 -0.0124218 0.0123537
45 0.669402 0.719108 -0.0126347 0.0121331
46 0.656558 0.731017 -0.0128436 0.0119087
47 0.64351 0.742697 -0.0130484 0.0116806
48 0.630261 0.754146 -0.013249 0.011449
49 0.616815 0.76536 -0.0134455 0.011214
50 0.603178 0.776336 -0.0136376 0.0109755
51 0.589352 0.787069 -0.0138255 0.0107338
52 0.575343 0.797558 -0.0140089 0.0104888
53 0.561155 0.807799 -0.0141879 0.0102406
54 0.546793 0.817788 -0.0143624 0.00998941
55 0.53226 0.827523 -0.0145324 0.00973522
56 0.517563 0.837002 -0.0146978 0.00947814
57 0.502704 0.84622 -0.0148585 0.00921826
58 0.48769 0.855176 -0.0150145 0.00895566
59 0.472524 0.863866 -0.0151657 0.00869043
60 0.457212 0.872289 -0.0153122 0.00842266
61 0.441758 0.880441 -0.0154538 0.00815245
62 0.426167 0.888321 -0.0155906 0.00787987
63 0.410445 0.895926 -0.0157224 0.00760503
64 0.394596 0.903254 -0.0158493 0.00732801
65 0.378624 0.910303 -0.0159713 0.00704891
66 0.362536 0.917071 -0.0160882 0.00676782
67 0.346336 0.923556 -0.0162 0.00648484
68 0.330029 0.929756 -0.0163068 0.00620005
69 0.313621 0.935669 -0.0164085 0.00591355
70 0.297116 0.941295 -0.0165051 0.00562544
71 0.280519 0.94663 -0.0165965 0.00533582
72 0.263836 0.951675 -0.0166828 0.00504477
73 0.247073 0.956428 -0.0167638 0.00475239
74 0.230233 0.960886 -0.0168397 0.00445877
75 0.213323 0.96505 -0.0169103 0.00416402
76 0.196347 0.968919 -0.0169757 0.00386823
77 0.179311 0.97249 -0.0170358 0.00357149
78 0.16222 0.975764 -0.0170907 0.00327391
79 0.14508 0.97874 -0.0171403 0.00297557
80 0.127895 0.981416 -0.0171846 0.00267657
81 0.110672 0.983793 -0.0172236 0.00237701
82 0.0934144 0.98587 -0.0172574 0.00207698
83 0.0761285 0.987647 -0.0172859 0.00177658
84 0.0588195 0.989123 -0.017309 0.0014759
85 0.0414926 0.990298 -0.0173269 0.00117504
86 0.024153 0.991172 -0.0173395 0.000874095
87 0.00680616 0.991745 -0.0173469 0.000573156
88 -0.0105428 0.992017 -0.0173489 0.000272318
89 -0.0278885 0.991989 -0.0173457 -2.83244e-05
90 -0.0452258 0.99166 -0.0173373 -0.000328679
91 -0.0625494 0.991032 -0.0173236 -0.000628653
92 -0.0798542 0.990103 -0.0173047 -0.000928154
93 -0.0971348 0.988876 -0.0172806 -0.00122709
94 -0.114386 0.987351 -0.0172513 -0.00152537
95 -0.131603 0.985528 -0.0172168 -0.0018229
96 -0.14878 0.983408 -0.0171772 -0.0021196
97 -0.165913 0.980993 -0.0171325 -0.00241537
98 -0.182995 0.978283 -0.0170826 -0.00271012
99 -0.200023 0.975279 -0.0170277 -0.00300377
100 -0.216991 0.971983 -0.0169677 -0.00329623
101 -0.233893 0.968396 -0.0169027 -0.00358741
102 -0.250726 0.964518 -0.0168327 -0.00387722
103 -0.267484 0.960353 -0.0167577 -0.00416559
104 -0.284162 0.9559 -0.0166779 -0.00445242
105 -0.300755 0.951163 -0.0165931 -0.00473764
106 -0.317258 0.946142 -0.0165034 -0.00502115
107 -0.333667 0.940839 -0.016409 -0.00530289
108 -0.349977 0.935256 -0.0163097 -0.00558276
109 -0.366182 0.929395 -0.0162057 -0.00586068
110 -0.382279 0.923259 -0.016097 -0.00613658
111 -0.398263 0.916848 -0.0159836 -0.00641038
112 -0.414129 0.910166 -0.0158656 -0.00668201
113 -0.429872 0.903215 -0.0157431 -0.00695137
114 -0.445488 0.895996 -0.015616 -0.00721841
115 -0.460972 0.888513 -0.0154844 -0.00748304
116 -0.476321 0.880768 -0.0153484 -0.0077452
117 -0.491529 0.872763 -0.015208 -0.0080048
118 -0.506592 0.864502 -0.0150633 -0.00826178
119 -0.521506 0.855986 -0.0149143 -0.00851607
120 -0.536267 0.847218 -0.014761 -0.0087676
121 -0.550871 0.838202 -0.0146036 -0.0090163
122 -0.565313 0.82894 -0.0144421 -0.00926211
123 -0.579589 0.819435 -0.0142764 -0.00950495
124 -0.593696 0.80969 -0.0141068 -0.00974476
125 -0.607629 0.799708 -0.0139332 -0.00998149
126 -0.621385 0.789493 -0.0137558 -0.0102151
127 -0.63496 0.779048 -0.0135745 -0.0104454
128 -0.648349 0.768375 -0.0133894 -0.0106725
129 -0.661549 0.757479 -0.0132006 -0.0108963
130 -0.674558 0.746362 -0.0130081 -0.0111166
131 -0.68737 0.735029 -0.0128121 -0.0113335
132 -0.699982 0.723482 -0.0126125 -0.0115469
133 -0.712392 0.711725 -0.0124095 -0.0117568
134 -0.724595 0.699762 -0.012203 -0.011963
135 -0.736588 0.687597 -0.0119933 -0.0121656
136 -0.748368 0.675232 -0.0117802 -0.0123645
137 -0.759932 0.662672 -0.011564 -0.0125596
138 -0.771277 0.649922 -0.0113446 -0.0127509
139 -0.782399 0.636983 -0.0111222 -0.0129383
140 -0.793296 0.623861 -0.0108967 -0.0131219
141 -0.803964 0.61056 -0.0106683 -0.0133015
142 -0.814401 0.597083 -0.0104371 -0.0134771
143 -0.824604 0.583434 -0.0102031 -0.0136487
144 -0.83457 0.569618 -0.00996634 -0.0138162
145 -0.844297 0.555638 -0.00972695 -0.0139796
146 -0.853782 0.5415 -0.00948499 -0.0141388
147 -0.863023 0.527206 -0.00924052 -0.0142939
148 -0.872017 0.512761 -0.00899361 -0.0144447
149 -0.880761 0.49817 -0.00874435 -0.0145913
150 -0.889254 0.483436 -0.0084928 -0.0147335
151 -0.897493 0.468565 -0.00823903 -0.0148715
152 -0.905476 0.45356 -0.00798313 -0.0150051
153 -0.913201 0.438425 -0.00772516 -0.0151343
154 -0.920666 0.423166 -0.00746519 -0.0152591
155 -0.92787 0.407787 -0.00720331 -0.0153795
156 -0.934809 0.392291 -0.00693959 -0.0154954
157 -0.941483 0.376684 -0.0066741 -0.0156068
158 -0.94789 0.360971 -0.00640692 -0.0157137
159 -0.954028 0.345155 -0.00613812 -0.0158161
160 -0.959896 0.329241 -0.00586778 -0.0159139
161 -0.965492 0.313234 -0.00559598 -0.0160071
162 -0.970815 0.297138 -0.00532278 -0.0160957
163 -0.975863 0.280958 -0.00504827 -0.0161798
164 -0.980636 0.264699 -0.00477253 -0.0162591
165 -0.985131 0.248365 -0.00449562 -0.0163339
166 -0.989349 0.231961 -0.00421763 -0.016404
167 -0.993287 0.215492 -0.00393863 -0.0164694
168 -0.996946 0.198962 -0.0036587 -0.0165301
169 -1.00032 0.182376 -0.00337791 -0.0165862
170 -1.00342 0.165738 -0.00309635 -0.0166375
171 -1.00623 0.149054 -0.00281408 -0.0166841
172 -1.00877 0.132328 -0.00253118 -0.016726
173 -1.01101 0.115565 -0.00224774 -0.0167632
174 -1.01298 0.0987692 -0.00196382 -0.0167956
175 -1.01466 0.0819458 -0.00167951 -0.0168234
176 -1.01605 0.0650994 -0.00139487 -0.0168464
177 -1.01716 0.0482348 -0.00110999 -0.0168646
178 -1.01799 0.0313567 -0.000824941 -0.0168781
179 -1.01853 0.0144698 -0.000539799 -0.0168869
180 -1.01878 -0.00242119 -0.00025464 -0.016891
181 -1.01875 -0.0193115 3.04604e-05 -0.0168903
182 -1.01844 -0.0361964 0.000315426 -0.0168849
183 -1.01783 -0.0530711 0.000600183 -0.0168748
184 -1.01695 -0.0699311 0.000884655 -0.0168599
185 -1.01578 -0.0867714 0.00116877 -0.0168404
186 -1.01433 -0.103588 0.00145245 -0.0168162
187 -1.01259 -0.120375 0.00173562 -0.0167872
188 -1.01058 -0.137128 0.0020182 -0.0167536
189 -1.00828 -0.153844 0.00230013 -0.0167154
190 -1.00569 -0.170516 0.00258133 -0.0166725
191 -1.00283 -0.187141 0.00286172 -0.0166249
192 -0.999691 -0.203714 0.00314124 -0.0165728
193 -0.996271 -0.22023 0.0034198 -0.016516
194 -0.992574 -0.236685 0.00369735 -0.0164547
195 -0.9886 -0.253074 0.00397379 -0.0163887
196 -0.984351 -0.269392 0.00424907 -0.0163183
197 -0.979828 -0.285635 0.00452311 -0.0162433
198 -0.975032 -0.301799 0.00479584 -0.0161638
199 -0.969965 -0.317879 0.00506718 -0.0160798
200 -0.964628 -0.33387 0.00533708 -0.0159913
201 -0.959022 -0.349768 0.00560545 -0.0158985
202 -0.95315 -0.36557 0.00587223 -0.0158012
203 -0.947013 -0.381269 0.00613734 -0.0156995
204 -0.940612 -0.396863 0.00640073 -0.0155934
205 -0.93395 -0.412346 0.00666232 -0.0154831
206 -0.927027 -0.427714 0.00692204 -0.0153684
207 -0.919848 -0.442963 0.00717982 -0.0152495
208 -0.912412 -0.45809 0.0074356 -0.0151263
209 -0.904723 -0.473089 0.00768931 -0.0149989
210 -0.896782 -0.487956 0.00794088 -0.0148674
211 -0.888592 -0.502688 0.00819026 -0.0147317
212 -0.880154 -0.517279 0.00843736 -0.0145919
213 -0.871472 -0.531728 0.00868214 -0.014448
214 -0.862548 -0.546028 0.00892451 -0.0143001
215 -0.853383 -0.560176 0.00916443 -0.0141483
216 -0.843981 -0.574168 0.00940182 -0.0139924
217 -0.834345 -0.588001 0.00963663 -0.0138327
218 -0.824476 -0.60167 0.00986879 -0.0136691
219 -0.814378 -0.615172 0.0100982 -0.0135016
220 -0.804053 -0.628502 0.0103249 -0.0133304
221 -0.793504 -0.641658 0.0105488 -0.0131554
222 -0.782734 -0.654634 0.0107697 -0.0129768
223 -0.771747 -0.667429 0.0109877 -0.0127944
224 -0.760544 -0.680037 0.0112027 -0.0126085
225 -0.749129 -0.692456 0.0114146 -0.012419
226 -0.737506 -0.704682 0.0116234 -0.012226
227 -0.725677 -0.716712 0.0118291 -0.0120295
228 -0.713645 -0.728541 0.0120314 -0.0118296
229 -0.701415 -0.740168 0.0122305 -0.0116264
230 -0.688988 -0.751588 0.0124263 -0.0114198
231 -0.67637 -0.762798 0.0126186 -0.01121
232 -0.663562 -0.773795 0.0128075 -0.010997
233 -0.650569 -0.784575 0.0129929 -0.0107808
234 -0.637395 -0.795137 0.0131747 -0.0105615
235 -0.624042 -0.805476 0.013353 -0.0103392
236 -0.610514 -0.81559 0.0135275 -0.0101139
237 -0.596816 -0.825476 0.0136984 -0.00988564
238 -0.58295 -0.83513 0.0138655 -0.00965453
239 -0.568922 -0.844551 0.0140287 -0.0094206
240 -0.554733 -0.853735 0.0141882 -0.00918392
241 -0.54039 -0.862679 0.0143437 -0.00894455
242 -0.525894 -0.871382 0.0144953 -0.00870255
243 -0.511251 -0.87984 0.0146429 -0.00845797
244 -0.496465 -0.888051 0.0147865 -0.00821089
245 -0.481539 -0.896012 0.014926 -0.00796136
246 -0.466478 -0.903721 0.0150614 -0.00770945
247 -0.451285 -0.911177 0.0151926 -0.00745523
248 -0.435965 -0.918375 0.0153196 -0.00719875
249 -0.420523 -0.925316 0.0154424 -0.00694009
250 -0.404962 -0.931995 0.0155609 -0.00667931
251 -0.389287 -0.938411 0.0156751 -0.00641648
252 -0.373502 -0.944563 0.015785 -0.00615167
253 -0.357611 -0.950448 0.0158905 -0.00588495
254 -0.34162 -0.956064 0.0159915 -0.00561638
255 -0.325532 -0.96141 0.0160881 -0.00534604
256 -0.309352 -0.966484 0.0161802 -0.005074
257 -0.293084 -0.971285 0.0162678 -0.00480032
258 -0.276733 -0.97581 0.0163509 -0.00452509
259 -0.260304 -0.980058 0.0164293 -0.00424837
260 -0.2438 -0.984028 0.0165032 -0.00397023
261 -0.227228 -0.987719 0.0165725 -0.00369076
262 -0.210591 -0.991129 0.016637 -0.00341002
263 -0.193894 -0.994257 0.0166969 -0.0031281
264 -0.177142 -0.997102 0.0167521 -0.00284506
265 -0.160339 -0.999663 0.0168026 -0.00256098
266 -0.143491 -1.00194 0.0168483 -0.00227593
267 -0.126602 -1.00393 0.0168893 -0.00199001
268 -0.109676 -1.00563 0.0169254 -0.00170327
269 -0.0927194 -1.00705 0.0169568 -0.00141581
270 -0.0757361 -1.00818 0.0169833 -0.0011277
271 -0.0587311 -1.00901 0.017005 -0.000839013
272 -0.0417092 -1.00956 0.0170218 -0.000549835
273 -0.0246754 -1.00983 0.0170338 -0.000260246
274 -0.00763456 -1.0098 0.0170409 2.96768e-05
275 0.00940852 -1.00948 0.0170431 0.000319851
276 0.0264489 -1.00887 0.0170404 0.000610196
277 0.0434816 -1.00796 0.0170328 0.000900631
278 0.0605019 -1.00677 0.0170202 0.00119107
279 0.0775046 -1.00529 0.0170028 0.00148144
280 0.094485 -1.00352 0.0169804 0.00177166
281 0.111438 -1.00146 0.0169531 0.00206163
282 0.128359 -0.999108 0.0169209 0.00235129
283 0.145243 -0.996467 0.0168837 0.00264054
284 0.162084 -0.993538 0.0168416 0.0029293
285 0.178879 -0.99032 0.0167946 0.00321749
286 0.195622 -0.986815 0.0167427 0.00350503
287 0.212307 -0.983023 0.0166858 0.00379183
288 0.228931 -0.978946 0.016624 0.00407781
289 0.245489 -0.974583 0.0165574 0.00436289
290 0.261975 -0.969936 0.0164858 0.00464698
291 0.278384 -0.965006 0.0164094 0.00492999
292 0.294712 -0.959794 0.0163281 0.00521185
293 0.310954 -0.954301 0.0162419 0.00549246
294 0.327105 -0.94853 0.0161509 0.00577175
295 0.34316 -0.94248 0.0160551 0.00604963
296 0.359114 -0.936154 0.0159544 0.00632602
297 0.374963 -0.929553 0.015849 0.00660083
298 0.390702 -0.922679 0.0157388 0.00687399
299 0.406326 -0.915534 0.0156239 0.00714539
300 0.42183 -0.908119 0.0155043 0.00741497
301 0.43721 -0.900436 0.0153799 0.00768264
302 0.452461 -0.892488 0.0152509 0.00794832
303 0.467579 -0.884276 0.0151173 0.00821192
304 0.482558 -0.875803 0.014979 0.00847337
305 0.497394 -0.86707 0.0148362 0.00873257
306 0.512083 -0.858081 0.0146889 0.00898945
307 0.52662 -0.848837 0.014537 0.00924393
308 0.541 -0.839341 0.0143807 0.00949592
309 0.55522 -0.829595 0.0142199 0.00974535
310 0.569275 -0.819603 0.0140547 0.00999213
311 0.58316 -0.809367 0.0138852 0.0102362
312 0.596872 -0.79889 0.0137114 0.0104774
313 0.610405 -0.788174 0.0135333 0.0107158
314 0.623756 -0.777223 0.013351 0.0109512
315 0.63692 -0.766039 0.0131645 0.0111836
316 0.649894 -0.754626 0.0129739 0.0114129
317 0.662673 -0.742987 0.0127792 0.0116389
318 0.675254 -0.731125 0.0125805 0.0118617
319 0.687632 -0.719044 0.0123778 0.0120812
320 0.699803 -0.706747 0.0121712 0.0122973
321 0.711763 -0.694237 0.0119607 0.0125098
322 0.72351 -0.681518 0.0117464 0.0127188
323 0.735038 -0.668594 0.0115284 0.0129242
324 0.746345 -0.655468 0.0113066 0.0131259
325 0.757426 -0.642145 0.0110813 0.0133238
326 0.768279 -0.628627 0.0108524 0.0135178
327 0.778899 -0.614919 0.01062 0.013708
328 0.789283 -0.601024 0.0103841 0.0138942
329 0.799428 -0.586948 0.0101449 0.0140763
330 0.80933 -0.572694 0.00990244 0.0142544
331 0.818987 -0.558265 0.00965671 0.0144283
332 0.828395 -0.543668 0.00940782 0.0145979
333 0.83755 -0.528904 0.00915584 0.0147633
334 0.846451 -0.51398 0.00890086 0.0149243
335 0.855094 -0.498899 0.00864293 0.0150809
336 0.863476 -0.483666 0.00838215 0.0152331
337 0.871595 -0.468285 0.00811858 0.0153807
338 0.879447 -0.452761 0.00785231 0.0155238
339 0.887031 -0.437099 0.00758341 0.0156622
340 0.894343 -0.421303 0.00731197 0.015796
341 0.901381 -0.405378 0.00703807 0.015925
342 0.908143 -0.389329 0.00676179 0.0160493
343 0.914626 -0.37316 0.00648322 0.0161687
344 0.920828 -0.356877 0.00620243 0.0162832
345 0.926748 -0.340484 0.00591953 0.0163929
346 0.932382 -0.323986 0.00563458 0.0164976
347 0.93773 -0.307389 0.00534769 0.0165973
348 0.942789 -0.290697 0.00505895 0.0166919
349 0.947557 -0.273916 0.00476843 0.0167815
350 0.952034 -0.25705 0.00447624 0.016866
351 0.956216 -0.240105 0.00418246 0.0169453
352 0.960103 -0.223085 0.00388719 0.0170194
353 0.963694 -0.205997 0.00359052 0.0170884
354 0.966986 -0.188845 0.00329254 0.017152
355 0.96998 -0.171634 0.00299336 0.0172105
356 0.972673 -0.154371 0.00269306 0.0172636
357 0.975064 -0.137059 0.00239174 0.0173114
358 0.977154 -0.119705 0.0020895 0.0173539
359 0.97894 -0.102314 0.00178644 0.017391
360 0.980423 -0.0848915 0.00148265 0.0174228
361 0.981601 -0.0674423 0.00117823 0.0174492
362 0.982475 -0.0499722 0.000873287 0.0174701
363 0.983042 -0.0324866 0.000567909 0.0174856
364 0.983305 -0.0149908 0.000262201 0.0174957
365 0.983261 0.00250956 -4.37382e-05 0.0175004
