0 -2.95307e-06 -2.62805e-08 0.983213 0.00875 4.59614e-10 -5.25611e-08 -0.000153027 0.0175
0.5 -2.95261e-06 -5.2559e-08 0.98306 0.0174993 9.19245e-10 -5.2557e-08 -0.000306059 0.0174986
1 -2.95192e-06 -7.88334e-08 0.982831 0.0262473 1.37885e-09 -5.25488e-08 -0.000459084 0.0174959
1.5 -2.951e-06 -1.05102e-07 0.982525 0.0349932 1.83841e-09 -5.25365e-08 -0.00061209 0.0174918
2 -2.94985e-06 -1.31362e-07 0.982142 0.0437364 2.29786e-09 -5.25202e-08 -0.000765064 0.0174864
2.5 -2.94848e-06 -1.57612e-07 0.981683 0.0524762 2.75718e-09 -5.24997e-08 -0.000917993 0.0174796
3 -2.94687e-06 -1.83849e-07 0.981148 0.0612119 3.21633e-09 -5.24752e-08 -0.00107087 0.0174714
3.5 -2.94503e-06 -2.10072e-07 0.980536 0.0699428 3.67527e-09 -5.24465e-08 -0.00122367 0.0174619
4 -2.94296e-06 -2.36279e-07 0.979848 0.0786683 4.13397e-09 -5.24138e-08 -0.00137639 0.017451
4.5 -2.94067e-06 -2.62468e-07 0.979083 0.0873876 4.59238e-09 -5.2377e-08 -0.00152901 0.0174387
5 -2.93814e-06 -2.88636e-07 0.978243 0.0961002 5.05047e-09 -5.23361e-08 -0.00168153 0.0174251
5.5 -2.93539e-06 -3.14782e-07 0.977326 0.104805 5.50819e-09 -5.22912e-08 -0.00183393 0.0174101
6 -2.9324e-06 -3.40903e-07 0.976333 0.113502 5.96552e-09 -5.22421e-08 -0.0019862 0.0173938
6.5 -2.92919e-06 -3.66997e-07 0.975263 0.12219 6.42242e-09 -5.2189e-08 -0.00213832 0.0173761
7 -2.92575e-06 -3.93063e-07 0.974118 0.130869 6.87884e-09 -5.21318e-08 -0.00229028 0.0173571
7.5 -2.92209e-06 -4.19098e-07 0.972897 0.139537 7.33475e-09 -5.20706e-08 -0.00244208 0.0173367
8 -2.91819e-06 -4.45101e-07 0.9716 0.148195 7.79011e-09 -5.20053e-08 -0.00259369 0.0173149
8.5 -2.91407e-06 -4.71069e-07 0.970228 0.156841 8.24489e-09 -5.19359e-08 -0.0027451 0.0172918
9 -2.90972e-06 -4.97e-07 0.96878 0.165474 8.69904e-09 -5.18625e-08 -0.00289631 0.0172674
9.5 -2.90514e-06 -5.22893e-07 0.967256 0.174095 9.15254e-09 -5.1785e-08 -0.0030473 0.0172416
10 -2.90034e-06 -5.48744e-07 0.965657 0.182702 9.60534e-09 -5.17035e-08 -0.00319806 0.0172145
10.5 -2.89531e-06 -5.74553e-07 0.963983 0.191295 1.00574e-08 -5.1618e-08 -0.00334857 0.017186
11 -2.89006e-06 -6.00318e-07 0.962233 0.199873 1.05087e-08 -5.15284e-08 -0.00349883 0.0171562
11.5 -2.88458e-06 -6.26035e-07 0.960409 0.208436 1.09592e-08 -5.14349e-08 -0.00364881 0.017125
12 -2.87887e-06 -6.51704e-07 0.95851 0.216982 1.14088e-08 -5.13373e-08 -0.00379852 0.0170925
12.5 -2.87294e-06 -6.77321e-07 0.956536 0.225511 1.18576e-08 -5.12357e-08 -0.00394793 0.0170587
13 -2.86679e-06 -7.02886e-07 0.954487 0.234023 1.23054e-08 -5.11301e-08 -0.00409703 0.0170236
13.5 -2.86042e-06 -7.28397e-07 0.952364 0.242517 1.27523e-08 -5.10205e-08 -0.00424582 0.0169871
14 -2.85382e-06 -7.5385e-07 0.950167 0.250991 1.31982e-08 -5.0907e-08 -0.00439427 0.0169493
14.5 -2.847e-06 -7.79245e-07 0.947896 0.259447 1.3643e-08 -5.07895e-08 -0.00454239 0.0169102
15 -2.83995e-06 -8.04579e-07 0.945551 0.267881 1.40868e-08 -5.0668e-08 -0.00469014 0.0168697
15.5 -2.83269e-06 -8.2985e-07 0.943132 0.276295 1.45295e-08 -5.05426e-08 -0.00483753 0.016828
16 -2.8252e-06 -8.55057e-07 0.94064 0.284688 1.4971e-08 -5.04132e-08 -0.00498454 0.0167849
16.5 -2.8175e-06 -8.80197e-07 0.938074 0.293058 1.54114e-08 -5.028e-08 -0.00513116 0.0167405
17 -2.80957e-06 -9.05268e-07 0.935436 0.301405 1.58505e-08 -5.01428e-08 -0.00527737 0.0166948
17.5 -2.80143e-06 -9.30269e-07 0.932724 0.309729 1.62884e-08 -5.00017e-08 -0.00542317 0.0166479
18 -2.79306e-06 -9.55197e-07 0.92994 0.318029 1.67251e-08 -4.98567e-08 -0.00556855 0.0165996
18.5 -2.78448e-06 -9.80051e-07 0.927083 0.326304 1.71604e-08 -4.97078e-08 -0.00571348 0.01655
19 -2.77569e-06 -1.00483e-06 0.924154 0.334554 1.75943e-08 -4.95551e-08 -0.00585796 0.0164992
19.5 -2.76667e-06 -1.02953e-06 0.921153 0.342777 1.80269e-08 -4.93985e-08 -0.00600198 0.016447
20 -2.75744e-06 -1.05415e-06 0.91808 0.350974 1.8458e-08 -4.92381e-08 -0.00614552 0.0163936
20.5 -2.748e-06 -1.07868e-06 0.914936 0.359144 1.88877e-08 -4.90738e-08 -0.00628858 0.0163389
21 -2.73834e-06 -1.10314e-06 0.91172 0.367285 1.93159e-08 -4.89057e-08 -0.00643114 0.016283
21.5 -2.72847e-06 -1.1275e-06 0.908434 0.375398 1.97425e-08 -4.87339e-08 -0.00657319 0.0162257
22 -2.71839e-06 -1.15178e-06 0.905076 0.383482 2.01676e-08 -4.85582e-08 -0.00671471 0.0161673
22.5 -2.70809e-06 -1.17597e-06 0.901649 0.391535 2.0591e-08 -4.83788e-08 -0.00685571 0.0161075
23 -2.69759e-06 -1.20007e-06 0.89815 0.399559 2.10129e-08 -4.81956e-08 -0.00699616 0.0160465
23.5 -2.68687e-06 -1.22407e-06 0.894582 0.407551 2.14331e-08 -4.80087e-08 -0.00713605 0.0159843
24 -2.67594e-06 -1.24798e-06 0.890945 0.415511 2.18515e-08 -4.7818e-08 -0.00727538 0.0159208
24.5 -2.66481e-06 -1.2718e-06 0.887238 0.423439 2.22682e-08 -4.76237e-08 -0.00741412 0.0158561
25 -2.65347e-06 -1.29551e-06 0.883462 0.431334 2.26832e-08 -4.74256e-08 -0.00755228 0.0157902
25.5 -2.64192e-06 -1.31912e-06 0.879617 0.439196 2.30963e-08 -4.72239e-08 -0.00768984 0.015723
26 -2.63017e-06 -1.34263e-06 0.875703 0.447023 2.35077e-08 -4.70186e-08 -0.00782678 0.0156546
26.5 -2.61821e-06 -1.36603e-06 0.871722 0.454816 2.39171e-08 -4.68096e-08 -0.0079631 0.0155851
27 -2.60604e-06 -1.38933e-06 0.867672 0.462573 2.43246e-08 -4.65969e-08 -0.00809878 0.0155143
27.5 -2.59368e-06 -1.41252e-06 0.863555 0.470294 2.47302e-08 -4.63807e-08 -0.00823382 0.0154423
28 -2.58111e-06 -1.4356e-06 0.859371 0.477979 2.51338e-08 -4.61609e-08 -0.00836821 0.0153691
28.5 -2.56834e-06 -1.45857e-06 0.85512 0.485626 2.55354e-08 -4.59375e-08 -0.00850192 0.0152947
29 -2.55538e-06 -1.48143e-06 0.850803 0.493235 2.5935e-08 -4.57106e-08 -0.00863496 0.0152192
29.5 -2.54221e-06 -1.50417e-06 0.846419 0.500807 2.63325e-08 -4.54801e-08 -0.00876731 0.0151424
30 -2.52885e-06 -1.52679e-06 0.84197 0.508339 2.67279e-08 -4.52462e-08 -0.00889896 0.0150645
30.5 -2.51529e-06 -1.5493e-06 0.837455 0.515832 2.71212e-08 -4.50088e-08 -0.0090299 0.0149855
31 -2.50153e-06 -1.57168e-06 0.832875 0.523284 2.75123e-08 -4.47678e-08 -0.00916012 0.0149053
31.5 -2.48758e-06 -1.59394e-06 0.82823 0.530696 2.79012e-08 -4.45235e-08 -0.00928961 0.0148239
32 -2.47344e-06 -1.61608e-06 0.823521 0.538067 2.82879e-08 -4.42757e-08 -0.00941835 0.0147414
32.5 -2.4591e-06 -1.63809e-06 0.818748 0.545396 2.86724e-08 -4.40245e-08 -0.00954635 0.0146578
33 -2.44457e-06 -1.65998e-06 0.813911 0.552682 2.90545e-08 -4.377e-08 -0.00967358 0.014573
33.5 -2.42986e-06 -1.68173e-06 0.809011 0.559926 2.94343e-08 -4.35121e-08 -0.00980004 0.0144872
34 -2.41495e-06 -1.70336e-06 0.804048 0.567126 2.98118e-08 -4.32508e-08 -0.00992572 0.0144002
34.5 -2.39986e-06 -1.72485e-06 0.799023 0.574282 3.01869e-08 -4.29862e-08 -0.0100506 0.0143121
35 -2.38458e-06 -1.74621e-06 0.793935 0.581394 3.05596e-08 -4.27184e-08 -0.0101747 0.0142229
35.5 -2.36911e-06 -1.76743e-06 0.788786 0.58846 3.09298e-08 -4.24473e-08 -0.010298 0.0141326
36 -2.35346e-06 -1.78852e-06 0.783576 0.595481 3.12976e-08 -4.21729e-08 -0.0104204 0.0140413
36.5 -2.33763e-06 -1.80947e-06 0.778305 0.602455 3.16629e-08 -4.18953e-08 -0.010542 0.0139489
37 -2.32162e-06 -1.83027e-06 0.772974 0.609383 3.20256e-08 -4.16145e-08 -0.0106628 0.0138554
37.5 -2.30543e-06 -1.85094e-06 0.767582 0.616263 3.23858e-08 -4.13305e-08 -0.0107827 0.0137608
38 -2.28905e-06 -1.87146e-06 0.762131 0.623096 3.27435e-08 -4.10434e-08 -0.0109018 0.0136652
38.5 -2.2725e-06 -1.89184e-06 0.756621 0.62988 3.30985e-08 -4.07532e-08 -0.01102 0.0135686
39 -2.25578e-06 -1.91207e-06 0.751053 0.636615 3.34508e-08 -4.04598e-08 -0.0111373 0.0134709
39.5 -2.23888e-06 -1.93215e-06 0.745426 0.643302 3.38005e-08 -4.01634e-08 -0.0112538 0.0133722
40 -2.2218e-06 -1.95208e-06 0.739741 0.649938 3.41476e-08 -3.98639e-08 -0.0113693 0.0132725
40.5 -2.20456e-06 -1.97186e-06 0.733999 0.656524 3.44918e-08 -3.95614e-08 -0.0114839 0.0131718
41 -2.18714e-06 -1.99149e-06 0.7282 0.663059 3.48334e-08 -3.92559e-08 -0.0115976 0.0130701
41.5 -2.16956e-06 -2.01096e-06 0.722345 0.669543 3.51722e-08 -3.89475e-08 -0.0117104 0.0129674
42 -2.1518e-06 -2.03028e-06 0.716434 0.675974 3.55081e-08 -3.86361e-08 -0.0118223 0.0128637
42.5 -2.13388e-06 -2.04944e-06 0.710467 0.682354 3.58413e-08 -3.83217e-08 -0.0119332 0.0127591
43 -2.1158e-06 -2.06845e-06 0.704446 0.688681 3.61715e-08 -3.80045e-08 -0.0120432 0.0126535
43.5 -2.09755e-06 -2.08729e-06 0.69837 0.694954 3.6499e-08 -3.76844e-08 -0.0121522 0.0125469
44 -2.07913e-06 -2.10597e-06 0.69224 0.701174 3.68235e-08 -3.73615e-08 -0.0122602 0.0124394
44.5 -2.06056e-06 -2.12449e-06 0.686056 0.707339 3.7145e-08 -3.70358e-08 -0.0123673 0.0123309
45 -2.04183e-06 -2.14284e-06 0.679819 0.71345 3.74637e-08 -3.67073e-08 -0.0124734 0.0122215
45.5 -2.02294e-06 -2.16103e-06 0.67353 0.719506 3.77793e-08 -3.6376e-08 -0.0125785 0.0121112
46 -2.00389e-06 -2.17905e-06 0.667189 0.725506 3.8092e-08 -3.6042e-08 -0.0126826 0.012
46.5 -1.98469e-06 -2.1969e-06 0.660796 0.73145 3.84016e-08 -3.57053e-08 -0.0127857 0.0118879
47 -1.96534e-06 -2.21458e-06 0.654352 0.737337 3.87082e-08 -3.5366e-08 -0.0128877 0.011775
47.5 -1.94583e-06 -2.2321e-06 0.647858 0.743168 3.90117e-08 -3.5024e-08 -0.0129888 0.0116611
48 -1.92618e-06 -2.24944e-06 0.641313 0.748941 3.93121e-08 -3.46793e-08 -0.0130888 0.0115463
48.5 -1.90637e-06 -2.2666e-06 0.634719 0.754656 3.96094e-08 -3.43321e-08 -0.0131878 0.0114308
49 -1.88642e-06 -2.28359e-06 0.628076 0.760313 3.99036e-08 -3.39824e-08 -0.0132857 0.0113143
49.5 -1.86632e-06 -2.30041e-06 0.621385 0.765912 4.01946e-08 -3.36301e-08 -0.0133826 0.011197
50 -1.84608e-06 -2.31705e-06 0.614646 0.771451 4.04824e-08 -3.32754e-08 -0.0134785 0.0110789
50.5 -1.8257e-06 -2.33351e-06 0.607859 0.776931 4.0767e-08 -3.29181e-08 -0.0135732 0.01096
51 -1.80517e-06 -2.34978e-06 0.601026 0.782351 4.10484e-08 -3.25585e-08 -0.0136669 0.0108402
51.5 -1.78451e-06 -2.36588e-06 0.594146 0.787711 4.13266e-08 -3.21964e-08 -0.0137595 0.0107197
52 -1.76371e-06 -2.3818e-06 0.587221 0.79301 4.16014e-08 -3.1832e-08 -0.013851 0.0105983
52.5 -1.74277e-06 -2.39753e-06 0.58025 0.798249 4.1873e-08 -3.14652e-08 -0.0139415 0.0104762
53 -1.7217e-06 -2.41308e-06 0.573234 0.803425 4.21413e-08 -3.10961e-08 -0.0140308 0.0103533
53.5 -1.7005e-06 -2.42844e-06 0.566175 0.80854 4.24063e-08 -3.07247e-08 -0.014119 0.0102297
54 -1.67917e-06 -2.44362e-06 0.559072 0.813593 4.26679e-08 -3.03511e-08 -0.0142061 0.0101053
54.5 -1.6577e-06 -2.4586e-06 0.551926 0.818583 4.29262e-08 -2.99753e-08 -0.0142921 0.00998016
55 -1.63611e-06 -2.4734e-06 0.544737 0.82351 4.31811e-08 -2.95973e-08 -0.014377 0.0098543
55.5 -1.6144e-06 -2.48801e-06 0.537507 0.828374 4.34325e-08 -2.92171e-08 -0.0144607 0.00972772
56 -1.59256e-06 -2.50243e-06 0.530235 0.833174 4.36806e-08 -2.88348e-08 -0.0145433 0.00960044
56.5 -1.57059e-06 -2.51665e-06 0.522923 0.83791 4.39252e-08 -2.84504e-08 -0.0146247 0.00947246
57 -1.54851e-06 -2.53069e-06 0.51557 0.842582 4.41664e-08 -2.8064e-08 -0.014705 0.00934379
57.5 -1.52631e-06 -2.54452e-06 0.508178 0.847189 4.44041e-08 -2.76755e-08 -0.0147842 0.00921445
58 -1.50399e-06 -2.55817e-06 0.500747 0.851732 4.46383e-08 -2.72851e-08 -0.0148621 0.00908445
58.5 -1.48155e-06 -2.57161e-06 0.493278 0.856208 4.4869e-08 -2.68926e-08 -0.014939 0.00895379
59 -1.45901e-06 -2.58486e-06 0.485771 0.86062 4.50962e-08 -2.64983e-08 -0.0150146 0.0088225
59.5 -1.43635e-06 -2.59791e-06 0.478226 0.864965 4.53199e-08 -2.6102e-08 -0.0150891 0.00869057
60 -1.41358e-06 -2.61077e-06 0.470645 0.869244 4.554e-08 -2.57039e-08 -0.0151624 0.00855802
60.5 -1.3907e-06 -2.62342e-06 0.463028 0.873456 4.57565e-08 -2.5304e-08 -0.0152345 0.00842486
61 -1.36771e-06 -2.63587e-06 0.455375 0.877602 4.59695e-08 -2.49022e-08 -0.0153054 0.0082911
61.5 -1.34462e-06 -2.64812e-06 0.447687 0.88168 4.61789e-08 -2.44987e-08 -0.0153751 0.00815676
62 -1.32143e-06 -2.66016e-06 0.439966 0.885691 4.63846e-08 -2.40935e-08 -0.0154436 0.00802184
62.5 -1.29814e-06 -2.67201e-06 0.43221 0.889634 4.65868e-08 -2.36866e-08 -0.0155109 0.00788635
63 -1.27475e-06 -2.68365e-06 0.424422 0.89351 4.67853e-08 -2.3278e-08 -0.015577 0.00775031
63.5 -1.25126e-06 -2.69508e-06 0.416601 0.897316 4.69801e-08 -2.28678e-08 -0.0156418 0.00761373
64 -1.22767e-06 -2.70631e-06 0.408748 0.901055 4.71713e-08 -2.24559e-08 -0.0157055 0.00747662
64.5 -1.20399e-06 -2.71733e-06 0.400864 0.904724 4.73588e-08 -2.20426e-08 -0.0157679 0.00733899
65 -1.18022e-06 -2.72814e-06 0.392949 0.908325 4.75427e-08 -2.16277e-08 -0.0158291 0.00720084
65.5 -1.15636e-06 -2.73875e-06 0.385005 0.911856 4.77228e-08 -2.12113e-08 -0.0158891 0.0070622
66 -1.13241e-06 -2.74915e-06 0.377031 0.915317 4.78993e-08 -2.07934e-08 -0.0159479 0.00692308
66.5 -1.10837e-06 -2.75933e-06 0.369028 0.918709 4.8072e-08 -2.03741e-08 -0.0160054 0.00678347
67 -1.08425e-06 -2.76931e-06 0.360997 0.922031 4.8241e-08 -1.99534e-08 -0.0160616 0.00664341
67.5 -1.06005e-06 -2.77908e-06 0.352939 0.925282 4.84062e-08 -1.95314e-08 -0.0161167 0.00650289
68 -1.03577e-06 -2.78863e-06 0.344854 0.928463 4.85677e-08 -1.9108e-08 -0.0161704 0.00636193
68.5 -1.0114e-06 -2.79797e-06 0.336742 0.931573 4.87254e-08 -1.86833e-08 -0.0162229 0.00622055
69 -9.86963e-07 -2.8071e-06 0.328605 0.934613 4.88794e-08 -1.82574e-08 -0.0162742 0.00607874
69.5 -9.62448e-07 -2.81602e-06 0.320443 0.937581 4.90295e-08 -1.78303e-08 -0.0163242 0.00593653
70 -9.3786e-07 -2.82472e-06 0.312257 0.940478 4.91759e-08 -1.7402e-08 -0.0163729 0.00579392
70.5 -9.13201e-07 -2.8332e-06 0.304047 0.943304 4.93185e-08 -1.69725e-08 -0.0164204 0.00565093
71 -8.88472e-07 -2.84147e-06 0.295813 0.946057 4.94573e-08 -1.65419e-08 -0.0164666 0.00550756
71.5 -8.63676e-07 -2.84953e-06 0.287557 0.948739 4.95923e-08 -1.61102e-08 -0.0165116 0.00536384
72 -8.38814e-07 -2.85737e-06 0.27928 0.951349 4.97234e-08 -1.56775e-08 -0.0165552 0.00521977
72.5 -8.13889e-07 -2.86499e-06 0.270981 0.953887 4.98508e-08 -1.52438e-08 -0.0165976 0.00507536
73 -7.88902e-07 -2.87239e-06 0.262662 0.956352 4.99743e-08 -1.48091e-08 -0.0166387 0.00493062
73.5 -7.63855e-07 -2.87958e-06 0.254322 0.958745 5.00939e-08 -1.43734e-08 -0.0166786 0.00478557
74 -7.3875e-07 -2.88655e-06 0.245964 0.961065 5.02097e-08 -1.39368e-08 -0.0167171 0.00464022
74.5 -7.13589e-07 -2.8933e-06 0.237587 0.963312 5.03217e-08 -1.34994e-08 -0.0167544 0.00449457
75 -6.88374e-07 -2.89983e-06 0.229191 0.965487 5.04298e-08 -1.30611e-08 -0.0167904 0.00434865
75.5 -6.63107e-07 -2.90614e-06 0.220779 0.967588 5.0534e-08 -1.2622e-08 -0.0168251 0.00420245
76 -6.3779e-07 -2.91223e-06 0.21235 0.969616 5.06344e-08 -1.21822e-08 -0.0168585 0.00405601
76.5 -6.12424e-07 -2.9181e-06 0.203904 0.97157 5.07309e-08 -1.17416e-08 -0.0168906 0.00390931
77 -5.87013e-07 -2.92375e-06 0.195444 0.973452 5.08235e-08 -1.13003e-08 -0.0169215 0.00376238
77.5 -5.61557e-07 -2.92918e-06 0.186968 0.975259 5.09122e-08 -1.08583e-08 -0.016951 0.00361524
78 -5.36058e-07 -2.93439e-06 0.178478 0.976993 5.09971e-08 -1.04157e-08 -0.0169793 0.00346788
78.5 -5.10519e-07 -2.93938e-06 0.169975 0.978653 5.1078e-08 -9.97254e-09 -0.0170062 0.00332032
79 -4.84942e-07 -2.94414e-06 0.161459 0.98024 5.11551e-08 -9.52879e-09 -0.0170319 0.00317257
79.5 -4.59327e-07 -2.94868e-06 0.152931 0.981752 5.12283e-08 -9.08452e-09 -0.0170563 0.00302465
80 -4.33679e-07 -2.953e-06 0.144392 0.98319 5.12976e-08 -8.63975e-09 -0.0170793 0.00287657
80.5 -4.07997e-07 -2.9571e-06 0.135841 0.984554 5.13629e-08 -8.19452e-09 -0.0171011 0.00272833
81 -3.82285e-07 -2.96097e-06 0.12728 0.985844 5.14244e-08 -7.74887e-09 -0.0171216 0.00257996
81.5 -3.56544e-07 -2.96462e-06 0.11871 0.98706 5.1482e-08 -7.30284e-09 -0.0171407 0.00243145
82 -3.30776e-07 -2.96805e-06 0.110131 0.988202 5.15357e-08 -6.85645e-09 -0.0171586 0.00228283
82.5 -3.04983e-07 -2.97126e-06 0.101543 0.989269 5.15855e-08 -6.40974e-09 -0.0171752 0.0021341
83 -2.79168e-07 -2.97424e-06 0.0929477 0.990261 5.16314e-08 -5.96275e-09 -0.0171905 0.00198527
83.5 -2.53331e-07 -2.977e-06 0.0843455 0.991179 5.16734e-08 -5.5155e-09 -0.0172044 0.00183637
84 -2.27475e-07 -2.97953e-06 0.075737 0.992023 5.17114e-08 -5.06805e-09 -0.0172171 0.00168739
84.5 -2.01602e-07 -2.98184e-06 0.0671227 0.992792 5.17456e-08 -4.62041e-09 -0.0172285 0.00153835
85 -1.75714e-07 -2.98393e-06 0.0585034 0.993487 5.17759e-08 -4.17262e-09 -0.0172386 0.00138926
85.5 -1.49813e-07 -2.98579e-06 0.0498798 0.994107 5.18023e-08 -3.72473e-09 -0.0172474 0.00124013
86 -1.23901e-07 -2.98743e-06 0.0412523 0.994652 5.18247e-08 -3.27676e-09 -0.0172548 0.00109098
86.5 -9.79793e-08 -2.98884e-06 0.0326218 0.995123 5.18433e-08 -2.82874e-09 -0.017261 0.000941817
87 -7.20503e-08 -2.99003e-06 0.0239889 0.99552 5.1858e-08 -2.38071e-09 -0.0172659 0.000792649
87.5 -4.61159e-08 -2.991e-06 0.0153541 0.995841 5.18688e-08 -1.93271e-09 -0.0172695 0.000643489
88 -2.01781e-08 -2.99174e-06 0.00671821 0.996089 5.18757e-08 -1.48477e-09 -0.0172718 0.000494349
88.5 5.7613e-09 -2.99226e-06 -0.0019182 0.996261 5.18787e-08 -1.03692e-09 -0.0172728 0.000345239
89 3.17002e-08 -2.99255e-06 -0.0105545 0.996359 5.18779e-08 -5.89202e-10 -0.0172725 0.000196173
89.5 5.76368e-08 -2.99263e-06 -0.0191899 0.996383 5.18731e-08 -1.41642e-10 -0.017271 4.71592e-05
90 8.3569e-08 -2.99247e-06 -0.027824 0.996332 5.18645e-08 3.05723e-10 -0.0172681 -0.000101789
90.5 1.09495e-07 -2.9921e-06 -0.0364559 0.996207 5.1852e-08 7.5286e-10 -0.0172639 -0.000250662
91 1.35413e-07 -2.9915e-06 -0.0450852 0.996007 5.18357e-08 1.19973e-09 -0.0172585 -0.000399447
91.5 1.61321e-07 -2.99067e-06 -0.0537111 0.995733 5.18154e-08 1.64631e-09 -0.0172517 -0.000548134
92 1.87216e-07 -2.98963e-06 -0.0623329 0.995385 5.17914e-08 2.09256e-09 -0.0172437 -0.000696711
92.5 2.13098e-07 -2.98836e-06 -0.0709501 0.994962 5.17635e-08 2.53845e-09 -0.0172344 -0.000845167
93 2.38964e-07 -2.98687e-06 -0.0795621 0.994465 5.17317e-08 2.98394e-09 -0.0172239 -0.000993492
93.5 2.64812e-07 -2.98515e-06 -0.0881681 0.993894 5.16961e-08 3.429e-09 -0.017212 -0.00114167
94 2.9064e-07 -2.98321e-06 -0.0967675 0.99325 5.16566e-08 3.8736e-09 -0.0171989 -0.0012897
94.5 3.16447e-07 -2.98106e-06 -0.10536 0.992531 5.16134e-08 4.31771e-09 -0.0171845 -0.00143756
95 3.4223e-07 -2.97868e-06 -0.113944 0.991738 5.15663e-08 4.76129e-09 -0.0171688 -0.00158525
95.5 3.67988e-07 -2.97607e-06 -0.12252 0.990872 5.15154e-08 5.2043e-09 -0.0171518 -0.00173275
96 3.93718e-07 -2.97325e-06 -0.131087 0.989932 5.14607e-08 5.64672e-09 -0.0171336 -0.00188005
96.5 4.19419e-07 -2.97021e-06 -0.139644 0.988918 5.14022e-08 6.08852e-09 -0.0171142 -0.00202715
97 4.45089e-07 -2.96694e-06 -0.148191 0.987831 5.13399e-08 6.52966e-09 -0.0170934 -0.00217402
97.5 4.70726e-07 -2.96346e-06 -0.156726 0.986671 5.12738e-08 6.9701e-09 -0.0170714 -0.00232067
98 4.96328e-07 -2.95975e-06 -0.16525 0.985437 5.1204e-08 7.40983e-09 -0.0170482 -0.00246707
98.5 5.21893e-07 -2.95583e-06 -0.173762 0.984131 5.11304e-08 7.84879e-09 -0.0170236 -0.00261322
99 5.4742e-07 -2.95168e-06 -0.182261 0.982751 5.1053e-08 8.28697e-09 -0.0169979 -0.00275912
99.5 5.72906e-07 -2.94732e-06 -0.190747 0.981299 5.09719e-08 8.72433e-09 -0.0169709 -0.00290473
100 5.98349e-07 -2.94274e-06 -0.199218 0.979774 5.0887e-08 9.16084e-09 -0.0169426 -0.00305007
100.5 6.23748e-07 -2.93794e-06 -0.207675 0.978176 5.07984e-08 9.59647e-09 -0.0169131 -0.00319511
101 6.49101e-07 -2.93293e-06 -0.216116 0.976506 5.07062e-08 1.00312e-08 -0.0168824 -0.00333984
101.5 6.74406e-07 -2.92769e-06 -0.224541 0.974764 5.06102e-08 1.04649e-08 -0.0168505 -0.00348426
102 6.99662e-07 -2.92224e-06 -0.23295 0.97295 5.05105e-08 1.08977e-08 -0.0168173 -0.00362836
102.5 7.24865e-07 -2.91658e-06 -0.241341 0.971064 5.04071e-08 1.13295e-08 -0.0167828 -0.00377212
103 7.50015e-07 -2.9107e-06 -0.249715 0.969106 5.03e-08 1.17603e-08 -0.0167472 -0.00391553
103.5 7.7511e-07 -2.90461e-06 -0.25807 0.967077 5.01893e-08 1.21899e-08 -0.0167103 -0.00405859
104 8.00147e-07 -2.8983e-06 -0.266406 0.964976 5.00749e-08 1.26185e-08 -0.0166723 -0.00420128
104.5 8.25126e-07 -2.89177e-06 -0.274722 0.962804 4.99569e-08 1.30459e-08 -0.016633 -0.00434359
105 8.50044e-07 -2.88504e-06 -0.283019 0.960562 4.98353e-08 1.34722e-08 -0.0165925 -0.00448552
105.5 8.74899e-07 -2.87809e-06 -0.291294 0.958248 4.97101e-08 1.38973e-08 -0.0165508 -0.00462705
106 8.99689e-07 -2.87093e-06 -0.299548 0.955864 4.95812e-08 1.43212e-08 -0.0165079 -0.00476817
106.5 9.24414e-07 -2.86356e-06 -0.30778 0.95341 4.94488e-08 1.47438e-08 -0.0164638 -0.00490888
107 9.4907e-07 -2.85597e-06 -0.315989 0.950885 4.93128e-08 1.51651e-08 -0.0164185 -0.00504916
107.5 9.73657e-07 -2.84818e-06 -0.324175 0.94829 4.91732e-08 1.55851e-08 -0.016372 -0.005189
108 9.98172e-07 -2.84018e-06 -0.332337 0.945626 4.90301e-08 1.60038e-08 -0.0163244 -0.00532839
108.5 1.02261e-06 -2.83197e-06 -0.340475 0.942893 4.88834e-08 1.64211e-08 -0.0162755 -0.00546733
109 1.04698e-06 -2.82355e-06 -0.348588 0.94009 4.87332e-08 1.6837e-08 -0.0162255 -0.0056058
109.5 1.07127e-06 -2.81492e-06 -0.356675 0.937218 4.85795e-08 1.72514e-08 -0.0161744 -0.0057438
110 1.09548e-06 -2.80609e-06 -0.364736 0.934277 4.84224e-08 1.76645e-08 -0.016122 -0.00588131
110.5 1.11961e-06 -2.79705e-06 -0.37277 0.931268 4.82617e-08 1.8076e-08 -0.0160685 -0.00601833
111 1.14366e-06 -2.78781e-06 -0.380777 0.928191 4.80976e-08 1.8486e-08 -0.0160139 -0.00615484
111.5 1.16763e-06 -2.77836e-06 -0.388756 0.925045 4.793e-08 1.88945e-08 -0.0159581 -0.00629083
112 1.19151e-06 -2.76871e-06 -0.396707 0.921832 4.7759e-08 1.93013e-08 -0.0159012 -0.00642631
112.5 1.2153e-06 -2.75886e-06 -0.404628 0.918551 4.75846e-08 1.97066e-08 -0.0158431 -0.00656125
113 1.239e-06 -2.7488e-06 -0.41252 0.915204 4.74068e-08 2.01103e-08 -0.0157839 -0.00669565
113.5 1.26261e-06 -2.73855e-06 -0.420382 0.911789 4.72256e-08 2.05123e-08 -0.0157236 -0.00682949
114 1.28613e-06 -2.72809e-06 -0.428213 0.908307 4.7041e-08 2.09126e-08 -0.0156621 -0.00696278
114.5 1.30956e-06 -2.71744e-06 -0.436013 0.90476 4.68531e-08 2.13112e-08 -0.0155996 -0.00709549
115 1.33289e-06 -2.70658e-06 -0.443781 0.901146 4.66618e-08 2.17081e-08 -0.0155359 -0.00722763
115.5 1.35613e-06 -2.69553e-06 -0.451517 0.897466 4.64673e-08 2.21032e-08 -0.0154711 -0.00735918
116 1.37926e-06 -2.68428e-06 -0.459219 0.893721 4.62694e-08 2.24965e-08 -0.0154052 -0.00749013
116.5 1.40229e-06 -2.67284e-06 -0.466888 0.889911 4.60682e-08 2.2888e-08 -0.0153382 -0.00762047
117 1.42523e-06 -2.6612e-06 -0.474523 0.886036 4.58638e-08 2.32777e-08 -0.0152702 -0.0077502
117.5 1.44805e-06 -2.64937e-06 -0.482124 0.882096 4.56561e-08 2.36654e-08 -0.015201 -0.00787931
118 1.47078e-06 -2.63734e-06 -0.489689 0.878092 4.54452e-08 2.40513e-08 -0.0151308 -0.00800779
118.5 1.49339e-06 -2.62512e-06 -0.497219 0.874025 4.52311e-08 2.44352e-08 -0.0150595 -0.00813562
119 1.5159e-06 -2.61271e-06 -0.504713 0.869893 4.50138e-08 2.48172e-08 -0.0149872 -0.0082628
119.5 1.5383e-06 -2.60012e-06 -0.512169 0.865698 4.47933e-08 2.51973e-08 -0.0149138 -0.00838933
120 1.56058e-06 -2.58733e-06 -0.519589 0.861441 4.45697e-08 2.55753e-08 -0.0148393 -0.00851519
120.5 1.58275e-06 -2.57435e-06 -0.526971 0.857121 4.43429e-08 2.59513e-08 -0.0147638 -0.00864037
121 1.60481e-06 -2.56119e-06 -0.534315 0.852738 4.4113e-08 2.63252e-08 -0.0146872 -0.00876487
121.5 1.62675e-06 -2.54784e-06 -0.541619 0.848294 4.388e-08 2.66971e-08 -0.0146097 -0.00888868
122 1.64857e-06 -2.53431e-06 -0.548885 0.843788 4.36439e-08 2.70668e-08 -0.0145311 -0.00901179
122.5 1.67027e-06 -2.52059e-06 -0.556111 0.839221 4.34048e-08 2.74345e-08 -0.0144514 -0.0091342
123 1.69185e-06 -2.50669e-06 -0.563296 0.834593 4.31626e-08 2.77999e-08 -0.0143708 -0.00925588
123.5 1.71331e-06 -2.49261e-06 -0.570441 0.829905 4.29174e-08 2.81632e-08 -0.0142892 -0.00937684
124 1.73465e-06 -2.47835e-06 -0.577544 0.825156 4.26691e-08 2.85244e-08 -0.0142065 -0.00949707
124.5 1.75586e-06 -2.46391e-06 -0.584605 0.820348 4.2418e-08 2.88832e-08 -0.0141229 -0.00961656
125 1.77694e-06 -2.44929e-06 -0.591625 0.81548 4.21638e-08 2.92399e-08 -0.0140383 -0.0097353
125.5 1.79789e-06 -2.43449e-06 -0.598601 0.810553 4.19067e-08 2.95942e-08 -0.0139527 -0.00985329
126 1.81871e-06 -2.41952e-06 -0.605534 0.805568 4.16467e-08 2.99463e-08 -0.0138661 -0.00997051
126.5 1.83941e-06 -2.40437e-06 -0.612423 0.800525 4.13838e-08 3.02961e-08 -0.0137786 -0.010087
127 1.85997e-06 -2.38905e-06 -0.619268 0.795423 4.1118e-08 3.06435e-08 -0.0136901 -0.0102026
127.5 1.88039e-06 -2.37355e-06 -0.626069 0.790265 4.08494e-08 3.09885e-08 -0.0136006 -0.0103175
128 1.90068e-06 -2.35789e-06 -0.632824 0.785049 4.05779e-08 3.13312e-08 -0.0135103 -0.0104316
128.5 1.92083e-06 -2.34205e-06 -0.639533 0.779776 4.03036e-08 3.16715e-08 -0.0134189 -0.0105449
129 1.94084e-06 -2.32605e-06 -0.646197 0.774448 4.00265e-08 3.20093e-08 -0.0133267 -0.0106574
129.5 1.96072e-06 -2.30987e-06 -0.652813 0.769063 3.97467e-08 3.23447e-08 -0.0132335 -0.010769
130 1.98045e-06 -2.29353e-06 -0.659383 0.763623 3.94641e-08 3.26776e-08 -0.0131394 -0.0108799
130.5 2.00004e-06 -2.27703e-06 -0.665905 0.758128 3.91788e-08 3.30081e-08 -0.0130444 -0.0109899
131 2.01948e-06 -2.26036e-06 -0.672379 0.752579 3.88907e-08 3.3336e-08 -0.0129485 -0.0110991
131.5 2.03878e-06 -2.24353e-06 -0.678805 0.746975 3.86e-08 3.36614e-08 -0.0128517 -0.0112074
132 2.05794e-06 -2.22654e-06 -0.685182 0.741318 3.83067e-08 3.39842e-08 -0.0127541 -0.0113149
132.5 2.07694e-06 -2.20939e-06 -0.69151 0.735607 3.80107e-08 3.43044e-08 -0.0126555 -0.0114215
133 2.0958e-06 -2.19208e-06 -0.697788 0.729843 3.77121e-08 3.46221e-08 -0.0125561 -0.0115273
133.5 2.1145e-06 -2.17461e-06 -0.704016 0.724027 3.74109e-08 3.49371e-08 -0.0124558 -0.0116322
134 2.13306e-06 -2.15698e-06 -0.710193 0.718159 3.71071e-08 3.52495e-08 -0.0123547 -0.0117362
134.5 2.15146e-06 -2.1392e-06 -0.71632 0.712239 3.68008e-08 3.55592e-08 -0.0122527 -0.0118393
135 2.1697e-06 -2.12127e-06 -0.722395 0.706269 3.6492e-08 3.58663e-08 -0.0121499 -0.0119415
135.5 2.1878e-06 -2.10318e-06 -0.728418 0.700247 3.61807e-08 3.61707e-08 -0.0120462 -0.0120429
136 2.20573e-06 -2.08495e-06 -0.734389 0.694175 3.58669e-08 3.64723e-08 -0.0119417 -0.0121433
136.5 2.2235e-06 -2.06656e-06 -0.740307 0.688054 3.55507e-08 3.67712e-08 -0.0118365 -0.0122428
137 2.24112e-06 -2.04803e-06 -0.746172 0.681883 3.5232e-08 3.70674e-08 -0.0117304 -0.0123414
137.5 2.25858e-06 -2.02935e-06 -0.751984 0.675664 3.49109e-08 3.73608e-08 -0.0116235 -0.0124391
138 2.27587e-06 -2.01052e-06 -0.757742 0.669396 3.45875e-08 3.76514e-08 -0.0115158 -0.0125359
138.5 2.293e-06 -1.99155e-06 -0.763445 0.66308 3.42617e-08 3.79392e-08 -0.0114073 -0.0126317
139 2.30997e-06 -1.97244e-06 -0.769094 0.656717 3.39336e-08 3.82242e-08 -0.0112981 -0.0127266
139.5 2.32677e-06 -1.95319e-06 -0.774688 0.650306 3.36032e-08 3.85063e-08 -0.011188 -0.0128205
140 2.3434e-06 -1.9338e-06 -0.780227 0.64385 3.32705e-08 3.87856e-08 -0.0110773 -0.0129135
140.5 2.35987e-06 -1.91426e-06 -0.78571 0.637347 3.29355e-08 3.9062e-08 -0.0109658 -0.0130055
141 2.37617e-06 -1.8946e-06 -0.791137 0.630799 3.25984e-08 3.93355e-08 -0.0108535 -0.0130966
141.5 2.3923e-06 -1.87479e-06 -0.796507 0.624205 3.2259e-08 3.96061e-08 -0.0107405 -0.0131867
142 2.40826e-06 -1.85486e-06 -0.80182 0.617567 3.19174e-08 3.98738e-08 -0.0106268 -0.0132758
142.5 2.42405e-06 -1.83479e-06 -0.807076 0.610885 3.15737e-08 4.01385e-08 -0.0105123 -0.013364
143 2.43966e-06 -1.81459e-06 -0.812275 0.60416 3.12279e-08 4.04003e-08 -0.0103972 -0.0134511
143.5 2.4551e-06 -1.79426e-06 -0.817416 0.597391 3.088e-08 4.06591e-08 -0.0102814 -0.0135373
144 2.47036e-06 -1.7738e-06 -0.822498 0.59058 3.05299e-08 4.09149e-08 -0.0101648 -0.0136224
144.5 2.48545e-06 -1.75322e-06 -0.827522 0.583727 3.01779e-08 4.11677e-08 -0.0100476 -0.0137066
145 2.50037e-06 -1.73251e-06 -0.832487 0.576832 2.98238e-08 4.14174e-08 -0.00992971 -0.0137898
145.5 2.5151e-06 -1.71168e-06 -0.837392 0.569896 2.94677e-08 4.16642e-08 -0.00981115 -0.0138719
146 2.52965e-06 -1.69072e-06 -0.842238 0.562919 2.91096e-08 4.19078e-08 -0.00969194 -0.0139531
146.5 2.54403e-06 -1.66965e-06 -0.847024 0.555903 2.87496e-08 4.21485e-08 -0.00957207 -0.0140332
147 2.55822e-06 -1.64845e-06 -0.85175 0.548847 2.83877e-08 4.2386e-08 -0.00945157 -0.0141123
147.5 2.57223e-06 -1.62714e-06 -0.856415 0.541751 2.80239e-08 4.26204e-08 -0.00933044 -0.0141903
148 2.58606e-06 -1.60572e-06 -0.86102 0.534618 2.76582e-08 4.28518e-08 -0.00920868 -0.0142673
148.5 2.59971e-06 -1.58418e-06 -0.865563 0.527446 2.72906e-08 4.308e-08 -0.00908631 -0.0143433
149 2.61317e-06 -1.56253e-06 -0.870045 0.520237 2.69213e-08 4.33051e-08 -0.00896333 -0.0144182
149.5 2.62644e-06 -1.54076e-06 -0.874464 0.512991 2.65501e-08 4.3527e-08 -0.00883976 -0.0144921
150 2.63953e-06 -1.51889e-06 -0.878822 0.505708 2.61772e-08 4.37458e-08 -0.0087156 -0.014565
150.5 2.65243e-06 -1.49691e-06 -0.883118 0.49839 2.58026e-08 4.39613e-08 -0.00859086 -0.0146368
151 2.66515e-06 -1.47482e-06 -0.88735 0.491036 2.54262e-08 4.41737e-08 -0.00846555 -0.0147075
151.5 2.67767e-06 -1.45263e-06 -0.89152 0.483648 2.50482e-08 4.43829e-08 -0.00833969 -0.0147771
152 2.69001e-06 -1.43034e-06 -0.895627 0.476225 2.46685e-08 4.45889e-08 -0.00821327 -0.0148457
152.5 2.70215e-06 -1.40794e-06 -0.89967 0.468768 2.42871e-08 4.47917e-08 -0.0080863 -0.0149132
153 2.7141e-06 -1.38544e-06 -0.903649 0.461278 2.39042e-08 4.49912e-08 -0.00795881 -0.0149796
153.5 2.72586e-06 -1.36285e-06 -0.907565 0.453756 2.35197e-08 4.51875e-08 -0.00783079 -0.015045
154 2.73743e-06 -1.34016e-06 -0.911416 0.446201 2.31336e-08 4.53805e-08 -0.00770225 -0.0151093
154.5 2.7488e-06 -1.31738e-06 -0.915203 0.438615 2.27461e-08 4.55702e-08 -0.00757321 -0.0151724
155 2.75998e-06 -1.2945e-06 -0.918924 0.430998 2.2357e-08 4.57567e-08 -0.00744367 -0.0152345
155.5 2.77096e-06 -1.27153e-06 -0.922581 0.42335 2.19664e-08 4.59399e-08 -0.00731364 -0.0152955
156 2.78175e-06 -1.24847e-06 -0.926173 0.415672 2.15745e-08 4.61198e-08 -0.00718313 -0.0153554
156.5 2.79234e-06 -1.22532e-06 -0.929699 0.407965 2.11811e-08 4.62963e-08 -0.00705215 -0.0154142
157 2.80273e-06 -1.20208e-06 -0.933159 0.400229 2.07863e-08 4.64695e-08 -0.00692071 -0.0154719
157.5 2.81293e-06 -1.17876e-06 -0.936554 0.392465 2.03902e-08 4.66394e-08 -0.00678882 -0.0155284
158 2.82293e-06 -1.15536e-06 -0.939882 0.384673 1.99927e-08 4.6806e-08 -0.00665649 -0.0155839
158.5 2.83272e-06 -1.13188e-06 -0.943144 0.376854 1.95939e-08 4.69692e-08 -0.00652372 -0.0156382
159 2.84232e-06 -1.10831e-06 -0.946339 0.369008 1.91939e-08 4.71291e-08 -0.00639053 -0.0156914
159.5 2.85172e-06 -1.08467e-06 -0.949467 0.361137 1.87926e-08 4.72855e-08 -0.00625692 -0.0157435
160 2.86091e-06 -1.06095e-06 -0.952529 0.353239 1.83901e-08 4.74386e-08 -0.00612291 -0.0157945
160.5 2.8699e-06 -1.03716e-06 -0.955523 0.345317 1.79864e-08 4.75883e-08 -0.0059885 -0.0158444
161 2.87869e-06 -1.01329e-06 -0.95845 0.337371 1.75815e-08 4.77347e-08 -0.0058537 -0.0158931
161.5 2.88728e-06 -9.8935e-07 -0.961309 0.3294 1.71755e-08 4.78776e-08 -0.00571852 -0.0159406
162 2.89567e-06 -9.65342e-07 -0.964101 0.321407 1.67684e-08 4.80171e-08 -0.00558298 -0.0159871
162.5 2.90385e-06 -9.41265e-07 -0.966824 0.313391 1.63602e-08 4.81531e-08 -0.00544707 -0.0160324
163 2.91182e-06 -9.17122e-07 -0.96948 0.305352 1.5951e-08 4.82858e-08 -0.00531082 -0.0160766
163.5 2.91959e-06 -8.92915e-07 -0.972067 0.297293 1.55407e-08 4.8415e-08 -0.00517422 -0.0161196
164 2.92716e-06 -8.68645e-07 -0.974585 0.289212 1.51295e-08 4.85408e-08 -0.0050373 -0.0161615
164.5 2.93452e-06 -8.44313e-07 -0.977036 0.281111 1.47172e-08 4.86631e-08 -0.00490005 -0.0162022
165 2.94167e-06 -8.19922e-07 -0.979417 0.27299 1.43041e-08 4.8782e-08 -0.00476249 -0.0162418
165.5 2.94861e-06 -7.95473e-07 -0.981729 0.26485 1.389e-08 4.88974e-08 -0.00462462 -0.0162802
166 2.95535e-06 -7.70969e-07 -0.983972 0.256691 1.3475e-08 4.90094e-08 -0.00448646 -0.0163175
166.5 2.96188e-06 -7.4641e-07 -0.986146 0.248514 1.30592e-08 4.91178e-08 -0.00434802 -0.0163536
167 2.9682e-06 -7.21798e-07 -0.988251 0.24032 1.26426e-08 4.92228e-08 -0.0042093 -0.0163885
167.5 2.97431e-06 -6.97136e-07 -0.990286 0.232109 1.22251e-08 4.93243e-08 -0.00407031 -0.0164223
168 2.98022e-06 -6.72425e-07 -0.992252 0.223881 1.18069e-08 4.94224e-08 -0.00393107 -0.016455
168.5 2.98591e-06 -6.47667e-07 -0.994147 0.215638 1.1388e-08 4.95169e-08 -0.00379158 -0.0164865
169 2.9914e-06 -6.22863e-07 -0.995973 0.20738 1.09683e-08 4.96079e-08 -0.00365186 -0.0165168
169.5 2.99667e-06 -5.98015e-07 -0.997729 0.199107 1.0548e-08 4.96954e-08 -0.0035119 -0.0165459
170 3.00173e-06 -5.73125e-07 -0.999415 0.19082 1.0127e-08 4.97795e-08 -0.00337173 -0.0165739
170.5 3.00659e-06 -5.48195e-07 -1.00103 0.182519 9.70531e-09 4.986e-08 -0.00323135 -0.0166007
171 3.01123e-06 -5.23227e-07 -1.00258 0.174206 9.28308e-09 4.9937e-08 -0.00309076 -0.0166263
171.5 3.01566e-06 -4.98221e-07 -1.00405 0.165881 8.86027e-09 5.00104e-08 -0.00294999 -0.0166508
172 3.01988e-06 -4.73181e-07 -1.00546 0.157544 8.43691e-09 5.00804e-08 -0.00280904 -0.0166741
172.5 3.02388e-06 -4.48108e-07 -1.00679 0.149196 8.01305e-09 5.01468e-08 -0.00266791 -0.0166962
173 3.02768e-06 -4.23003e-07 -1.00805 0.140837 7.58869e-09 5.02097e-08 -0.00252663 -0.0167171
173.5 3.03126e-06 -3.97869e-07 -1.00925 0.132469 7.16388e-09 5.0269e-08 -0.00238519 -0.0167369
174 3.03463e-06 -3.72706e-07 -1.01037 0.124091 6.73864e-09 5.03248e-08 -0.0022436 -0.0167555
174.5 3.03778e-06 -3.47518e-07 -1.01142 0.115705 6.313e-09 5.03771e-08 -0.00210189 -0.0167729
175 3.04073e-06 -3.22305e-07 -1.0124 0.10731 5.88698e-09 5.04258e-08 -0.00196005 -0.0167891
175.5 3.04346e-06 -2.97069e-07 -1.01331 0.098908 5.46062e-09 5.0471e-08 -0.00181809 -0.0168041
176 3.04598e-06 -2.71813e-07 -1.01415 0.090499 5.03395e-09 5.05127e-08 -0.00167603 -0.016818
176.5 3.04828e-06 -2.46537e-07 -1.01491 0.0820836 4.60699e-09 5.05508e-08 -0.00153388 -0.0168307
177 3.05037e-06 -2.21245e-07 -1.01561 0.0736626 4.17977e-09 5.05853e-08 -0.00139164 -0.0168422
177.5 3.05224e-06 -1.95937e-07 -1.01623 0.0652363 3.75232e-09 5.06163e-08 -0.00124932 -0.0168525
178 3.05391e-06 -1.70615e-07 -1.01679 0.0568055 3.32466e-09 5.06438e-08 -0.00110693 -0.0168617
178.5 3.05536e-06 -1.45281e-07 -1.01727 0.0483707 2.89684e-09 5.06677e-08 -0.000964491 -0.0168696
179 3.05659e-06 -1.19937e-07 -1.01768 0.0399325 2.46887e-09 5.0688e-08 -0.000822 -0.0168764
179.5 3.05761e-06 -9.45844e-08 -1.01802 0.0314915 2.04078e-09 5.07048e-08 -0.00067947 -0.016882
180 3.05842e-06 -6.92253e-08 -1.01829 0.0230483 1.61261e-09 5.07181e-08 -0.000536911 -0.0168864
180.5 3.05901e-06 -4.38614e-08 -1.01848 0.0146035 1.18437e-09 5.07278e-08 -0.000394332 -0.0168896
181 3.05939e-06 -1.84945e-08 -1.01861 0.00615766 7.56106e-10 5.07339e-08 -0.000251743 -0.0168917
181.5 3.05955e-06 6.87379e-09 -1.01867 -0.0022886 3.27838e-10 5.07365e-08 -0.000109152 -0.0168925
182 3.0595e-06 3.22416e-08 -1.01865 -0.0107347 -1.00405e-10 5.07355e-08 3.34294e-05 -0.0168922
182.5 3.05924e-06 5.76071e-08 -1.01856 -0.01918 -5.28594e-10 5.0731e-08 0.000175993 -0.0168907
183 3.05876e-06 8.29686e-08 -1.0184 -0.0276241 -9.567e-10 5.0723e-08 0.000318529 -0.016888
183.5 3.05807e-06 1.08324e-07 -1.01817 -0.0360661 -1.3847e-09 5.07114e-08 0.000461029 -0.0168841
184 3.05716e-06 1.33672e-07 -1.01787 -0.0445057 -1.81255e-09 5.06962e-08 0.000603482 -0.0168791
184.5 3.05604e-06 1.59011e-07 -1.0175 -0.0529421 -2.24024e-09 5.06775e-08 0.000745879 -0.0168729
185 3.05471e-06 1.84339e-07 -1.01705 -0.0613749 -2.66773e-09 5.06553e-08 0.000888212 -0.0168655
185.5 3.05316e-06 2.09653e-07 -1.01654 -0.0698033 -3.095e-09 5.06295e-08 0.00103047 -0.0168569
186 3.0514e-06 2.34954e-07 -1.01595 -0.0782269 -3.52202e-09 5.06002e-08 0.00117264 -0.0168471
186.5 3.04942e-06 2.60237e-07 -1.01529 -0.0866449 -3.94876e-09 5.05673e-08 0.00131472 -0.0168362
187 3.04723e-06 2.85503e-07 -1.01456 -0.095057 -4.37519e-09 5.05309e-08 0.0014567 -0.0168241
187.5 3.04483e-06 3.10748e-07 -1.01377 -0.103462 -4.80128e-09 5.0491e-08 0.00159857 -0.0168108
188 3.04222e-06 3.35972e-07 -1.0129 -0.111861 -5.22701e-09 5.04475e-08 0.00174031 -0.0167963
188.5 3.03939e-06 3.61172e-07 -1.01195 -0.120251 -5.65234e-09 5.04006e-08 0.00188192 -0.0167807
189 3.03636e-06 3.86347e-07 -1.01094 -0.128633 -6.07725e-09 5.03501e-08 0.0020234 -0.0167639
189.5 3.03311e-06 4.11495e-07 -1.00986 -0.137006 -6.50172e-09 5.02961e-08 0.00216472 -0.0167459
190 3.02964e-06 4.36615e-07 -1.00871 -0.145369 -6.9257e-09 5.02385e-08 0.00230589 -0.0167267
190.5 3.02597e-06 4.61703e-07 -1.00748 -0.153722 -7.34919e-09 5.01775e-08 0.00244688 -0.0167064
191 3.02208e-06 4.8676e-07 -1.00619 -0.162065 -7.77214e-09 5.0113e-08 0.0025877 -0.0166849
191.5 3.01798e-06 5.11782e-07 -1.00483 -0.170396 -8.19452e-09 5.00449e-08 0.00272833 -0.0166623
192 3.01368e-06 5.36769e-07 -1.00339 -0.178715 -8.61632e-09 4.99734e-08 0.00286877 -0.0166385
192.5 3.00916e-06 5.61718e-07 -1.00189 -0.187022 -9.03751e-09 4.98984e-08 0.003009 -0.0166135
193 3.00443e-06 5.86628e-07 -1.00031 -0.195316 -9.45804e-09 4.98199e-08 0.00314902 -0.0165873
193.5 2.99949e-06 6.11497e-07 -0.998668 -0.203596 -9.87791e-09 4.97379e-08 0.00328881 -0.01656
194 2.99434e-06 6.36323e-07 -0.996954 -0.211861 -1.02971e-08 4.96525e-08 0.00342837 -0.0165316
194.5 2.98898e-06 6.61105e-07 -0.99517 -0.220112 -1.07155e-08 4.95635e-08 0.00356769 -0.016502
195 2.98342e-06 6.85841e-07 -0.993317 -0.228348 -1.11332e-08 4.94712e-08 0.00370675 -0.0164712
195.5 2.97764e-06 7.10528e-07 -0.991394 -0.236568 -1.15501e-08 4.93753e-08 0.00384556 -0.0164393
196 2.97166e-06 7.35166e-07 -0.989402 -0.244771 -1.19662e-08 4.9276e-08 0.0039841 -0.0164063
196.5 2.96547e-06 7.59753e-07 -0.987341 -0.252957 -1.23814e-08 4.91733e-08 0.00412235 -0.0163721
197 2.95907e-06 7.84287e-07 -0.985211 -0.261125 -1.27958e-08 4.90671e-08 0.00426032 -0.0163367
197.5 2.95247e-06 8.08765e-07 -0.983012 -0.269275 -1.32093e-08 4.89575e-08 0.00439799 -0.0163002
198 2.94565e-06 8.33188e-07 -0.980744 -0.277407 -1.36219e-08 4.88445e-08 0.00453536 -0.0162626
198.5 2.93864e-06 8.57552e-07 -0.978408 -0.285518 -1.40335e-08 4.87281e-08 0.00467241 -0.0162238
199 2.93142e-06 8.81856e-07 -0.976003 -0.29361 -1.44442e-08 4.86083e-08 0.00480914 -0.0161839
199.5 2.92399e-06 9.06098e-07 -0.97353 -0.301682 -1.48538e-08 4.8485e-08 0.00494553 -0.0161429
200 2.91636e-06 9.30277e-07 -0.97099 -0.309732 -1.52625e-08 4.83584e-08 0.00508158 -0.0161007
200.5 2.90852e-06 9.54392e-07 -0.968381 -0.317761 -1.567e-08 4.82284e-08 0.00521728 -0.0160574
201 2.90048e-06 9.78439e-07 -0.965705 -0.325767 -1.60765e-08 4.8095e-08 0.00535261 -0.016013
201.5 2.89224e-06 1.00242e-06 -0.962961 -0.333751 -1.64819e-08 4.79583e-08 0.00548758 -0.0159675
202 2.8838e-06 1.02633e-06 -0.96015 -0.341712 -1.68861e-08 4.78181e-08 0.00562217 -0.0159209
202.5 2.87516e-06 1.05016e-06 -0.957272 -0.349648 -1.72892e-08 4.76747e-08 0.00575638 -0.0158731
203 2.86631e-06 1.07393e-06 -0.954326 -0.35756 -1.76911e-08 4.75279e-08 0.00589018 -0.0158242
203.5 2.85726e-06 1.09762e-06 -0.951315 -0.365447 -1.80918e-08 4.73778e-08 0.00602359 -0.0157742
204 2.84802e-06 1.12123e-06 -0.948236 -0.373309 -1.84912e-08 4.72243e-08 0.00615657 -0.0157232
204.5 2.83857e-06 1.14476e-06 -0.945092 -0.381144 -1.88894e-08 4.70676e-08 0.00628914 -0.015671
205 2.82893e-06 1.16822e-06 -0.941881 -0.388953 -1.92862e-08 4.69075e-08 0.00642127 -0.0156177
205.5 2.81909e-06 1.19159e-06 -0.938605 -0.396735 -1.96818e-08 4.67442e-08 0.00655297 -0.0155633
206 2.80905e-06 1.21488e-06 -0.935263 -0.404489 -2.0076e-08 4.65776e-08 0.00668421 -0.0155078
206.5 2.79882e-06 1.23808e-06 -0.931855 -0.412215 -2.04688e-08 4.64077e-08 0.006815 -0.0154513
207 2.78839e-06 1.2612e-06 -0.928382 -0.419911 -2.08602e-08 4.62345e-08 0.00694532 -0.0153936
207.5 2.77776e-06 1.28423e-06 -0.924845 -0.427579 -2.12502e-08 4.60582e-08 0.00707516 -0.0153349
208 2.76694e-06 1.30717e-06 -0.921243 -0.435216 -2.16387e-08 4.58785e-08 0.00720452 -0.0152751
208.5 2.75593e-06 1.33002e-06 -0.917576 -0.442823 -2.20258e-08 4.56957e-08 0.00733339 -0.0152142
209 2.74472e-06 1.35277e-06 -0.913845 -0.4504 -2.24113e-08 4.55096e-08 0.00746176 -0.0151522
209.5 2.73333e-06 1.37543e-06 -0.91005 -0.457944 -2.27953e-08 4.53203e-08 0.00758961 -0.0150892
210 2.72174e-06 1.39799e-06 -0.906192 -0.465457 -2.31778e-08 4.51279e-08 0.00771695 -0.0150252
210.5 2.70996e-06 1.42046e-06 -0.90227 -0.472937 -2.35587e-08 4.49323e-08 0.00784376 -0.01496
211 2.69799e-06 1.44283e-06 -0.898285 -0.480384 -2.39379e-08 4.47335e-08 0.00797004 -0.0148938
211.5 2.68583e-06 1.46509e-06 -0.894237 -0.487797 -2.43156e-08 4.45315e-08 0.00809577 -0.0148266
212 2.67349e-06 1.48726e-06 -0.890126 -0.495176 -2.46915e-08 4.43264e-08 0.00822095 -0.0147583
212.5 2.66095e-06 1.50932e-06 -0.885954 -0.502521 -2.50658e-08 4.41182e-08 0.00834557 -0.014689
213 2.64823e-06 1.53127e-06 -0.881719 -0.50983 -2.54384e-08 4.39069e-08 0.00846962 -0.0146186
213.5 2.63533e-06 1.55311e-06 -0.877422 -0.517103 -2.58093e-08 4.36924e-08 0.00859309 -0.0145472
214 2.62224e-06 1.57485e-06 -0.873064 -0.524341 -2.61784e-08 4.34749e-08 0.00871598 -0.0144748
214.5 2.60897e-06 1.59648e-06 -0.868645 -0.531542 -2.65457e-08 4.32543e-08 0.00883827 -0.0144014
215 2.59551e-06 1.61799e-06 -0.864165 -0.538705 -2.69111e-08 4.30307e-08 0.00895996 -0.0143269
215.5 2.58187e-06 1.6394e-06 -0.859625 -0.545831 -2.72748e-08 4.2804e-08 0.00908104 -0.0142514
216 2.56806e-06 1.66068e-06 -0.855024 -0.552918 -2.76366e-08 4.25742e-08 0.0092015 -0.0141749
216.5 2.55406e-06 1.68185e-06 -0.850363 -0.559967 -2.79965e-08 4.23415e-08 0.00932133 -0.0140974
217 2.53988e-06 1.70291e-06 -0.845643 -0.566976 -2.83545e-08 4.21057e-08 0.00944053 -0.0140189
217.5 2.52552e-06 1.72384e-06 -0.840864 -0.573946 -2.87106e-08 4.1867e-08 0.00955908 -0.0139395
218 2.51099e-06 1.74465e-06 -0.836025 -0.580876 -2.90647e-08 4.16253e-08 0.00967699 -0.013859
218.5 2.49628e-06 1.76534e-06 -0.831128 -0.587764 -2.94169e-08 4.13806e-08 0.00979423 -0.0137775
219 2.4814e-06 1.78591e-06 -0.826172 -0.594612 -2.9767e-08 4.1133e-08 0.00991081 -0.0136951
219.5 2.46634e-06 1.80635e-06 -0.821159 -0.601418 -3.01151e-08 4.08825e-08 0.0100267 -0.0136117
220 2.45111e-06 1.82667e-06 -0.816088 -0.608181 -3.04612e-08 4.0629e-08 0.0101419 -0.0135273
220.5 2.43571e-06 1.84685e-06 -0.81096 -0.614902 -3.08051e-08 4.03727e-08 0.0102564 -0.0134419
221 2.42014e-06 1.86691e-06 -0.805775 -0.62158 -3.1147e-08 4.01135e-08 0.0103703 -0.0133556
221.5 2.40439e-06 1.88684e-06 -0.800533 -0.628214 -3.14868e-08 3.98514e-08 0.0104834 -0.0132684
222 2.38848e-06 1.90663e-06 -0.795235 -0.634804 -3.18244e-08 3.95864e-08 0.0105958 -0.0131801
222.5 2.3724e-06 1.92629e-06 -0.789881 -0.64135 -3.21598e-08 3.93187e-08 0.0107075 -0.013091
223 2.35615e-06 1.94581e-06 -0.784472 -0.64785 -3.2493e-08 3.90481e-08 0.0108184 -0.0130009
223.5 2.33974e-06 1.9652e-06 -0.779008 -0.654305 -3.28241e-08 3.87747e-08 0.0109286 -0.0129099
224 2.32317e-06 1.98445e-06 -0.773489 -0.660714 -3.31528e-08 3.84986e-08 0.0110381 -0.012818
224.5 2.30643e-06 2.00356e-06 -0.767915 -0.667077 -3.34794e-08 3.82197e-08 0.0111468 -0.0127251
225 2.28952e-06 2.02253e-06 -0.762288 -0.673392 -3.38036e-08 3.7938e-08 0.0112548 -0.0126313
225.5 2.27246e-06 2.04135e-06 -0.756607 -0.679661 -3.41255e-08 3.76536e-08 0.011362 -0.0125366
226 2.25524e-06 2.06004e-06 -0.750873 -0.685881 -3.44451e-08 3.73665e-08 0.0114684 -0.012441
226.5 2.23786e-06 2.07858e-06 -0.745086 -0.692054 -3.47623e-08 3.70768e-08 0.011574 -0.0123446
227 2.22032e-06 2.09697e-06 -0.739247 -0.698177 -3.50772e-08 3.67843e-08 0.0116788 -0.0122472
227.5 2.20262e-06 2.11521e-06 -0.733355 -0.704252 -3.53897e-08 3.64892e-08 0.0117829 -0.0121489
228 2.18477e-06 2.13331e-06 -0.727412 -0.710276 -3.56997e-08 3.61914e-08 0.0118861 -0.0120498
228.5 2.16677e-06 2.15125e-06 -0.721418 -0.716251 -3.60073e-08 3.58911e-08 0.0119885 -0.0119498
229 2.14861e-06 2.16905e-06 -0.715373 -0.722176 -3.63125e-08 3.55881e-08 0.0120901 -0.0118489
229.5 2.13031e-06 2.18669e-06 -0.709277 -0.728049 -3.66151e-08 3.52826e-08 0.0121909 -0.0117472
230 2.11185e-06 2.20418e-06 -0.703132 -0.733872 -3.69153e-08 3.49745e-08 0.0122908 -0.0116446
230.5 2.09324e-06 2.22151e-06 -0.696937 -0.739642 -3.72129e-08 3.46639e-08 0.0123899 -0.0115412
231 2.07449e-06 2.23868e-06 -0.690693 -0.745361 -3.7508e-08 3.43507e-08 0.0124881 -0.0114369
231.5 2.05559e-06 2.2557e-06 -0.6844 -0.751027 -3.78005e-08 3.40351e-08 0.0125855 -0.0113318
232 2.03654e-06 2.27256e-06 -0.678059 -0.75664 -3.80904e-08 3.37169e-08 0.012682 -0.0112259
232.5 2.01735e-06 2.28926e-06 -0.67167 -0.762199 -3.83777e-08 3.33963e-08 0.0127777 -0.0111192
233 1.99802e-06 2.30579e-06 -0.665234 -0.767705 -3.86624e-08 3.30733e-08 0.0128725 -0.0110116
233.5 1.97855e-06 2.32217e-06 -0.658751 -0.773157 -3.89444e-08 3.27478e-08 0.0129664 -0.0109033
234 1.95894e-06 2.33838e-06 -0.652221 -0.778554 -3.92237e-08 3.242e-08 0.0130594 -0.0107941
234.5 1.93919e-06 2.35442e-06 -0.645645 -0.783896 -3.95004e-08 3.20898e-08 0.0131515 -0.0106842
235 1.9193e-06 2.3703e-06 -0.639024 -0.789183 -3.97743e-08 3.17572e-08 0.0132427 -0.0105734
235.5 1.89928e-06 2.38601e-06 -0.632358 -0.794414 -4.00455e-08 3.14222e-08 0.013333 -0.0104619
236 1.87912e-06 2.40156e-06 -0.625646 -0.799588 -4.03139e-08 3.1085e-08 0.0134224 -0.0103496
236.5 1.85883e-06 2.41693e-06 -0.618891 -0.804707 -4.05796e-08 3.07455e-08 0.0135108 -0.0102366
237 1.83841e-06 2.43213e-06 -0.612092 -0.809768 -4.08425e-08 3.04037e-08 0.0135983 -0.0101228
237.5 1.81786e-06 2.44716e-06 -0.605249 -0.814772 -4.11025e-08 3.00596e-08 0.0136849 -0.0100082
238 1.79718e-06 2.46202e-06 -0.598364 -0.819719 -4.13598e-08 2.97134e-08 0.0137706 -0.00989294
238.5 1.77637e-06 2.4767e-06 -0.591436 -0.824607 -4.16141e-08 2.93649e-08 0.0138553 -0.00977692
239 1.75544e-06 2.49121e-06 -0.584467 -0.829437 -4.18656e-08 2.90142e-08 0.013939 -0.00966017
239.5 1.73438e-06 2.50554e-06 -0.577456 -0.834209 -4.21143e-08 2.86614e-08 0.0140218 -0.0095427
240 1.7132e-06 2.51969e-06 -0.570404 -0.838921 -4.236e-08 2.83064e-08 0.0141036 -0.00942451
240.5 1.6919e-06 2.53366e-06 -0.563312 -0.843574 -4.26028e-08 2.79494e-08 0.0141844 -0.00930563
241 1.67048e-06 2.54746e-06 -0.55618 -0.848167 -4.28426e-08 2.75902e-08 0.0142643 -0.00918604
241.5 1.64894e-06 2.56107e-06 -0.549008 -0.8527 -4.30795e-08 2.72289e-08 0.0143431 -0.00906577
242 1.62728e-06 2.57451e-06 -0.541798 -0.857172 -4.33134e-08 2.68657e-08 0.014421 -0.00894482
242.5 1.60551e-06 2.58776e-06 -0.534549 -0.861584 -4.35443e-08 2.65004e-08 0.0144979 -0.00882319
243 1.58363e-06 2.60082e-06 -0.527262 -0.865934 -4.37722e-08 2.61331e-08 0.0145738 -0.0087009
243.5 1.56163e-06 2.61371e-06 -0.519938 -0.870223 -4.3997e-08 2.57638e-08 0.0146486 -0.00857795
244 1.53952e-06 2.6264e-06 -0.512576 -0.87445 -4.42188e-08 2.53926e-08 0.0147225 -0.00845436
244.5 1.5173e-06 2.63891e-06 -0.505179 -0.878615 -4.44375e-08 2.50194e-08 0.0147953 -0.00833012
245 1.49497e-06 2.65123e-06 -0.497745 -0.882718 -4.46532e-08 2.46444e-08 0.0148671 -0.00820524
245.5 1.47254e-06 2.66337e-06 -0.490276 -0.886758 -4.48657e-08 2.42674e-08 0.0149379 -0.00807975
246 1.45e-06 2.67531e-06 -0.482773 -0.890734 -4.50751e-08 2.38887e-08 0.0150076 -0.00795363
246.5 1.42736e-06 2.68707e-06 -0.475234 -0.894648 -4.52814e-08 2.3508e-08 0.0150763 -0.00782691
247 1.40462e-06 2.69863e-06 -0.467662 -0.898498 -4.54846e-08 2.31256e-08 0.0151439 -0.00769959
247.5 1.38178e-06 2.71e-06 -0.460057 -0.902284 -4.56845e-08 2.27414e-08 0.0152105 -0.00757167
248 1.35884e-06 2.72118e-06 -0.452419 -0.906005 -4.58813e-08 2.23555e-08 0.015276 -0.00744317
248.5 1.3358e-06 2.73216e-06 -0.444749 -0.909662 -4.60749e-08 2.19678e-08 0.0153405 -0.0073141
249 1.31267e-06 2.74295e-06 -0.437047 -0.913254 -4.62653e-08 2.15784e-08 0.0154038 -0.00718446
249.5 1.28944e-06 2.75354e-06 -0.429314 -0.916782 -4.64524e-08 2.11874e-08 0.0154662 -0.00705426
250 1.26612e-06 2.76394e-06 -0.42155 -0.920243 -4.66363e-08 2.07947e-08 0.0155274 -0.00692351
250.5 1.24271e-06 2.77414e-06 -0.413757 -0.923639 -4.6817e-08 2.04004e-08 0.0155875 -0.00679222
251 1.21922e-06 2.78414e-06 -0.405933 -0.92697 -4.69943e-08 2.00044e-08 0.0156466 -0.0066604
251.5 1.19563e-06 2.79395e-06 -0.398081 -0.930234 -4.71684e-08 1.96069e-08 0.0157045 -0.00652805
252 1.17196e-06 2.80355e-06 -0.3902 -0.933431 -4.73392e-08 1.92079e-08 0.0157614 -0.00639519
252.5 1.14821e-06 2.81295e-06 -0.382292 -0.936562 -4.75066e-08 1.88073e-08 0.0158171 -0.00626182
253 1.12437e-06 2.82216e-06 -0.374356 -0.939626 -4.76707e-08 1.84053e-08 0.0158718 -0.00612796
253.5 1.10046e-06 2.83116e-06 -0.366393 -0.942623 -4.78315e-08 1.80017e-08 0.0159253 -0.00599361
254 1.07646e-06 2.83996e-06 -0.358404 -0.945552 -4.79889e-08 1.75968e-08 0.0159777 -0.00585877
254.5 1.05239e-06 2.84855e-06 -0.35039 -0.948414 -4.81429e-08 1.71904e-08 0.016029 -0.00572347
255 1.02825e-06 2.85694e-06 -0.34235 -0.951208 -4.82936e-08 1.67826e-08 0.0160792 -0.00558771
255.5 1.00402e-06 2.86513e-06 -0.334286 -0.953934 -4.84408e-08 1.63735e-08 0.0161282 -0.00545149
256 9.79733e-07 2.87311e-06 -0.326198 -0.956591 -4.85847e-08 1.5963e-08 0.0161761 -0.00531483
256.5 9.5537e-07 2.88089e-06 -0.318087 -0.95918 -4.87251e-08 1.55513e-08 0.0162228 -0.00517774
257 9.30939e-07 2.88846e-06 -0.309952 -0.9617 -4.8862e-08 1.51382e-08 0.0162684 -0.00504022
257.5 9.06441e-07 2.89582e-06 -0.301796 -0.964151 -4.89956e-08 1.4724e-08 0.0163129 -0.00490229
258 8.81878e-07 2.90297e-06 -0.293618 -0.966533 -4.91256e-08 1.43085e-08 0.0163562 -0.00476395
258.5 8.57252e-07 2.90992e-06 -0.285419 -0.968846 -4.92522e-08 1.38918e-08 0.0163983 -0.00462521
259 8.32565e-07 2.91666e-06 -0.277199 -0.971089 -4.93753e-08 1.34739e-08 0.0164393 -0.00448608
259.5 8.07817e-07 2.92318e-06 -0.26896 -0.973262 -4.94949e-08 1.30549e-08 0.0164791 -0.00434658
260 7.83012e-07 2.9295e-06 -0.260701 -0.975365 -4.9611e-08 1.26348e-08 0.0165178 -0.00420671
260.5 7.5815e-07 2.93561e-06 -0.252423 -0.977399 -4.97236e-08 1.22136e-08 0.0165553 -0.00406648
261 7.33234e-07 2.9415e-06 -0.244127 -0.979362 -4.98326e-08 1.17914e-08 0.0165916 -0.0039259
261.5 7.08265e-07 2.94719e-06 -0.235814 -0.981254 -4.99381e-08 1.13681e-08 0.0166267 -0.00378498
262 6.83245e-07 2.95266e-06 -0.227484 -0.983076 -5.00401e-08 1.09439e-08 0.0166607 -0.00364373
262.5 6.58175e-07 2.95792e-06 -0.219137 -0.984827 -5.01385e-08 1.05187e-08 0.0166934 -0.00350216
263 6.33059e-07 2.96296e-06 -0.210774 -0.986507 -5.02333e-08 1.00925e-08 0.016725 -0.00336027
263.5 6.07896e-07 2.9678e-06 -0.202397 -0.988116 -5.03246e-08 9.6655e-09 0.0167554 -0.00321809
264 5.8269e-07 2.97242e-06 -0.194004 -0.989654 -5.04122e-08 9.23757e-09 0.0167845 -0.00307561
264.5 5.57442e-07 2.97682e-06 -0.185598 -0.99112 -5.04963e-08 8.8088e-09 0.0168125 -0.00293286
265 5.32154e-07 2.98101e-06 -0.177178 -0.992515 -5.05767e-08 8.37922e-09 0.0168393 -0.00278983
265.5 5.06827e-07 2.98498e-06 -0.168746 -0.993839 -5.06535e-08 7.94884e-09 0.0168649 -0.00264654
266 4.81464e-07 2.98874e-06 -0.160301 -0.99509 -5.07267e-08 7.51771e-09 0.0168893 -0.00250299
266.5 4.56065e-07 2.99229e-06 -0.151845 -0.99627 -5.07963e-08 7.08585e-09 0.0169124 -0.00235921
267 4.30634e-07 2.99561e-06 -0.143378 -0.997377 -5.08622e-08 6.6533e-09 0.0169344 -0.00221519
267.5 4.05172e-07 2.99872e-06 -0.1349 -0.998413 -5.09245e-08 6.22007e-09 0.0169551 -0.00207095
268 3.79681e-07 3.00162e-06 -0.126413 -0.999376 -5.09831e-08 5.78621e-09 0.0169746 -0.0019265
268.5 3.54161e-07 3.00429e-06 -0.117917 -1.00027 -5.10381e-08 5.35174e-09 0.0169929 -0.00178184
269 3.28617e-07 3.00675e-06 -0.109412 -1.00109 -5.10894e-08 4.9167e-09 0.01701 -0.001637
269.5 3.03048e-07 3.00899e-06 -0.100899 -1.00183 -5.1137e-08 4.48111e-09 0.0170259 -0.00149197
270 2.77458e-07 3.01101e-06 -0.0923785 -1.0025 -5.11809e-08 4.045e-09 0.0170405 -0.00134677
270.5 2.51847e-07 3.01282e-06 -0.0838516 -1.00311 -5.12211e-08 3.60841e-09 0.0170539 -0.00120141
271 2.26218e-07 3.0144e-06 -0.0753185 -1.00363 -5.12577e-08 3.17136e-09 0.017066 -0.00105589
271.5 2.00573e-07 3.01577e-06 -0.0667801 -1.00409 -5.12905e-08 2.73389e-09 0.017077 -0.000910239
272 1.74913e-07 3.01692e-06 -0.0582367 -1.00447 -5.13196e-08 2.29603e-09 0.0170867 -0.000764455
272.5 1.49241e-07 3.01785e-06 -0.0496892 -1.00478 -5.1345e-08 1.85781e-09 0.0170951 -0.00061855
273 1.23558e-07 3.01856e-06 -0.041138 -1.00502 -5.13667e-08 1.41925e-09 0.0171023 -0.000472535
273.5 9.78652e-08 3.01905e-06 -0.0325838 -1.00518 -5.13847e-08 9.80401e-10 0.0171083 -0.000326421
274 7.21658e-08 3.01932e-06 -0.0240273 -1.00527 -5.13989e-08 5.4128e-10 0.0171131 -0.000180217
274.5 4.64611e-08 3.01937e-06 -0.015469 -1.00529 -5.14094e-08 1.01921e-10 0.0171166 -3.39342e-05
275 2.0753e-08 3.0192e-06 -0.00690962 -1.00523 -5.14162e-08 -3.37643e-10 0.0171188 0.000112417
275.5 -4.95662e-09 3.01881e-06 0.00165029 -1.0051 -5.14192e-08 -7.77381e-10 0.0171198 0.000258826
276 -3.06659e-08 3.0182e-06 0.0102101 -1.0049 -5.14185e-08 -1.21726e-09 0.0171196 0.000405283
276.5 -5.63729e-08 3.01737e-06 0.0187691 -1.00462 -5.1414e-08 -1.65725e-09 0.0171181 0.000551776
277 -8.20758e-08 3.01632e-06 0.0273268 -1.00427 -5.14058e-08 -2.09733e-09 0.0171154 0.000698296
277.5 -1.07773e-07 3.01506e-06 0.0358825 -1.00385 -5.13938e-08 -2.53745e-09 0.0171114 0.000844832
278 -1.33462e-07 3.01357e-06 0.0444355 -1.00336 -5.13781e-08 -2.97758e-09 0.0171061 0.000991374
278.5 -1.59141e-07 3.01186e-06 0.0529854 -1.00279 -5.13586e-08 -3.4177e-09 0.0170996 0.00113791
279 -1.84809e-07 3.00993e-06 0.0615313 -1.00214 -5.13353e-08 -3.85777e-09 0.0170919 0.00128443
279.5 -2.10463e-07 3.00778e-06 0.0700728 -1.00143 -5.13083e-08 -4.29776e-09 0.0170829 0.00143092
280 -2.36102e-07 3.00541e-06 0.0786091 -1.00064 -5.12775e-08 -4.73764e-09 0.0170727 0.00157738
280.5 -2.61723e-07 3.00282e-06 0.0871397 -0.999778 -5.1243e-08 -5.17738e-09 0.0170612 0.00172379
281 -2.87325e-07 3.00001e-06 0.0956639 -0.998843 -5.12047e-08 -5.61694e-09 0.0170484 0.00187014
281.5 -3.12907e-07 2.99699e-06 0.104181 -0.997835 -5.11626e-08 -6.05629e-09 0.0170344 0.00201642
282 -3.38465e-07 2.99374e-06 0.112691 -0.996753 -5.11168e-08 -6.49541e-09 0.0170191 0.00216262
282.5 -3.63999e-07 2.99027e-06 0.121192 -0.995599 -5.10671e-08 -6.93425e-09 0.0170026 0.00230873
283 -3.89506e-07 2.98659e-06 0.129684 -0.994372 -5.10138e-08 -7.37278e-09 0.0169848 0.00245474
283.5 -4.14984e-07 2.98268e-06 0.138167 -0.993071 -5.09566e-08 -7.81098e-09 0.0169658 0.00260064
284 -4.40432e-07 2.97856e-06 0.14664 -0.991698 -5.08957e-08 -8.24881e-09 0.0169455 0.00274641
284.5 -4.65847e-07 2.97421e-06 0.155102 -0.990252 -5.0831e-08 -8.68624e-09 0.016924 0.00289205
285 -4.91228e-07 2.96965e-06 0.163553 -0.988733 -5.07626e-08 -9.12324e-09 0.0169012 0.00303755
285.5 -5.16574e-07 2.96487e-06 0.171991 -0.987142 -5.06904e-08 -9.55976e-09 0.0168772 0.00318289
286 -5.41881e-07 2.95987e-06 0.180417 -0.985478 -5.06144e-08 -9.99579e-09 0.0168519 0.00332806
286.5 -5.67148e-07 2.95466e-06 0.18883 -0.983741 -5.05347e-08 -1.04313e-08 0.0168253 0.00347306
287 -5.92374e-07 2.94922e-06 0.197228 -0.981933 -5.04512e-08 -1.08662e-08 0.0167975 0.00361787
287.5 -6.17556e-07 2.94357e-06 0.205613 -0.980051 -5.03639e-08 -1.13006e-08 0.0167685 0.00376248
288 -6.42692e-07 2.93771e-06 0.213982 -0.978098 -5.02729e-08 -1.17343e-08 0.0167382 0.00390688
288.5 -6.67781e-07 2.93162e-06 0.222335 -0.976072 -5.01782e-08 -1.21673e-08 0.0167066 0.00405106
289 -6.92821e-07 2.92532e-06 0.230672 -0.973975 -5.00797e-08 -1.25997e-08 0.0166738 0.00419501
289.5 -7.1781e-07 2.91881e-06 0.238992 -0.971805 -4.99775e-08 -1.30313e-08 0.0166398 0.00433872
290 -7.42746e-07 2.91208e-06 0.247294 -0.969564 -4.98715e-08 -1.34622e-08 0.0166045 0.00448218
290.5 -7.67627e-07 2.90513e-06 0.255578 -0.967252 -4.97618e-08 -1.38922e-08 0.016568 0.00462537
291 -7.92451e-07 2.89797e-06 0.263843 -0.964868 -4.96484e-08 -1.43215e-08 0.0165302 0.00476829
291.5 -8.17216e-07 2.89059e-06 0.272089 -0.962412 -4.95313e-08 -1.47499e-08 0.0164912 0.00491092
292 -8.41922e-07 2.88301e-06 0.280314 -0.959885 -4.94104e-08 -1.51774e-08 0.016451 0.00505326
292.5 -8.66565e-07 2.8752e-06 0.288519 -0.957288 -4.92858e-08 -1.5604e-08 0.0164095 0.00519529
293 -8.91143e-07 2.86719e-06 0.296703 -0.954619 -4.91575e-08 -1.60296e-08 0.0163668 0.005337
293.5 -9.15656e-07 2.85896e-06 0.304864 -0.95188 -4.90256e-08 -1.64543e-08 0.0163229 0.00547838
294 -9.40101e-07 2.85052e-06 0.313003 -0.94907 -4.88899e-08 -1.68779e-08 0.0162777 0.00561942
294.5 -9.64476e-07 2.84187e-06 0.321119 -0.94619 -4.87505e-08 -1.73004e-08 0.0162313 0.00576012
295 -9.8878e-07 2.83301e-06 0.32921 -0.94324 -4.86075e-08 -1.77219e-08 0.0161837 0.00590045
295.5 -1.01301e-06 2.82394e-06 0.337278 -0.94022 -4.84608e-08 -1.81423e-08 0.0161348 0.00604041
296 -1.03717e-06 2.81466e-06 0.34532 -0.93713 -4.83104e-08 -1.85615e-08 0.0160848 0.00617998
296.5 -1.06124e-06 2.80517e-06 0.353337 -0.93397 -4.81563e-08 -1.89796e-08 0.0160335 0.00631917
297 -1.08524e-06 2.79547e-06 0.361327 -0.930741 -4.79987e-08 -1.93964e-08 0.015981 0.00645795
297.5 -1.10916e-06 2.78557e-06 0.369291 -0.927443 -4.78373e-08 -1.9812e-08 0.0159272 0.00659631
298 -1.133e-06 2.77545e-06 0.377227 -0.924076 -4.76724e-08 -2.02262e-08 0.0158723 0.00673425
298.5 -1.15675e-06 2.76513e-06 0.385135 -0.92064 -4.75038e-08 -2.06392e-08 0.0158162 0.00687175
299 -1.18042e-06 2.75461e-06 0.393015 -0.917136 -4.73316e-08 -2.10509e-08 0.0157589 0.0070088
299.5 -1.20399e-06 2.74388e-06 0.400865 -0.913563 -4.71558e-08 -2.14611e-08 0.0157003 0.0071454
300 -1.22748e-06 2.73294e-06 0.408685 -0.909922 -4.69764e-08 -2.187e-08 0.0156406 0.00728153
300.5 -1.25088e-06 2.7218e-06 0.416475 -0.906214 -4.67934e-08 -2.22774e-08 0.0155797 0.00741718
301 -1.27418e-06 2.71046e-06 0.424234 -0.902438 -4.66068e-08 -2.26834e-08 0.0155176 0.00755233
301.5 -1.29739e-06 2.69892e-06 0.431961 -0.898594 -4.64167e-08 -2.30878e-08 0.0154542 0.00768699
302 -1.3205e-06 2.68717e-06 0.439656 -0.894684 -4.6223e-08 -2.34907e-08 0.0153898 0.00782113
302.5 -1.34351e-06 2.67523e-06 0.447318 -0.890706 -4.60258e-08 -2.3892e-08 0.0153241 0.00795476
303 -1.36643e-06 2.66308e-06 0.454946 -0.886662 -4.5825e-08 -2.42918e-08 0.0152573 0.00808785
303.5 -1.38924e-06 2.65074e-06 0.462541 -0.882552 -4.56208e-08 -2.46899e-08 0.0151893 0.00822039
304 -1.41194e-06 2.63819e-06 0.470101 -0.878376 -4.5413e-08 -2.50863e-08 0.0151201 0.00835239
304.5 -1.43454e-06 2.62545e-06 0.477626 -0.874134 -4.52017e-08 -2.5481e-08 0.0150497 0.00848381
305 -1.45704e-06 2.61252e-06 0.485115 -0.869827 -4.4987e-08 -2.58741e-08 0.0149782 0.00861467
305.5 -1.47942e-06 2.59938e-06 0.492568 -0.865454 -4.47688e-08 -2.62653e-08 0.0149056 0.00874494
306 -1.5017e-06 2.58606e-06 0.499984 -0.861017 -4.45471e-08 -2.66548e-08 0.0148318 0.00887461
306.5 -1.52386e-06 2.57253e-06 0.507362 -0.856515 -4.4322e-08 -2.70424e-08 0.0147568 0.00900367
307 -1.5459e-06 2.55882e-06 0.514703 -0.851949 -4.40935e-08 -2.74282e-08 0.0146807 0.00913212
307.5 -1.56783e-06 2.54491e-06 0.522004 -0.847319 -4.38615e-08 -2.78122e-08 0.0146035 0.00925995
308 -1.58965e-06 2.53082e-06 0.529267 -0.842625 -4.36262e-08 -2.81942e-08 0.0145252 0.00938713
308.5 -1.61134e-06 2.51653e-06 0.53649 -0.837869 -4.33875e-08 -2.85742e-08 0.0144457 0.00951367
309 -1.63291e-06 2.50205e-06 0.543672 -0.833049 -4.31454e-08 -2.89523e-08 0.0143651 0.00963955
309.5 -1.65436e-06 2.48739e-06 0.550814 -0.828166 -4.29e-08 -2.93284e-08 0.0142834 0.00976476
310 -1.67569e-06 2.47254e-06 0.557914 -0.823222 -4.26512e-08 -2.97024e-08 0.0142005 0.00988929
310.5 -1.69689e-06 2.4575e-06 0.564973 -0.818215 -4.23991e-08 -3.00744e-08 0.0141166 0.0100131
311 -1.71796e-06 2.44228e-06 0.571988 -0.813147 -4.21437e-08 -3.04442e-08 0.0140316 0.0101363
311.5 -1.7389e-06 2.42687e-06 0.578961 -0.808018 -4.1885e-08 -3.0812e-08 0.0139455 0.0102587
312 -1.75972e-06 2.41128e-06 0.58589 -0.802827 -4.16231e-08 -3.11775e-08 0.0138582 0.0103804
312.5 -1.78039e-06 2.39551e-06 0.592775 -0.797577 -4.13579e-08 -3.15409e-08 0.0137699 0.0105014
313 -1.80094e-06 2.37956e-06 0.599615 -0.792266 -4.10895e-08 -3.19021e-08 0.0136806 0.0106217
313.5 -1.82135e-06 2.36343e-06 0.606411 -0.786895 -4.08178e-08 -3.2261e-08 0.0135901 0.0107412
314 -1.84162e-06 2.34712e-06 0.61316 -0.781465 -4.0543e-08 -3.26177e-08 0.0134986 0.0108599
314.5 -1.86175e-06 2.33064e-06 0.619863 -0.775976 -4.02649e-08 -3.2972e-08 0.0134061 0.0109779
315 -1.88174e-06 2.31397e-06 0.626519 -0.770429 -3.99838e-08 -3.3324e-08 0.0133124 0.0110951
315.5 -1.90159e-06 2.29714e-06 0.633128 -0.764823 -3.96994e-08 -3.36737e-08 0.0132178 0.0112115
316 -1.9213e-06 2.28013e-06 0.639689 -0.75916 -3.9412e-08 -3.40209e-08 0.0131221 0.0113271
316.5 -1.94086e-06 2.26294e-06 0.646202 -0.753439 -3.91214e-08 -3.43657e-08 0.0130253 0.0114419
317 -1.96027e-06 2.24559e-06 0.652665 -0.747661 -3.88278e-08 -3.47081e-08 0.0129276 0.0115559
317.5 -1.97954e-06 2.22807e-06 0.65908 -0.741826 -3.85311e-08 -3.5048e-08 0.0128288 0.0116691
318 -1.99866e-06 2.21037e-06 0.665444 -0.735935 -3.82314e-08 -3.53853e-08 0.012729 0.0117814
318.5 -2.01762e-06 2.19251e-06 0.671758 -0.729989 -3.79286e-08 -3.57202e-08 0.0126282 0.0118929
319 -2.03643e-06 2.17449e-06 0.678022 -0.723987 -3.76228e-08 -3.60524e-08 0.0125264 0.0120035
319.5 -2.05509e-06 2.1563e-06 0.684233 -0.717931 -3.73141e-08 -3.63821e-08 0.0124236 0.0121133
320 -2.07359e-06 2.13794e-06 0.690393 -0.711819 -3.70024e-08 -3.67091e-08 0.0123198 0.0122222
320.5 -2.09193e-06 2.11943e-06 0.696501 -0.705654 -3.66878e-08 -3.70335e-08 0.012215 0.0123302
321 -2.11012e-06 2.10075e-06 0.702555 -0.699436 -3.63702e-08 -3.73553e-08 0.0121093 0.0124373
321.5 -2.12814e-06 2.08191e-06 0.708557 -0.693164 -3.60498e-08 -3.76743e-08 0.0120026 0.0125435
322 -2.14601e-06 2.06292e-06 0.714504 -0.68684 -3.57265e-08 -3.79906e-08 0.011895 0.0126488
322.5 -2.16371e-06 2.04376e-06 0.720397 -0.680463 -3.54003e-08 -3.83041e-08 0.0117864 0.0127532
323 -2.18124e-06 2.02446e-06 0.726236 -0.674035 -3.50713e-08 -3.86148e-08 0.0116769 0.0128567
323.5 -2.19861e-06 2.00499e-06 0.732019 -0.667555 -3.47396e-08 -3.89227e-08 0.0115664 0.0129592
324 -2.21581e-06 1.98538e-06 0.737747 -0.661025 -3.4405e-08 -3.92278e-08 0.011455 0.0130608
324.5 -2.23285e-06 1.96562e-06 0.743418 -0.654444 -3.40677e-08 -3.953e-08 0.0113427 0.0131614
325 -2.24971e-06 1.9457e-06 0.749033 -0.647813 -3.37277e-08 -3.98294e-08 0.0112295 0.013261
325.5 -2.2664e-06 1.92564e-06 0.75459 -0.641134 -3.3385e-08 -4.01258e-08 0.0111154 0.0133597
326 -2.28292e-06 1.90543e-06 0.760091 -0.634405 -3.30396e-08 -4.04193e-08 0.0110004 0.0134574
326.5 -2.29927e-06 1.88507e-06 0.765533 -0.627628 -3.26915e-08 -4.07098e-08 0.0108845 0.0135542
327 -2.31544e-06 1.86457e-06 0.770917 -0.620803 -3.23409e-08 -4.09973e-08 0.0107678 0.0136499
327.5 -2.33143e-06 1.84393e-06 0.776242 -0.613931 -3.19876e-08 -4.12817e-08 0.0106501 0.0137446
328 -2.34725e-06 1.82315e-06 0.781508 -0.607011 -3.16317e-08 -4.15632e-08 0.0105317 0.0138383
328.5 -2.36289e-06 1.80223e-06 0.786714 -0.600046 -3.12733e-08 -4.18416e-08 0.0104123 0.013931
329 -2.37834e-06 1.78117e-06 0.79186 -0.593035 -3.09124e-08 -4.21169e-08 0.0102922 0.0140226
329.5 -2.39362e-06 1.75998e-06 0.796946 -0.585978 -3.0549e-08 -4.2389e-08 0.0101712 0.0141133
330 -2.40871e-06 1.73865e-06 0.80197 -0.578877 -3.01831e-08 -4.26581e-08 0.0100493 0.0142028
330.5 -2.42362e-06 1.71719e-06 0.806934 -0.571731 -2.98148e-08 -4.29239e-08 0.00992671 0.0142914
331 -2.43834e-06 1.69559e-06 0.811835 -0.564541 -2.9444e-08 -4.31866e-08 0.00980327 0.0143788
331.5 -2.45287e-06 1.67387e-06 0.816675 -0.557309 -2.90709e-08 -4.34461e-08 0.00967904 0.0144652
332 -2.46722e-06 1.65202e-06 0.821452 -0.550034 -2.86954e-08 -4.37023e-08 0.00955402 0.0145505
332.5 -2.48138e-06 1.63004e-06 0.826166 -0.542716 -2.83176e-08 -4.39553e-08 0.00942823 0.0146347
333 -2.49535e-06 1.60794e-06 0.830817 -0.535357 -2.79375e-08 -4.4205e-08 0.00930167 0.0147179
333.5 -2.50913e-06 1.58571e-06 0.835404 -0.527957 -2.75551e-08 -4.44514e-08 0.00917435 0.0147999
334 -2.52271e-06 1.56337e-06 0.839927 -0.520517 -2.71704e-08 -4.46945e-08 0.00904629 0.0148809
334.5 -2.5361e-06 1.5409e-06 0.844386 -0.513037 -2.67836e-08 -4.49342e-08 0.00891748 0.0149607
335 -2.5493e-06 1.51831e-06 0.84878 -0.505517 -2.63945e-08 -4.51706e-08 0.00878796 0.0150394
335.5 -2.5623e-06 1.49561e-06 0.853109 -0.497958 -2.60033e-08 -4.54036e-08 0.00865771 0.0151169
336 -2.57511e-06 1.4728e-06 0.857372 -0.490362 -2.561e-08 -4.56332e-08 0.00852675 0.0151934
336.5 -2.58771e-06 1.44987e-06 0.861569 -0.482727 -2.52146e-08 -4.58593e-08 0.0083951 0.0152687
337 -2.60012e-06 1.42683e-06 0.865701 -0.475056 -2.48171e-08 -4.6082e-08 0.00826276 0.0153428
337.5 -2.61233e-06 1.40368e-06 0.869766 -0.467348 -2.44176e-08 -4.63013e-08 0.00812974 0.0154158
338 -2.62434e-06 1.38042e-06 0.873764 -0.459604 -2.40161e-08 -4.6517e-08 0.00799605 0.0154877
338.5 -2.63615e-06 1.35705e-06 0.877695 -0.451825 -2.36126e-08 -4.67293e-08 0.00786171 0.0155583
339 -2.64775e-06 1.33358e-06 0.881558 -0.444011 -2.32071e-08 -4.6938e-08 0.00772672 0.0156278
339.5 -2.65915e-06 1.31001e-06 0.885353 -0.436163 -2.27998e-08 -4.71432e-08 0.00759109 0.0156961
340 -2.67035e-06 1.28634e-06 0.889081 -0.428281 -2.23905e-08 -4.73448e-08 0.00745484 0.0157633
340.5 -2.68133e-06 1.26257e-06 0.89274 -0.420367 -2.19794e-08 -4.75428e-08 0.00731797 0.0158292
341 -2.69212e-06 1.2387e-06 0.89633 -0.41242 -2.15665e-08 -4.77372e-08 0.00718049 0.0158939
341.5 -2.70269e-06 1.21473e-06 0.899851 -0.404441 -2.11518e-08 -4.7928e-08 0.00704242 0.0159574
342 -2.71306e-06 1.19068e-06 0.903303 -0.396431 -2.07354e-08 -4.81152e-08 0.00690377 0.0160198
342.5 -2.72322e-06 1.16653e-06 0.906686 -0.388391 -2.03172e-08 -4.82987e-08 0.00676455 0.0160809
343 -2.73317e-06 1.14229e-06 0.909998 -0.380321 -1.98974e-08 -4.84786e-08 0.00662476 0.0161407
343.5 -2.74291e-06 1.11796e-06 0.91324 -0.372221 -1.94759e-08 -4.86547e-08 0.00648442 0.0161994
344 -2.75243e-06 1.09355e-06 0.916412 -0.364092 -1.90528e-08 -4.88272e-08 0.00634354 0.0162568
344.5 -2.76175e-06 1.06905e-06 0.919513 -0.355936 -1.8628e-08 -4.89959e-08 0.00620214 0.016313
345 -2.77085e-06 1.04447e-06 0.922543 -0.347752 -1.82018e-08 -4.91609e-08 0.00606021 0.0163679
345.5 -2.77974e-06 1.01981e-06 0.925502 -0.339541 -1.7774e-08 -4.93222e-08 0.00591778 0.0164216
346 -2.78841e-06 9.95068e-07 0.928389 -0.331304 -1.73447e-08 -4.94797e-08 0.00577485 0.0164741
346.5 -2.79686e-06 9.70252e-07 0.931205 -0.323041 -1.6914e-08 -4.96334e-08 0.00563144 0.0165252
347 -2.80511e-06 9.4536e-07 0.933949 -0.314754 -1.64818e-08 -4.97833e-08 0.00548756 0.0165752
347.5 -2.81313e-06 9.20395e-07 0.93662 -0.306442 -1.60483e-08 -4.99294e-08 0.00534321 0.0166238
348 -2.82094e-06 8.9536e-07 0.93922 -0.298106 -1.56134e-08 -5.00717e-08 0.00519842 0.0166712
348.5 -2.82853e-06 8.70254e-07 0.941746 -0.289748 -1.51772e-08 -5.02101e-08 0.00505318 0.0167173
349 -2.83589e-06 8.45082e-07 0.9442 -0.281367 -1.47397e-08 -5.03447e-08 0.00490752 0.0167621
349.5 -2.84305e-06 8.19844e-07 0.946581 -0.272964 -1.4301e-08 -5.04755e-08 0.00476145 0.0168056
350 -2.84998e-06 7.94543e-07 0.948888 -0.26454 -1.3861e-08 -5.06024e-08 0.00461497 0.0168479
350.5 -2.85669e-06 7.6918e-07 0.951122 -0.256096 -1.34199e-08 -5.07253e-08 0.00446809 0.0168888
351 -2.86317e-06 7.43758e-07 0.953283 -0.247631 -1.29776e-08 -5.08444e-08 0.00432084 0.0169285
351.5 -2.86944e-06 7.18278e-07 0.955369 -0.239148 -1.25342e-08 -5.09596e-08 0.00417322 0.0169668
352 -2.87549e-06 6.92743e-07 0.957382 -0.230646 -1.20898e-08 -5.10709e-08 0.00402524 0.0170038
352.5 -2.88131e-06 6.67154e-07 0.95932 -0.222126 -1.16443e-08 -5.11782e-08 0.00387692 0.0170396
353 -2.88691e-06 6.41513e-07 0.961185 -0.213589 -1.11978e-08 -5.12816e-08 0.00372826 0.017074
353.5 -2.89228e-06 6.15823e-07 0.962974 -0.205036 -1.07504e-08 -5.1381e-08 0.00357929 0.0171071
354 -2.89743e-06 5.90084e-07 0.964689 -0.196466 -1.0302e-08 -5.14765e-08 0.00343 0.0171389
354.5 -2.90236e-06 5.643e-07 0.966329 -0.187882 -9.85271e-09 -5.1568e-08 0.00328042 0.0171693
355 -2.90706e-06 5.38473e-07 0.967895 -0.179282 -9.40258e-09 -5.16555e-08 0.00313055 0.0171985
355.5 -2.91154e-06 5.12603e-07 0.969385 -0.170669 -8.95163e-09 -5.1739e-08 0.00298041 0.0172263
356 -2.91579e-06 4.86694e-07 0.9708 -0.162043 -8.49991e-09 -5.18185e-08 0.00283001 0.0172528
356.5 -2.91981e-06 4.60747e-07 0.97214 -0.153404 -8.04743e-09 -5.18941e-08 0.00267936 0.0172779
357 -2.92361e-06 4.34764e-07 0.973404 -0.144753 -7.59424e-09 -5.19656e-08 0.00252847 0.0173017
357.5 -2.92718e-06 4.08748e-07 0.974592 -0.136091 -7.14039e-09 -5.20331e-08 0.00237736 0.0173242
358 -2.93052e-06 3.82699e-07 0.975705 -0.127418 -6.68589e-09 -5.20965e-08 0.00222604 0.0173453
358.5 -2.93364e-06 3.56621e-07 0.976743 -0.118736 -6.23079e-09 -5.2156e-08 0.00207452 0.0173651
359 -2.93652e-06 3.30516e-07 0.977704 -0.110044 -5.77513e-09 -5.22114e-08 0.00192281 0.0173836
359.5 -2.93918e-06 3.04384e-07 0.97859 -0.101344 -5.31895e-09 -5.22627e-08 0.00177092 0.0174007
360 -2.94161e-06 2.78229e-07 0.979399 -0.0926354 -4.86228e-09 -5.231e-08 0.00161888 0.0174164
360.5 -2.94382e-06 2.52053e-07 0.980132 -0.08392 -4.40515e-09 -5.23532e-08 0.00146668 0.0174308
361 -2.94579e-06 2.25857e-07 0.98079 -0.075198 -3.94761e-09 -5.23924e-08 0.00131434 0.0174438
361.5 -2.94754e-06 1.99643e-07 0.981371 -0.0664703 -3.48969e-09 -5.24275e-08 0.00116188 0.0174555
362 -2.94905e-06 1.73414e-07 0.981875 -0.0577373 -3.03144e-09 -5.24585e-08 0.00100931 0.0174659
362.5 -2.95034e-06 1.47171e-07 0.982303 -0.0489999 -2.57288e-09 -5.24855e-08 0.00085663 0.0174748
363 -2.9514e-06 1.20917e-07 0.982655 -0.0402587 -2.11406e-09 -5.25084e-08 0.000703866 0.0174825
363.5 -2.95222e-06 9.4653e-08 0.982931 -0.0315143 -1.655e-09 -5.25272e-08 0.000551027 0.0174887
364 -2.95282e-06 6.8382e-08 0.98313 -0.0227675 -1.19576e-09 -5.25419e-08 0.000398124 0.0174936
364.5 -2.95319e-06 4.21057e-08 0.983253 -0.0140189 -7.36369e-10 -5.25526e-08 0.000245171 0.0174972
365 -2.95333e-06 1.58262e-08 0.983299 -0.00526925 -2.7686e-10 -5.25591e-08 9.21794e-05 0.0174994
